-20	13.127014552424397
-19	9.987873583769742
-18	7.5675712037369625
-17	5.692574156349772
-16	4.262538808500014
-15	3.1592388366630924
-14	2.3234663975910284
-13	1.6899225343313287
-12	1.2163796385711911
-11	0.8609171884900834
-10	0.6004265745825834
-9	0.4110167589067539
-8	0.2756079252394814
-7	0.1796442234110873
-6	0.11363987084013069
-5	0.06956357747396155
-4	0.04072882255541731
-3	0.022674912459121066
-2	0.011943787367698295
-1	0.005865783333722113
0	0.0026491121821738558
1	0.0010772529491684722
2	4.233941198396608e-4
3	1.6826127835880314e-4
4	8.295311209421147e-5
5	5.546297427089818e-5
6	4.2334012005562165e-5
7	3.335687400371102e-5
8	2.6336012549836e-5
9	2.0857424248694494e-5
10	1.66822393947723e-5
11	1.3469383637740898e-5
12	1.0407678873829976e-5
13	8.41075567926388e-6
14	6.49841881863068e-6
15	5.257540258811036e-6
16	4.132146739315593e-6
17	3.2912301798492706e-6
18	2.626089582385422e-6
19	2.029335578658043e-6
20	1.6559417141683262e-6
