-20	14.927374315513106
-19	11.290272907403153
-18	8.493594216566525
-17	6.373893850802647
-16	4.751603672859783
-15	3.510193208359945
-14	2.5695861855081747
-13	1.8699509517333244
-12	1.3395718696510606
-11	0.9517365298176881
-10	0.6640864839127132
-9	0.4547775330344045
-8	0.3076106211593736
-7	0.2013841582670495
-6	0.12968307270415524
-5	0.08051902377134855
-4	0.04810110306678873
-3	0.028471689961527342
-2	0.015617603885181998
-1	0.008480158658606185
0	0.0044525624241078966
1	0.0024214575282691443
2	0.0014594762434308056
3	9.524080858292557e-4
4	6.90180663354439e-4
5	5.347706592124149e-4
6	4.1521946823805037e-4
7	3.265327626786571e-4
8	2.638516921730542e-4
9	2.120227065859874e-4
10	1.6687157624174434e-4
11	1.3247441657583445e-4
12	1.047186487002308e-4
13	8.178378778716303e-5
14	6.650352513021807e-5
15	5.229581769796103e-5
16	4.127226884063126e-5
17	3.3841267399316824e-5
18	2.655323226585906e-5
19	2.1187742196968783e-5
20	1.6565751182523873e-5
