-20	0.3204009527295255
-19	0.1548753280127231
-18	0.11678984174155675
-17	0.07945572136207776
-16	0.06062953723246814
-15	0.04492239801750768
-14	0.03509394282298513
-13	0.026625827417262007
-12	0.020020206520505845
-11	0.01809107611444267
-10	0.013445711717630624
-9	0.010095933772766194
-8	0.008943356823803969
-7	0.00672265362818714
-6	0.005154461275947383
-5	0.00469859272788689
-4	0.0037564368624032896
-3	0.002910859771084132
-2	0.002505050665605164
-1	0.0021677288676958933
0	0.001804329839764907
1	0.001576907561574851
2	0.0011536229361492924
3	8.236633283027727e-4
4	5.379194412360419e-4
5	3.313377423313206e-4
6	1.7190866568018634e-4
7	7.86113940144829e-5
8	4.112831296960016e-5
9	2.6511846447870946e-5
10	1.6603963899261806e-5
11	1.3434287814576758e-5
12	1.0885631342946389e-5
13	8.096429392898579e-6
14	6.117982014571696e-6
15	5.254632650077384e-6
16	3.997776300917861e-6
17	3.3344397284572545e-6
18	2.7244364523493462e-6
19	2.128903209397125e-6
20	1.6952117687083618e-6
