-20	0.01644755568718642
-19	0.01325654092027809
-18	0.010397152294711354
-17	0.008296820981913575
-16	0.00670474461285084
-15	0.005333519291588864
-14	0.004054478448489624
-13	0.003356387367552477
-12	0.0026083386597343843
-11	0.002066345540689627
-10	0.0016672849628667468
-9	0.0013198542845818519
-8	0.0010663777302430447
-7	8.523174588486318e-4
-6	6.740707878164309e-4
-5	5.129375362495148e-4
-4	4.0955610349965117e-4
-3	3.295813184276783e-4
-2	2.592540066966136e-4
-1	2.1167091911782112e-4
0	1.68533852687467e-4
1	1.357928778843037e-4
2	1.0454102729057788e-4
3	8.493897477134115e-5
4	6.492747036867155e-5
5	5.2411790694830896e-5
6	4.222141797712135e-5
7	3.262599325381073e-5
8	2.6865948224726082e-5
9	2.125786254822724e-5
10	1.655035590728146e-5
11	1.352249131044543e-5
12	1.0566660394523217e-5
13	8.385247413118342e-6
14	6.5026432919114776e-6
15	5.268814623354391e-6
16	4.145775565534715e-6
17	3.2534650444303746e-6
18	2.6053206448196676e-6
19	2.099322428638302e-6
20	1.6924426640747965e-6
