-20	1.597834945150802
-19	1.4602017289486244
-18	1.2446762373725393
-17	1.1309913848023552
-16	0.9620867775815541
-15	0.7933230131664026
-14	0.6281701921648193
-13	0.48810653753501754
-12	0.3974814551852548
-11	0.29132115029238803
-10	0.22069428561698606
-9	0.1669826514021044
-8	0.12475663249075969
-7	0.09370308849826678
-6	0.0729188744071336
-5	0.055113516749144255
-4	0.044081502629082066
-3	0.03397764110569011
-2	0.027332986554310428
-1	0.021118267786666953
0	0.016744962872230623
1	0.013101448332792398
2	0.010630294283665055
3	0.008449865169027269
4	0.006925776372277203
5	0.0053530152755648115
6	0.004173822551708762
7	0.003420922634710196
8	0.0026484508287361883
9	0.002068158292303032
10	0.0016713243765401706
11	0.0013288779117955523
12	0.0010732535479895144
13	8.48545114674459e-4
14	6.55031387208825e-4
15	5.203209878913027e-4
16	4.148928976551942e-4
17	3.3565941721462914e-4
18	2.713025367498451e-4
19	2.111394053182397e-4
20	1.672476561114403e-4
