-20	0.21778191308041875
-19	0.15848684739755312
-18	0.11952622599786143
-17	0.09116984516481151
-16	0.07302742750238704
-15	0.057871100626265715
-14	0.04322525319220377
-13	0.03422996654540919
-12	0.02766296041821819
-11	0.021372957818359666
-10	0.017069337538715257
-9	0.01341034125418824
-8	0.010635259652767097
-7	0.008464691294613273
-6	0.006953994559164096
-5	0.005347978556535471
-4	0.00423279241385734
-3	0.003387552611049793
-2	0.0026569306359688592
-1	0.002175887169357686
0	0.0017015787804191425
1	0.0013483107322003857
2	0.0010367783988307175
3	8.254722252696832e-4
4	6.645360154058552e-4
5	5.468777017071427e-4
6	4.226602656178106e-4
7	3.300446938270365e-4
8	2.7027573024136667e-4
9	2.0516859455325416e-4
10	1.7195822660686342e-4
11	1.3034802820044113e-4
12	1.0622809702140919e-4
13	8.230222145971764e-5
14	6.574965223921328e-5
15	5.386478427715171e-5
16	4.1659868487382734e-5
17	3.3504322128467275e-5
18	2.619190495982417e-5
19	2.0819586118326394e-5
20	1.668220748086701e-5
