-20	0.017343308378174643
-19	0.013475747006618084
-18	0.01048646823323532
-17	0.008407641632337317
-16	0.006620926652935691
-15	0.0052496451389211765
-14	0.004113419742218504
-13	0.003466801635347533
-12	0.002655462612023144
-11	0.002080644629339743
-10	0.0016472109596313675
-9	0.0013428413097319178
-8	0.0010651972451825125
-7	8.379461301663156e-4
-6	6.663207890703344e-4
-5	5.216861621631629e-4
-4	4.091864050979991e-4
-3	3.338021257471099e-4
-2	2.6803377520284906e-4
-1	2.055242844908046e-4
0	1.6436330274930146e-4
1	1.3106113147534986e-4
2	1.047056666540732e-4
3	8.411201611666533e-5
4	6.359786394334617e-5
5	5.2851679418333096e-5
6	4.1908296385412746e-5
7	3.393103160078736e-5
8	2.601341898727349e-5
9	2.0631924446974418e-5
10	1.6726123176912266e-5
11	1.3131530376533353e-5
12	1.0544207629302353e-5
13	8.316263007503097e-6
14	6.595340637020805e-6
15	5.255942685331316e-6
16	4.109000775003025e-6
17	3.4445623067840407e-6
18	2.607655626430323e-6
19	2.054242354031288e-6
20	1.6555664296996634e-6
