-20	0.15793298971971095
-19	0.12832801261972127
-18	0.10287729709263567
-17	0.08104983886678764
-16	0.06746790361941996
-15	0.05146375131571469
-14	0.04095854753469456
-13	0.03270259322179225
-12	0.026341915024327818
-11	0.02096988738069321
-10	0.016333329355617276
-9	0.013466160390104108
-8	0.010575497761333326
-7	0.008499266673604209
-6	0.006725262732912964
-5	0.005307886729980635
-4	0.004217355115139209
-3	0.003394362980176506
-2	0.002636781169947162
-1	0.002049849565424602
0	0.001638356112934207
1	0.0013142507908728896
2	0.0010469397677113261
3	8.343560040509694e-4
4	6.723401599020888e-4
5	5.34320050000624e-4
6	4.113888724253929e-4
7	3.295315659918122e-4
8	2.6210428086974796e-4
9	2.0856189062583153e-4
10	1.6340560542364e-4
11	1.3059081243176957e-4
12	1.0801948199900601e-4
13	8.341793333774257e-5
14	6.653675687017615e-5
15	5.284888784141597e-5
16	4.158442333494887e-5
17	3.299253690792785e-5
18	2.6231203317458603e-5
19	2.100649478895985e-5
20	1.67684040343631e-5
