-20	1.783492263694944
-19	1.6084488664938623
-18	1.4618482276469558
-17	1.2729007515430102
-16	1.112939175680937
-15	0.9625649701419526
-14	0.8454776299257021
-13	0.6987577458023954
-12	0.5761334386884513
-11	0.45366238634666495
-10	0.35954213784436195
-9	0.29435809966065574
-8	0.2503099855284867
-7	0.21371006828665423
-6	0.1903501414704832
-5	0.19200126738741266
-4	0.1892792980717214
-3	0.20004056570740228
-2	0.22854390478310357
-1	0.2605975624382534
0	0.29780208317693985
1	0.34450071836855284
2	0.3896867916400102
3	0.433366427528308
4	0.46985420209054174
5	0.4949836986188724
6	0.5090095908813852
7	0.5131976481107382
8	0.5107769040575076
9	0.5054457036201361
10	0.49860030896863783
11	0.49112216433745937
12	0.4836317744908666
13	0.4782811152526646
14	0.473909320182192
15	0.46980359000987476
16	0.46644276166164184
17	0.4646516916279494
18	0.4618760386879986
19	0.46071000813350804
20	0.4593243320531025
