-20	333.31146878811757
-19	354.4480531155062
-18	380.6149939453213
-17	412.49391983061463
-16	431.39282528272037
-15	481.04154708989336
-14	520.9017978868939
-13	589.9956718973326
-12	663.9174581676813
-11	753.1838194317721
-10	850.7053107651774
-9	989.640997123571
-8	1137.270474583139
-7	1316.2602390470815
-6	1568.7216089042056
-5	1813.8698563055366
-4	2125.719200553217
-3	2518.680256680974
-2	2951.8829673830137
-1	3515.9119977000923
0	4139.644037848866
1	4934.029058064728
2	5887.5223676721325
3	7061.19059944181
4	8477.388107142842
5	10118.718787840258
6	11961.907709890429
7	13968.931519160276
8	16029.766658755683
9	18086.204890386118
10	20026.302591035834
11	21774.661126831845
12	23304.29559225603
13	24635.550653417653
14	25751.18313091751
15	26702.87899100098
16	27458.00698963422
17	28098.63090687512
18	28604.508023469032
19	29024.053427692037
20	29363.53084006412
