-20	21.87934400625607
-19	22.211614995137026
-18	22.38759382090265
-17	22.438012960985482
-16	22.887873195351684
-15	22.60005870252311
-14	22.867743782915447
-13	23.950682686775114
-12	23.733640440588466
-11	25.186271614491307
-10	26.16196571208353
-9	27.127376906866413
-8	27.870035597268043
-7	29.36979084887734
-6	31.523639263268816
-5	33.26101144995792
-4	35.4590802437856
-3	38.53339079146648
-2	40.98991632781372
-1	45.75396310089152
0	49.30780302088133
1	56.03636144588967
2	63.565257076307674
3	72.13935904051928
4	83.87204478309478
5	97.87121856846805
6	113.06511988997781
7	130.59353234488705
8	147.57581536871893
9	166.0489528353531
10	182.6640556810464
11	197.65049455203837
12	210.80053750867808
13	222.84680057755816
14	231.74572898027884
15	240.80437575918214
16	247.8089772222825
17	253.2192027081824
18	257.94913745483376
19	261.4122955753313
20	264.6198342360887
