-20.0	1.244809825119235
-19.5	0.991092697496923
-19.0	0.7893013196651684
-18.5	0.6287840756283278
-18.0	0.5010770466612975
-17.5	0.3994543945681931
-17.0	0.31857118232661835
-16.5	0.2541796242600673
-16.0	0.2029036668365117
-15.5	0.1620599062325906
-15.0	0.1295153152667079
-14.5	0.10357421152413754
-14.0	0.08288845479442063
-13.5	0.0663860981819047
-13.0	0.05321469925739877
-12.5	0.04269627767794809
-12.0	0.03429152534472256
-11.5	0.02757136738621901
-11.0	0.022194363250858492
-10.5	0.017888747785582085
-10.0	0.014438158900303675
-9.5	0.011670294406683625
-9.0	0.009447896307214477
-8.5	0.00766158448505122
-8.0	0.006224159990069479
-7.5	0.005066076162112097
-7.0	0.00413183783264419
-6.5	0.003377138101049863
-6.0	0.0027665813128447455
-5.5	0.0022718719562124083
-5.0	0.001870373894266512
-4.5	0.0015439639767945601
-4.0	0.001278119670212983
-3.5	0.0010611927366559752
-3.0	8.838308406713247e-4
-2.5	7.385167876834643e-4
-2.0	6.19201317491218e-4
-1.5	5.21010318550886e-4
-1.0	4.4001125682940976e-4
-0.5	3.7302673496438784e-4
0.0	3.1748557893338853e-4
0.5	2.713038220085193e-4
1.0	2.3278952395206108e-4
1.5	2.0056661004680702e-4
2.0	1.7351390512217098e-4
2.5	1.50716323684828e-4
3.0	1.3142579871731983e-4
3.5	1.1503001979410719e-4
4.0	1.0102743025769931e-4
4.5	8.900722338545073e-5
5.0	7.863329728289834e-5
5.5	6.963129713914647e-5
6.0	6.177801304406517e-5
6.5	5.489253361110868e-5
7.0	4.882869658052519e-5
7.5	4.346853068519954e-5
8.0	3.871653378689624e-5
8.5	3.449475234821114e-5
9.0	3.0738688992046036e-5
9.5	2.73940586077458e-5
10.0	2.441435636683322e-5
10.5	2.1759129500379888e-5
11.0	1.939279499599156e-5
11.5	1.7283835778602793e-5
12.0	1.5404233658549476e-5
12.5	1.3729042977943802e-5
13.0	1.2236041453972683e-5
13.5	1.0905441255954735e-5
14.0	9.719637881677368e-6
14.5	8.662994762596685e-6
15.0	7.721653416752796e-6
15.5	6.88335800445993e-6
16.0	6.137283132546212e-6
16.5	5.473858065286758e-6
17.0	4.8845880328327295e-6
17.5	4.361880767764959e-6
18.0	3.898890310636925e-6
18.5	3.489388964140295e-6
19.0	3.1276730493860947e-6
19.5	2.808501461944794e-6
20.0	2.5270605989159136e-6
