-20.0	0.6224049125596175
-19.5	0.4955463487484615
-19.0	0.3946506598325842
-18.5	0.3143920378141639
-18.0	0.25053852333064874
-17.5	0.19972719728409655
-17.0	0.15928559116330918
-16.5	0.12708981213003365
-16.0	0.10145183341825585
-15.5	0.0810299531162953
-15.0	0.06475765763335395
-14.5	0.05178710576206877
-14.0	0.04144422739721031
-13.5	0.03319304909095235
-13.0	0.026607349628699387
-12.5	0.021348138838974046
-12.0	0.01714576267236128
-11.5	0.013785683693109506
-11.0	0.011097181625429246
-10.5	0.008944373892791043
-10.0	0.0072190794501518375
-9.5	0.005835147203341813
-9.0	0.004723948153607238
-8.5	0.00383079224252561
-8.0	0.0031120799950347393
-7.5	0.0025330380810560486
-7.0	0.002065918916322095
-6.5	0.0016885690505249315
-6.0	0.0013832906564223727
-5.5	0.0011359359781062041
-5.0	9.35186947133256e-4
-4.5	7.719819883972801e-4
-4.0	6.390598351064915e-4
-3.5	5.305963683279876e-4
-3.0	4.4191542033566235e-4
-2.5	3.6925839384173214e-4
-2.0	3.09600658745609e-4
-1.5	2.60505159275443e-4
-1.0	2.2000562841470488e-4
-0.5	1.8651336748219392e-4
0.0	1.5874278946669427e-4
0.5	1.3565191100425964e-4
1.0	1.1639476197603054e-4
1.5	1.0028330502340351e-4
2.0	8.675695256108549e-5
2.5	7.5358161842414e-5
3.0	6.571289935865992e-5
3.5	5.7515009897053596e-5
4.0	5.0513715128849654e-5
4.5	4.4503611692725366e-5
5.0	3.931664864144917e-5
5.5	3.4815648569573235e-5
6.0	3.0889006522032584e-5
6.5	2.744626680555434e-5
7.0	2.4414348290262594e-5
7.5	2.173426534259977e-5
8.0	1.935826689344812e-5
8.5	1.724737617410557e-5
9.0	1.5369344496023018e-5
9.5	1.36970293038729e-5
10.0	1.220717818341661e-5
10.5	1.0879564750189944e-5
11.0	9.69639749799578e-6
11.5	8.641917889301397e-6
12.0	7.702116829274738e-6
12.5	6.864521488971901e-6
13.0	6.118020726986342e-6
13.5	5.4527206279773675e-6
14.0	4.859818940838684e-6
14.5	4.3314973812983425e-6
15.0	3.860826708376398e-6
15.5	3.441679002229965e-6
16.0	3.068641566273106e-6
16.5	2.736929032643379e-6
17.0	2.4422940164163648e-6
17.5	2.1809403838824794e-6
18.0	1.9494451553184623e-6
18.5	1.7446944820701476e-6
19.0	1.5638365246930473e-6
19.5	1.404250730972397e-6
20.0	1.2635302994579568e-6
