-20.0	0.34853172679081135
-19.5	0.3108976913531797
-19.0	0.2773561191142639
-18.5	0.24746193397674338
-18.0	0.22081845850255116
-17.5	0.19707215025663277
-17.0	0.17590791052924445
-16.5	0.15704490318720318
-16.0	0.1402328281735835
-15.5	0.1252486002090063
-15.0	0.11189338862422284
-14.5	0.09998997904653222
-14.0	0.08938042193361073
-13.5	0.07992393675536968
-13.0	0.07149504401726131
-12.5	0.06398190034301196
-12.0	0.057284814530216804
-11.5	0.05131492489481834
-11.0	0.04599302036301147
-10.5	0.04124848967785889
-10.0	0.03701838479099055
-9.5	0.033246586027718
-9.0	0.029883057968093697
-8.5	0.026883186194586586
-8.0	0.024207186134805908
-7.5	0.02181957619086795
-7.0	0.019688708206506568
-6.5	0.017786349091712082
-6.0	0.016087308111836923
-5.5	0.014569104963924688
-5.0	0.013211674312863228
-4.5	0.011997102953648295
-4.0	0.010909396207384138
-3.5	0.009934270551303907
-3.0	0.009058969834529642
-2.5	0.008272102737944003
-2.0	0.007563499405659637
-1.5	0.0069240854010773544
-1.0	0.00634577132644752
-0.5	0.005821356583274204
0.0	0.005344445844080009
0.5	0.00490937684739682
1.0	0.004511158116513972
1.5	0.004145415139864966
2.0	0.0038083434469878314
2.5	0.0034966668783070727
3.0	0.0032075992053824127
3.5	0.0029388071556432607
4.0	0.0026883728724114227
4.5	0.0024547539589374924
5.0	0.002236739587498425
5.5	0.002033401720875807
6.0	0.0018440413478640985
6.5	0.0016681307003505335
7.0	0.0015052536111206456
7.5	0.0013550472905181723
8.0	0.0012171495856102433
8.5	0.0010911559851221045
9.0	9.765900356984432e-4
9.5	8.728893982913751e-4
10.0	7.79407676919832e-4
10.5	6.954298194985337e-4
11.0	6.201966524108297e-4
11.5	5.529347000510151e-4
12.0	4.92881981702943e-4
12.5	4.3931180218670027e-4
13.0	3.9154752142874167e-4
13.5	3.489702935655023e-4
14.0	3.110209526205913e-4
14.5	2.7719790992069594e-4
15.0	2.470529345224115e-4
15.5	2.2018616555777477e-4
16.0	1.9624112736962244e-4
16.5	1.7490008894397108e-4
17.0	1.5587986835679428e-4
17.5	1.3892807890944145e-4
18.0	1.238197806611237e-4
18.5	1.1035449567372863e-4
19.0	9.83535477964122e-5
19.5	8.765769174238439e-5
20.0	7.812500000020694e-5
