-20	0.5000000003077996
-19	0.3971641176060018
-18	0.3154786724331718
-17	0.2505936169663733
-16	0.19905358539744694
-15	0.15811388310367125
-14	0.12559432165052373
-13	0.09976311580744283
-12	0.0792446596693156
-11	0.06294627062585867
-10	0.05000000002813065
-9	0.03971641175798788
-8	0.031547867240750496
-7	0.025059361694126658
-6	0.01990535853730243
-5	0.015811388308007726
-4	0.012559432162792422
-3	0.009976311578602223
-2	0.007924465964927227
-1	0.0062946270607393984
0	0.00500000000114366
1	0.003971641174322607
2	0.0031547867228030025
3	0.0025059361683482185
4	0.0019905358528678686
5	0.001581138830125798
6	0.0012559432157693614
7	9.976311574885694e-4
8	7.924465962314509e-4
9	6.294627058972213e-4
10	5.00000000000014e-4
11	3.9716411736214125e-4
12	3.1547867224009644e-4
13	2.505936168136363e-4
14	1.990535852767482e-4
15	1.581138830084189e-4
16	1.255943215754789e-4
17	9.976311574844392e-5
18	7.924465962305557e-5
19	6.294627058959749e-5
20	4.99999985279737e-5
