-20.0	0.05374416748259911
-19.5	0.04790483283197474
-19.0	0.04270052035208435
-18.5	0.03806217197467917
-18.0	0.033928239631489075
-17.5	0.030243868548491995
-17.0	0.026960169356255278
-16.5	0.0240335693574885
-16.0	0.021425234343536145
-15.5	0.01910055328771758
-15.0	0.017028679077579836
-14.5	0.015182119191930892
-14.0	0.013536370891034748
-13.5	0.012069596079229281
-13.0	0.010762331525389142
-12.5	0.009597230596045475
-12.0	0.008558833073916446
-11.5	0.0076333600073524325
-11.0	0.006808530868233992
-10.5	0.006073400591836545
-10.0	0.005418214335901583
-9.5	0.004834278031173309
-9.0	0.004313843005063246
-8.5	0.0038500031466444213
-8.0	0.003436603247408524
-7.5	0.003068157300192146
-7.0	0.002739775670517906
-6.5	0.0024471001718842974
-6.0	0.0021862461809577026
-5.5	0.001953751021478749
-5.0	0.0017465279282792377
-4.5	0.0015618249762393076
-4.0	0.0013971884243575605
-3.5	0.0012504299833444401
-3.0	0.0011195975672775743
-2.5	0.0010029491369149433
-2.0	8.98929285364092e-4
-1.5	8.06148257322778e-4
-1.0	7.233631326277754e-4
-0.5	6.494609454128439e-4
0.0	5.834435542503358e-4
0.5	5.244141291018629e-4
1.0	4.715651807002069e-4
1.5	4.241681292846044e-4
2.0	3.815644919888812e-4
2.5	3.431588553088493e-4
3.0	3.084138736989747e-4
3.5	2.768475632807209e-4
4.0	2.4803308559744725e-4
4.5	2.2160096851870067e-4
5.0	1.9724322638885097e-4
5.5	1.74718118645006e-4
6.0	1.5385346631385444e-4
6.5	1.345458694387213e-4
7.0	1.1675332490717946e-4
7.5	1.0048003113902949e-4
8.0	8.575451097821038e-5
8.5	7.260479685098206e-5
9.0	6.103603192519486e-5
9.5	5.101545310096025e-5
10.0	4.2467377267466845e-5
10.5	3.527765365917356e-5
11.0	2.9304559001854177e-5
11.5	2.439219286438397e-5
12.0	2.0383004251705915e-5
12.5	1.7127442604425076e-5
13.0	1.4490114948303966e-5
13.5	1.2352791386610294e-5
14.0	1.0615063305457836e-5
14.5	9.193525509111116e-6
15.0	8.020203979146161e-6
15.5	7.040717617102561e-6
16.0	6.2124306799211805e-6
16.5	5.502674411889433e-6
17.0	4.887022717944943e-6
17.5	4.347603496230606e-6
18.0	3.871484058735576e-6
18.5	3.4492271628805e-6
19.0	3.0737219130825837e-6
19.5	2.7393426155172456e-6
20.0	2.4414139042482815e-6
