-20.0	0.0397029098380551
-19.5	0.0354212104900063
-19.0	0.03160511476192509
-18.5	0.028203985407152136
-18.0	0.02517269153717062
-17.5	0.022471009763790333
-17.0	0.020063090461315568
-16.5	0.017916982066429474
-16.0	0.016004207103650258
-15.5	0.014299384310681795
-15.0	0.012779891849666845
-14.5	0.011425567135651323
-14.0	0.01021843929948641
-13.5	0.009142490735534829
-13.0	0.008183444570553491
-12.5	0.007328575234249247
-12.0	0.0065665396186806915
-11.5	0.005887226587041317
-11.0	0.005281622836149591
-10.5	0.004741693334156607
-10.0	0.004260274748793287
-9.5	0.0038309804542325477
-9.0	0.0034481158587817444
-8.5	0.0031066029331587655
-8.0	0.002801912941826549
-7.5	0.0025300064895761865
-7.0	0.0022872800934865952
-6.5	0.0020705185780259066
-6.0	0.0018768526694470113
-5.5	0.0017037212359373925
-5.0	0.0015488376827932564
-4.5	0.001410160068341151
-4.0	0.0012858645568267634
-3.5	0.0011743218694154163
-3.0	0.0010740764346630631
-2.5	9.838279748055493e-4
-2.0	9.02415294810273e-4
-1.5	8.288020665070923e-4
-1.0	7.620644206885295e-4
-0.5	7.013801747757301e-4
0.0	6.460195326888173e-4
0.5	5.953370960427455e-4
1.0	5.487650215531553e-4
1.5	5.058071487271222e-4
2.0	4.6603390581314696e-4
2.5	4.2907778188900947e-4
3.0	3.946291323034876e-4
3.5	3.624320693841532e-4
4.0	3.322801858585945e-4
4.5	3.040118730420591e-4
5.0	2.775050392005155e-4
5.5	2.5267110846481037e-4
6.0	2.2944829413764487e-4
6.5	2.0779428228376168e-4
7.0	1.876786203859522e-4
7.5	1.6907525507721998e-4
8.0	1.5195576765652705e-4
8.5	1.3628388232257395e-4
9.0	1.220117415853712e-4
9.5	1.0907825050743484e-4
10.0	9.74095103023348e-5
10.5	8.692104908128448e-5
11.0	7.752125961131711e-5
11.5	6.91155174058595e-5
12.0	6.160977070680684e-5
12.5	5.491382031524148e-5
13.0	4.8943395495289075e-5
13.5	4.362127542089939e-5
14.0	3.887761662781721e-5
14.5	3.464973828992636e-5
15.0	3.088161674674584e-5
15.5	2.7523270686264528e-5
16.0	2.453014092038136e-5
16.5	2.186251111793662e-5
17.0	1.948498354459839e-5
17.5	1.73660098636817e-5
18.0	1.547747258264217e-5
18.5	1.3794311959217543e-5
19.0	1.2294193474551472e-5
19.5	1.0957211467799513e-5
20.0	9.765625000028876e-6
