-20.0	0.0054858822490891695
-19.5	0.004894334250390699
-19.0	0.00436711060034829
-18.5	0.003897215370601993
-18.0	0.0034784133484537286
-17.5	0.0031051472999807776
-17.0	0.002772464229675144
-16.5	0.0024759496581484345
-16.0	0.0022116690458571925
-15.5	0.00197611558563821
-15.0	0.001766163671363585
-14.5	0.001579027425368983
-14.0	0.001412223734446548
-13.5	0.0012635393040613305
-13.0	0.0011310012937847725
-12.5	0.0010128511445161483
-12.0	9.075212504508908e-4
-11.5	8.136141665660987e-4
-11.0	7.298840761108338e-4
-10.5	6.552202726490305e-4
-10.0	5.886324380390243e-4
-9.5	5.292375216716328e-4
-9.0	4.762480476624752e-4
-8.5	4.2896169578394923e-4
-8.0	3.8675201897463255e-4
-7.5	3.490601755116574e-4
-7.0	3.153875675572352e-4
-6.5	2.852892899674308e-4
-6.0	2.583683041224306e-4
-5.5	2.342702612355793e-4
-5.0	2.1267890817612594e-4
-4.5	1.933120164189478e-4
-4.0	1.7591778132124272e-4
-3.5	1.6027164452548617e-4
-3.0	1.4617349695639646e-4
-2.5	1.3344522350389526e-4
-2.0	1.2192855313125936e-4
-1.5	1.1148317971163279e-4
-1.0	1.0198511947918953e-4
-0.5	9.332527058931891e-5
0.0	8.540813920092201e-5
0.5	7.815069502425691e-5
1.0	7.148131798804735e-5
1.5	6.533879733139968e-5
2.0	5.967134601650567e-5
2.5	5.44355978307623e-5
3.0	4.959556282532338e-5
3.5	4.5121529439373185e-5
4.0	4.09889183856201e-5
4.5	3.7177112809448116e-5
5.0	3.3668308930147594e-5
5.5	3.0446447071680708e-5
6.0	2.749629090829498e-5
6.5	2.480271844412439e-5
7.0	2.235027026271192e-5
7.5	2.0122970262588635e-5
8.0	1.810439669712471e-5
8.5	1.627794562071073e-5
9.0	1.4627204077837854e-5
9.5	1.3136343625143701e-5
10.0	1.1790457634928498e-5
10.5	1.057579353104407e-5
11.0	9.479860338818269e-6
11.5	8.491446578616952e-6
12.0	7.600513323544084e-6
12.5	6.798089103901339e-6
13.0	6.076117582001418e-6
13.5	5.427311377357879e-6
14.0	4.845022898946918e-6
14.5	4.323138735445555e-6
15.0	3.856001496956644e-6
15.5	3.438358837130535e-6
16.0	3.0653356342732244e-6
16.5	2.732422500974724e-6
17.0	2.4354725456346814e-6
17.5	2.1706989120575767e-6
18.0	1.9346677907704948e-6
18.5	1.7242845230171927e-6
19.0	1.5367731166545038e-6
19.5	1.3696512156384786e-6
20.0	1.220703087742664e-6
