-20.0	80.67016789512374
-19.5	71.8632901574368
-19.0	64.00786224711106
-18.5	57.00008568454538
-18.0	50.74744359013547
-17.5	45.16747700014176
-17.0	40.18669532077907
-16.5	35.739606576651646
-16.0	31.76785470543877
-15.5	28.219452574488837
-15.0	25.04810064478072
-14.5	22.212582314037313
-14.0	19.676227916720716
-13.5	17.406440156770387
-13.0	15.37427438467039
-12.5	13.55406759964575
-12.0	11.92311034295002
-11.5	10.461355746584196
-11.0	9.15115992011028
-10.5	7.977047631167577
-10.0	6.925496944523453
-9.5	5.9847362753021285
-9.0	5.144547402346321
-8.5	4.396068658859968
-8.0	3.7315940690275835
-7.5	3.1443668479738083
-7.0	2.628369424376729
-6.5	2.1781166006780395
-6.0	1.788462794552031
-5.5	1.454437281661234
-5.0	1.1711216868620498
-4.5	0.9335807888533479
-4.0	0.7368511123654957
-3.5	0.5759830869936907
-3.0	0.44612399422846266
-2.5	0.3426229178506758
-2.0	0.2611371050242349
-1.5	0.1977217809104812
-1.0	0.14889137268092226
-0.5	0.11164730155623825
0.0	0.08347401575666705
0.5	0.06230944863155419
1.0	0.046498180882565174
1.5	0.034735594392521815
2.0	0.026009948225367435
2.5	0.019547349221003922
3.0	0.014762620860444638
3.5	0.011217439471288698
4.0	0.0085859343084994
4.5	0.006627220879118365
5.0	0.005163966511055809
5.5	0.0040659661966102574
6.0	0.0032377389176674173
6.5	0.002609266774107091
7.0	0.0021291420603656093
7.5	0.0017595314925861988
8.0	0.0014724967366116146
8.5	0.001247319866574881
9.0	0.0010685700900309816
9.5	9.247151869851057e-4
10.0	8.071300289341279e-4
10.5	7.09388729537133e-4
11.0	6.2675124253671e-4
11.5	5.557753496871002e-4
12.0	4.940055917035558e-4
12.5	4.3971252886143265e-4
13.0	3.9167467031934414e-4
13.5	3.490056615850636e-4
14.0	3.1102943744612803e-4
14.5	2.77199633737538e-4
15.0	2.470532251226596e-4
15.5	2.2018620528872808e-4
16.0	1.9624113166335878e-4
16.5	1.7490008930019926e-4
17.0	1.5587986837856756e-4
17.5	1.3892807891025018e-4
18.0	1.2381978066105463e-4
18.5	1.1035449567365385e-4
19.0	9.835354779641896e-5
19.5	8.765769174234085e-5
20.0	7.812500000000106e-5
