-20.0	10.654774654589298
-19.5	9.500820528256696
-19.0	8.472357838249883
-18.5	7.555739504550883
-18.0	6.738802554068883
-17.5	6.0107067250108175
-17.0	5.361790623008504
-16.5	4.783443519974247
-16.0	4.2679910945667325
-15.5	3.8085935981723895
-15.0	3.3991550949532336
-14.5	3.034242571724735
-14.0	2.7090138440860883
-13.5	2.419153302246178
-13.0	2.1608146436356312
-12.5	1.930569832406114
-12.0	1.725363608228407
-11.5	1.5424729405411706
-11.0	1.3794708898425505
-10.5	1.2341943960164123
-10.0	1.1047155656160423
-9.5	0.9893160762634677
-9.0	0.8864643574017569
-8.5	0.7947952430811371
-8.0	0.7130918248333732
-7.5	0.6402692611904004
-7.0	0.5753603256003743
-6.5	0.5175024964646903
-6.0	0.46592641217398445
-5.5	0.4199455304664453
-5.0	0.3789468454090377
-4.5	0.3423825270366307
-4.0	0.30976235848468664
-3.5	0.2806468538584087
-3.0	0.25464094804536325
-2.5	0.23138815895378737
-2.0	0.2105651362782015
-1.5	0.19187653414740358
-1.0	0.1750501863772947
-0.5	0.15983263550914595
0.0	0.14598518801833205
0.5	0.13328085765220649
1.0	0.12150282806109695
1.5	0.11044539228822277
2.0	0.09991860661834531
2.5	0.08975787991234331
3.0	0.07983897511203204
3.5	0.0700969312075273
4.0	0.060544112076982654
4.5	0.05127901890848833
5.0	0.04247640269468479
5.5	0.03435382775197169
6.0	0.027120486771118772
6.5	0.02092520488489676
7.0	0.015823447379523414
7.5	0.011774090257880529
8.0	0.008661971737051995
8.5	0.006332290007084637
9.0	0.004622670720099472
9.5	0.0033850105178325016
10.0	0.0024960295105871826
10.5	0.0018593656523224877
11.0	0.0014029024217021818
11.5	0.0010742312581187583
12.0	8.359754310389109e-4
12.5	6.617637498434806e-4
13.0	5.330749220803441e-4
13.5	4.368985524595153e-4
14.0	3.640612425748645e-4
14.5	3.0805580906632533e-4
15.0	2.642353534433293e-4
15.5	2.2926482093740727e-4
16.0	2.0074978529652267e-4
16.5	1.7698297149670736e-4
17.0	1.5676504524525945e-4
17.5	1.392700163409439e-4
18.0	1.2393830940863554e-4
18.5	1.1039085332628193e-4
19.0	9.836326660197392e-5
19.5	8.765991768080255e-5
20.0	7.812542863867607e-5
