-20.0	0.34724727584783377
-19.5	0.3095361884826038
-19.0	0.2759131629556346
-18.5	0.24593287487928894
-18.0	0.21919839300715088
-17.5	0.1953559174208471
-17.0	0.17409009084554108
-16.5	0.1551198210379997
-16.0	0.1381945590017822
-15.5	0.12309098387463667
-15.0	0.10961005075169268
-14.5	0.09757436256804033
-14.0	0.0868258314828144
-13.5	0.07722359906198002
-13.0	0.0686421879709691
-12.5	0.060969860901871294
-12.0	0.054107165075811356
-11.5	0.04796564289011541
-11.0	0.042466691109982586
-10.5	0.03754055241231564
-10.0	0.033125424049080206
-9.5	0.029166668889438356
-9.0	0.025616114127693355
-8.5	0.022431422567012305
-8.0	0.019575520765157818
-7.5	0.01701606774752714
-7.0	0.014724947916304071
-6.5	0.01267777283237632
-6.0	0.010853379420858322
-5.5	0.009233317446416766
-5.0	0.007801327020322566
-4.5	0.006542816889875002
-4.0	0.005444364777173892
-3.5	0.004493269572339177
-3.0	0.00367718879503014
-2.5	0.0029838910148188937
-2.0	0.0024011411848808804
-1.5	0.0019167189299743868
-1.0	0.0015185499369594993
-0.5	0.001194914017650142
0.0	9.34684608756704e-4
0.5	7.275553904124288e-4
1.0	5.642191905605361e-4
1.5	4.364788733821339e-4
2.0	3.3728515994996044e-4
2.5	2.60708740964819e-4
3.0	2.018617338218982e-4
3.5	1.5678636612720772e-4
4.0	1.2232779254003085e-4
4.5	9.600470734774637e-5
5.0	7.58873344977417e-5
5.5	6.048848292380947e-5
6.0	4.867020214031562e-5
6.5	3.9566336307281625e-5
7.0	3.251989018439194e-5
7.5	2.703341068040174e-5
8.0	2.273035048219505e-5
8.5	1.9325433972730055e-5
9.0	1.660224720186333e-5
9.5	1.4396520138871777e-5
10.0	1.2583796278144094e-5
10.5	1.1070366971245242e-5
11.0	9.786501562160744e-6
11.5	8.681175018582091e-6
12.0	7.717720859957896e-6
12.5	6.870108669278054e-6
13.0	6.119789461729169e-6
13.5	5.4531779335002425e-6
14.0	4.859826407380297e-6
14.5	4.331242534017726e-6
15.0	3.8602063478308895e-6
15.5	3.4404094172366884e-6
16.0	3.0662676778632377e-6
16.5	2.732813894951499e-6
17.0	2.435622943392591e-6
17.5	2.170751232971658e-6
18.0	1.9346840728289464e-6
18.5	1.7242889949008395e-6
19.0	1.5367741843190462e-6
19.5	1.3696514334740747e-6
20.0	1.2207031250000146e-6
