-20.0	12.238055004109546
-19.5	9.864013847063616
-19.0	7.945814981638854
-18.5	6.397124023961775
-18.0	5.147672650285958
-17.5	4.140335032342786
-17.0	3.328721237126546
-16.5	2.6751995360603527
-16.0	2.149273830360345
-15.5	1.726254509853971
-15.0	1.3861713128737871
-14.5	1.112885403325976
-14.0	0.8933651563378283
-13.5	0.7170962462114066
-13.0	0.5756017348878191
-12.5	0.46205211759809256
-12.0	0.37094882620459224
-11.5	0.29786763268125244
-11.0	0.23925083196235084
-10.5	0.19223909728196972
-10.0	0.15453556210415242
-9.5	0.12429604993161628
-9.0	0.10004049652663209
-8.5	0.08058153026557145
-8.0	0.06496693053953684
-7.5	0.052433300588950724
-7.0	0.04236879429377203
-6.5	0.0342831464774736
-6.0	0.02778358998691115
-5.5	0.022555514037637493
-5.0	0.01834693848945651
-4.5	0.014956057239871277
-4.0	0.012221248512808366
-3.5	0.010013066803688018
-3.0	0.00822782579669693
-2.5	0.0067824579249835
-2.0	0.005610397848811458
-1.5	0.004658286789854355
-1.0	0.0038833346665998504
-0.5	0.0032512091824227645
0.0	0.0027343469298619495
0.5	0.002310602411584137
1.0	0.0019621676264507007
1.5	0.0016747083226910245
2.0	0.0014366738170682924
2.5	0.0012387459269973303
3.0	0.001073399462773837
3.5	9.3455219408057e-4
4.0	8.172864884879426e-4
4.5	7.176281289885523e-4
5.0	6.323703499414143e-4
5.5	5.589330960657404e-4
6.0	4.952491404299237e-4
6.5	4.396702274410556e-4
7.0	3.90888006797383e-4
7.5	3.478662234533567e-4
8.0	3.09782271027277e-4
8.5	2.759775106976717e-4
9.0	2.459164295219311e-4
9.5	2.191546782562736e-4
10.0	1.9531547785155037e-4
10.5	1.7407319173754583e-4
11.0	1.551423924655573e-4
11.5	1.382706889314097e-4
12.0	1.2323386031218924e-4
12.5	1.0983229052384449e-4
13.0	9.788813160682107e-5
13.5	8.724288909449554e-5
14.0	7.775530674885557e-5
14.5	6.929949008468724e-5
15.0	6.176323555016426e-5
15.5	5.504654162625865e-5
16.0	4.906028186542218e-5
16.5	4.372502223766304e-5
17.0	3.896996708923629e-5
17.5	3.473201972732272e-5
18.0	3.0954945165256345e-5
18.5	2.7588623918413327e-5
19.0	2.458838694910474e-5
19.5	2.1914422935585222e-5
20.0	1.953125000000029e-5
