-20.0	161.34029669270652
-19.5	143.72654739122873
-19.0	128.0156967737078
-18.5	114.00014803414453
-18.0	101.49486754142478
-17.5	90.33493747755647
-17.0	80.37337674583884
-16.5	71.47920147311666
-16.0	63.53569959977297
-15.5	56.43889691424761
-15.0	50.09619438448236
-14.5	44.4251588448619
-14.0	39.35245099687466
-13.5	34.81287627591416
-13.0	30.748545405650486
-12.5	27.108132404146858
-12.0	23.846218370123932
-11.5	20.92270958122969
-11.0	18.302318268312657
-10.5	15.954093976161785
-10.0	13.85099284251054
-9.5	11.969471704468509
-9.0	10.289094125537607
-8.5	8.792136777032693
-8.0	7.463187711513463
-7.5	6.288733362811013
-7.0	5.256738591385464
-6.5	4.356233004827685
-6.0	3.5769254408730857
-5.5	2.908874452932314
-5.0	2.3422432925702017
-4.5	1.8671615188083697
-4.0	1.4737021825135435
-3.5	1.1519661440803397
-3.0	0.8922479674982485
-2.5	0.6852458211526474
-2.0	0.5222742000306855
-1.5	0.39544355496730665
-1.0	0.29778274069524024
-0.5	0.2232945999447976
0.0	0.1669480293663055
0.5	0.12461889580791118
1.0	0.09299636077758648
1.5	0.0694711881133183
2.0	0.052019895992447565
2.5	0.03909469812822646
3.0	0.029525241505257448
3.5	0.022434878793859057
4.0	0.01717186851411069
4.5	0.013254441686887905
5.0	0.010327932972577399
5.5	0.008131932358843814
6.0	0.0064754778115365536
6.5	0.005218533531822225
7.0	0.004258284109534022
7.5	0.003519062977617217
8.0	0.0029449934682119505
8.5	0.0024946397299008293
9.0	0.002137140178016683
9.5	0.0018494303727296531
10.0	0.0016142600571495015
10.5	0.001418777458680238
11.0	0.0012535024848738347
11.5	0.0011115506992758362
12.0	9.880111833654806e-4
12.5	8.79425057705457e-4
13.0	7.833493406322284e-4
13.5	6.980113231693085e-4
14.0	6.220588748919363e-4
14.5	5.543992674749775e-4
15.0	4.941064502453019e-4
15.5	4.40372410577462e-4
16.0	3.9248226332671193e-4
16.5	3.4980017860039906e-4
17.0	3.1175973675713126e-4
17.5	2.778561578205003e-4
18.0	2.476395613221078e-4
18.5	2.2070899134730984e-4
19.0	1.9670709559283843e-4
19.5	1.7531538348468167e-4
20.0	1.5625000000000114e-4
