-20.0	5.736627683315262
-19.5	5.118109884594321
-19.0	4.566855352905837
-18.5	4.075549251481288
-18.0	3.637672224079473
-17.5	3.2474138853015098
-17.0	2.899595719393599
-16.5	2.589602362948642
-16.0	2.3133203598311285
-15.5	2.067083575917801
-15.0	1.8476245484857898
-14.5	1.6520311251151722
-14.0	1.4777078156519943
-13.5	1.3223413447667731
-13.0	1.1838699464935718
-12.5	1.06045599323078
-12.0	0.9504615943194533
-11.5	0.8524268391644758
-11.0	0.7650503939377733
-10.5	0.687172191586452
-10.0	0.6177579815272867
-9.5	0.5558855287923733
-9.0	0.5007322723974207
-8.5	0.45156426943181266
-8.0	0.407726265399474
-7.5	0.36863274166713894
-7.0	0.33375979859011495
-6.5	0.30263773697714563
-6.0	0.2748442021463953
-5.5	0.249997754371686
-5.0	0.2277517296898408
-4.5	0.20778826132109993
-4.0	0.18981235536683527
-3.5	0.17354597621245618
-3.0	0.15872223462205962
-2.5	0.14508004579921843
-2.0	0.13236012072860565
-1.5	0.12030395816370108
-1.0	0.1086586135680035
-0.5	0.09719112234702082
0.0	0.0857165413708343
0.5	0.07414061939335805
1.0	0.0625096683231647
1.5	0.051046430442268136
2.0	0.04013963513830841
2.5	0.03026324279677463
3.0	0.021839438552780244
3.5	0.01510632515894762
4.0	0.010060188955962434
4.5	0.0064946711954494704
5.0	0.004097988606188107
5.5	0.0025488069333433915
6.0	0.0015751716340213805
6.5	9.740706015094863e-4
7.0	6.062665087446971e-4
7.5	3.8157583857067855e-4
8.0	2.4373584996462933e-4
8.5	1.5844102643525692e-4
9.0	1.0502572613904315e-4
9.5	7.109191931846329e-5
10.0	4.918814544584843e-5
10.5	3.480833267979345e-5
11.0	2.520208980377767e-5
11.5	1.8671091242332488e-5
12.0	1.415269444847211e-5
12.5	1.0972369105881221e-5
13.0	8.695371640886197e-6
13.5	7.037020122559888e-6
14.0	5.8078330031089616e-6
14.5	4.879618976530174e-6
15.0	4.164310194182495e-6
15.5	3.6006419441419585e-6
16.0	3.1456999004851634e-6
16.5	2.769469661701441e-6
17.0	2.451191296033643e-6
17.5	2.176763287417029e-6
18.0	1.9367677788924e-6
18.5	1.7249281145698322e-6
19.0	1.5369450243215218e-6
19.5	1.3696905613939194e-6
20.0	1.220710659668186e-6
