-20.0	0.26040831718605556
-19.5	0.23215419963609293
-19.0	0.20697269083919925
-18.5	0.1845296474507964
-18.0	0.16452726389516123
-17.5	0.1467001206664046
-17.0	0.1308116623691497
-16.5	0.11665105877063796
-16.0	0.10403040720735636
-15.5	0.09278223922713418
-15.0	0.08275729837772461
-14.5	0.07382255965720956
-14.0	0.06585946434213846
-13.5	0.058762346771795024
-13.0	0.052437032210216825
-12.5	0.04679958718059432
-12.0	0.04177520568638629
-11.5	0.037297216538126385
-11.0	0.03330619861004135
-10.5	0.02974919228190178
-10.0	0.02657899659676067
-9.5	0.023753542799777698
-9.0	0.02123533593574923
-8.5	0.018990957081770128
-8.0	0.016990619592676656
-7.5	0.015207773448040349
-7.0	0.013618752421560402
-6.5	0.012202459353353397
-6.0	0.010940085301437395
-5.5	0.009814858785663702
-5.0	0.008811821722593649
-4.5	0.00791762898748603
-4.0	0.007120368836318451
-3.5	0.00640940168211524
-3.0	0.005775214954158178
-2.5	0.00520929198714998
-2.0	0.004703993107137477
-1.5	0.004252447328431915
-1.0	0.0038484533915170973
-0.5	0.003486389316690483
0.0	0.0031611303077921015
0.5	0.0028679758250354614
1.0	0.0026025880721538084
1.5	0.0023609460786981466
2.0	0.0021393218956661966
2.5	0.0019342876509974725
3.0	0.0017427630926217198
3.5	0.0015621105484296142
4.0	0.0013902749461692683
4.5	0.001225948333504686
5.0	0.001068712860110581
5.5	9.190931555937804e-4
6.0	7.784469519537438e-4
6.5	6.4865991862925e-4
7.0	5.316861250837523e-4
7.5	4.2905556145396434e-4
8.0	3.415022678038886e-4
8.5	2.6882155149731936e-4
9.0	2.0996717280293118e-4
9.5	1.633100409111967e-4
10.0	1.2694534741629907e-4
10.5	9.895677602822759e-5
11.0	7.7593995145984e-5
11.5	6.136182316567776e-5
12.0	4.9042270566030994e-5
12.5	3.967583024530648e-5
13.0	3.252377695092501e-5
13.5	2.7025764015530586e-5
14.0	2.2760470478293045e-5
14.5	1.9412566159552897e-5
15.0	1.6746667858119406e-5
15.5	1.4587652676818898e-5
16.0	1.2806130224268163e-5
16.5	1.1307715064257106e-5
17.0	1.0024839194739613e-5
17.5	8.910149641158166e-6
18.0	7.930967422048935e-6
18.5	7.0646821273834336e-6
19.0	6.29516019900924e-6
19.5	5.61021437977462e-6
20.0	5.00002351387483e-6
