-20.0	0.020599299196174516
-19.5	0.018380298240962843
-19.0	0.01640258660465548
-18.5	0.014639921293871773
-18.0	0.013068912859208292
-17.5	0.011668715033966222
-17.0	0.010420748120037718
-16.5	0.009308452450573589
-16.0	0.008317068658241073
-15.5	0.007433441833621939
-15.0	0.006645846975350008
-14.5	0.005943833416221496
-14.0	0.005318086161357742
-13.5	0.004760302299086824
-13.0	0.004263080845280643
-12.5	0.0038198245603763737
-12.0	0.003424652437328071
-11.5	0.003072321700597466
-11.0	0.0027581582828016963
-10.5	0.0024779948584311043
-10.0	0.00222811561476387
-9.5	0.002005207029952968
-9.0	0.0018063140085016142
-8.5	0.0016288007960269086
-8.0	0.001470316159263722
-7.5	0.0013287623745536913
-7.0	0.0012022676192807006
-6.5	0.0010891614064982727
-6.0	9.879527438783067e-4
-5.5	8.973107345835508e-4
-5.0	8.160473699019048e-4
-4.5	7.431022919267199e-4
-4.0	6.775293292174551e-4
-3.5	6.184846292100668e-4
-3.0	5.652162283553601e-4
-2.5	5.170549140571773e-4
-2.0	4.7340624169458936e-4
-1.5	4.3374357489083903e-4
-1.0	3.976020181263538e-4
-0.5	3.6457310780566666e-4
0.0	3.3430012214370807e-4
0.5	3.06473862995114e-4
1.0	2.8082875638181087e-4
1.5	2.571391161652012e-4
2.0	2.3521542122637067e-4
2.5	2.1490047462971093e-4
3.0	1.9606534742027822e-4
3.5	1.7860506250904314e-4
4.0	1.6243404387582708e-4
4.5	1.4748143753920783e-4
5.0	1.3368649306281163e-4
5.5	1.2099425999768914e-4
6.0	1.0935188658188499e-4
6.5	9.870578968570776e-5
7.0	8.899988921719308e-5
7.5	8.017497263685994e-5
8.0	7.216909798222809e-5
8.5	6.49187936172873e-5
9.0	5.836070875843439e-5
9.5	5.2433340358297526e-5
10.0	4.7078515816899744e-5
10.5	4.224242721984089e-5
11.0	3.7876136205240074e-5
11.5	3.3935692657350685e-5
12.0	3.0381732813942092e-5
12.5	2.7179070619218567e-5
13.0	2.4296092200784865e-5
13.5	2.1704171671334958e-5
14.0	1.937715484122286e-5
14.5	1.7290939062812935e-5
15.0	1.542316584284091e-5
15.5	1.375302534562014e-5
16.0	1.2261156140629967e-5
16.5	1.0929611726123014e-5
17.0	9.741860103050367e-6
17.5	8.682785184050349e-6
18.0	7.738667906670664e-6
18.5	6.8971371976923196e-6
19.0	6.147092253085109e-6
19.5	5.478604818987171e-6
20.0	4.882812343519595e-6
