-20.0	0.2051743114817762
-19.5	0.1829768531097191
-19.0	0.1631932605759951
-18.5	0.14556101770789795
-18.0	0.12984615545646178
-17.5	0.11584014727462648
-17.0	0.10335714210334218
-16.5	0.09223149824936899
-16.0	0.0823155854311732
-15.5	0.07347782582805511
-15.0	0.06560094813899948
-14.5	0.05858043148458773
-14.0	0.05232311850452482
-13.5	0.046745979248775896
-13.0	0.04177500946146403
-12.5	0.03734424864052397
-12.0	0.033394904845879675
-11.5	0.029874574645896983
-11.0	0.026736547855320474
-10.5	0.023939187843535496
-10.0	0.021445379196139536
-9.5	0.01922203540771662
-9.0	0.017239660081886588
-8.5	0.015471955826609757
-8.0	0.01389547566759647
-7.5	0.012489312369692437
-7.0	0.011234821561867088
-6.5	0.01011537501336087
-6.0	0.009116140812179298
-5.5	0.008223887558387894
-5.0	0.007426810006948791
-4.5	0.006714373883743234
-4.0	0.006077177856462101
-3.5	0.005506830871632531
-3.0	0.004995843274489958
-2.5	0.004537530308471609
-2.0	0.004125926750007272
-1.5	0.003755711569559293
-1.0	0.003422141624163045
-0.5	0.0031209934767054645
0.0	0.0028485125046094745
0.5	0.0026013685027532667
1.0	0.002376617002345715
1.5	0.0021716655199804716
2.0	0.001984243923976571
2.5	0.0018123780623485334
3.0	0.0016543657496457184
3.5	0.0015087541783916658
4.0	0.001374317821748378
4.5	0.001250035954069766
5.0	0.0011350690676435135
5.5	0.001028733713595228
6.0	9.304756686949888e-4
6.5	8.398417922557068e-4
7.0	7.564514535933508e-4
7.5	6.799688951594986e-4
8.0	6.100782371631485e-4
8.5	5.46462919102565e-4
9.0	4.887911208646951e-4
9.5	4.3670809337758394e-4
10.0	3.898354329610696e-4
10.5	3.4777633659752475e-4
11.0	3.101249017257077e-4
11.5	2.7647791082964675e-4
12.0	2.464448068999598e-4
12.5	2.1965714075811854e-4
13.0	1.957741181807999e-4
13.5	1.744852369810583e-4
14.0	1.555104959083493e-4
14.5	1.3859895856163304e-4
15.0	1.235264678096505e-4
15.5	1.1009308284654594e-4
16.0	9.812056369138279e-5
16.5	8.745004447246367e-5
17.0	7.79399341784043e-5
17.5	6.946403945470858e-5
18.0	6.190989033054818e-5
18.5	5.517724783685261e-5
19.0	4.917677389820654e-5
19.5	4.382884587118049e-5
20.0	3.90625000000794e-5
