-20.0	58.97772387556383
-19.5	51.82739453705013
-19.0	45.50485441454912
-18.5	39.91718121019606
-18.0	34.98171507139018
-17.5	30.624933531191576
-17.0	26.7814492987575
-16.5	23.39311751316425
-16.0	20.408240531479947
-15.5	17.78085962093798
-15.0	15.470124082766835
-14.5	13.439729366925844
-14.0	11.657416656536416
-13.5	10.094527220213356
-13.0	8.725605560881545
-12.5	7.528046040477428
-12.0	6.481778240044417
-11.5	5.568986831652239
-11.0	4.773862199283612
-10.5	4.08237845637159
-10.0	3.4820958735098073
-9.5	2.9619850558138663
-9.0	2.5122704998005583
-8.5	2.124291418299737
-8.0	1.790377952192427
-7.5	1.5037410927423525
-7.0	1.258374820577671
-6.5	1.0489691294102488
-6.0	0.8708327464171268
-5.5	0.719824488754335
-5.0	0.5922923085919433
-4.5	0.4850191788602116
-4.0	0.3951750599643181
-3.5	0.32027426533906855
-3.0	0.2581376121031781
-2.5	0.20685880342769283
-2.0	0.16477454276587922
-1.5	0.13043792801560447
-1.0	0.10259471726137677
-0.5	0.08016209821936912
0.0	0.06220963209467739
0.5	0.047942080329044574
1.0	0.03668386048204998
1.5	0.0278649156740984
2.0	0.021007820519212645
2.5	0.015715984580756986
3.0	0.011662850785899875
3.5	0.008582019180355806
4.0	0.006258253968552544
4.5	0.0045193522499945935
5.0	0.00322886510721734
5.5	0.0022796654406648646
6.0	0.0015883527920331642
6.5	0.0010904746757376827
7.0	7.365284432464382e-4
7.5	4.886895421382783e-4
8.0	3.1819365100785405e-4
8.5	2.0328445707909547e-4
9.0	1.276289221682516e-4
9.5	7.910039406188398e-5
10.0	4.8837900106770084e-5
10.5	3.0505983654061287e-5
11.0	1.9699760195071215e-5
11.5	1.345975168732826e-5
12.0	9.876422215095227e-6
12.5	7.773740419571107e-6
13.0	6.464441060659152e-6
13.5	5.5694870642656264e-6
14.0	4.892368650723761e-6
14.5	4.337268215826845e-6
15.0	3.859697599359037e-6
15.5	3.43917210398976e-6
16.0	3.0654705716383255e-6
16.5	2.7324313224660708e-6
17.0	2.43546770364559e-6
17.5	2.1706960558426483e-6
18.0	1.934666767024671e-6
18.5	1.7242842295986564e-6
19.0	1.5367730457488428e-6
19.5	1.369651201127747e-6
20.0	1.2207030852593211e-6
