-20.0	0.07622541757377653
-19.5	0.06808367396151815
-19.0	0.06082711424996388
-18.5	0.05435944871304802
-18.0	0.04859485587697777
-17.5	0.0434568437484263
-17.0	0.03887723484612333
-16.5	0.034795261569517184
-16.0	0.031156759902739247
-15.5	0.027913450757389265
-15.0	0.025022299421357225
-14.5	0.022444944617930434
-14.0	0.02014718960417372
-13.5	0.018098548561897326
-13.0	0.016271842269670073
-12.5	0.014642837699887692
-12.0	0.01318992676988019
-11.5	0.011893839997847799
-11.0	0.010737391280635663
-10.5	0.009705250426375009
-10.0	0.008783740447270141
-9.5	0.00796065695060213
-9.0	0.007225107263974786
-8.5	0.006567367197866126
-8.0	0.005978753587725785
-7.5	0.005451510972553606
-7.0	0.00497871095887138
-6.5	0.004554162990589403
-6.0	0.0041723353974352844
-5.5	0.0038282857284900416
-5.0	0.0035175994923176816
-4.5	0.0032363365214684585
-4.0	0.0029809842550530007
-3.5	0.0027484172866826077
-3.0	0.002535862555376406
-2.5	0.0023408695606313224
-2.0	0.0021612849602795797
-1.5	0.001995230860129125
-1.0	0.001841086032747703
-0.5	0.0016974692157760369
0.0	0.0015632235531360418
0.5	0.00143740117538971
1.0	0.0013192468962575517
1.5	0.0012081800638065337
2.0	0.0011037737812619895
2.5	0.0010057310287579578
3.0	9.138576818581959e-4
3.5	8.28033014975313e-4
4.0	7.481789326513164e-4
4.5	6.742297829454007e-4
5.0	6.061050376682995e-4
5.5	5.436872197267539e-4
6.0	4.868071176080767e-4
6.5	4.352375184889522e-4
7.0	3.886955239071231e-4
7.5	3.468522174820423e-4
8.0	3.093473485439106e-4
8.5	2.758060876760735e-4
9.0	2.4585497337553495e-4
9.5	2.1913486644988567e-4
10.0	1.9530980796040367e-4
10.5	1.7407177181402738e-4
11.0	1.5514203138667834e-4
11.5	1.3827061109874e-4
12.0	1.2323384754221056e-4
12.5	1.0983228887651719e-4
13.0	9.788813144309227e-5
13.5	8.72428890813048e-5
14.0	7.775530674843545e-5
14.5	6.929949008482398e-5
15.0	6.176323555026741e-5
15.5	5.504654162626955e-5
16.0	4.906028186547174e-5
16.5	4.372502223772245e-5
17.0	3.896996708927303e-5
17.5	3.4732019727367464e-5
18.0	3.095494516527965e-5
18.5	2.75886239184166e-5
19.0	2.4588386949107903e-5
19.5	2.191442293555609e-5
20.0	1.9531250000008555e-5
