-20.0	0.008343513970432277
-19.5	0.007438561684756886
-19.0	0.006632020299973741
-18.5	0.005913187503607809
-18.0	0.005272524823296228
-17.5	0.0047015310571657505
-17.0	0.00419262946818804
-16.5	0.0037390672456585794
-16.0	0.0033348258997208963
-15.5	0.0029745413999389698
-15.0	0.0026534329982179053
-14.5	0.0023672397916155025
-14.0	0.002112164183292414
-13.5	0.001884821491390915
-13.0	0.001682195037214874
-12.5	0.0015015961168023425
-12.0	0.0013406283247903478
-11.5	0.0011971557572331777
-11.0	0.0010692746715312358
-10.5	9.552882275073375e-4
-10.0	8.53683974584512e-4
-9.5	7.631137864811665e-4
-9.0	6.823759773500857e-4
-8.5	6.103993622747692e-4
-8.0	5.462290508758485e-4
-7.5	4.890137858398546e-4
-7.0	4.379946587375475e-4
-6.5	3.9249505384643006e-4
-6.0	3.5191168705869016e-4
-5.5	3.1570662158069725e-4
-5.0	2.83400155161505e-4
-4.5	2.545644852453784e-4
-4.0	2.288180688423172e-4
-3.5	2.0582060316362002e-4
-3.0	1.8526856134785943e-4
-2.5	1.6689122490028986e-4
-2.0	1.504471609564543e-4
-1.5	1.3572109811538013e-4
-1.0	1.2252115949370698e-4
-0.5	1.1067641576203719e-4
0.0	1.0003472433481859e-4
0.5	9.046082354571339e-5
1.0	8.183465257771051e-5
1.5	7.404986917259216e-5
2.0	6.701253784981525e-5
2.5	6.063996159666647e-5
3.0	5.485962999982478e-5
3.5	4.9608257041677036e-5
4.0	4.4830882593944885e-5
4.5	4.048001358516868e-5
5.0	3.651478464799688e-5
5.5	3.290012376570245e-5
6.0	2.960591677827535e-5
6.5	2.6606174656782942e-5
7.0	2.3878218617452392e-5
7.5	2.140190861743137e-5
8.0	1.9158948165439577e-5
8.5	1.7132300546962505e-5
9.0	1.5305746543776847e-5
9.5	1.3663601183533207e-5
10.0	1.2190588590672624e-5
10.5	1.0871853429769642e-5
11.0	9.693066129608832e-6
11.5	8.64059570645408e-6
12.0	7.701639130742349e-6
12.5	6.864363290596371e-6
13.0	6.117963592129817e-6
13.5	5.452669310770491e-6
14.0	4.85970422673746e-6
14.5	4.331217681200264e-6
15.0	3.860202153530657e-6
15.5	3.440408843212873e-6
16.0	3.066267615769796e-6
16.5	2.732813889794644e-6
17.0	2.4356229430746057e-6
17.5	2.170751232958857e-6
18.0	1.9346840728288854e-6
18.5	1.7242889949004784e-6
19.0	1.536774184319117e-6
19.5	1.3696514334723573e-6
20.0	1.220703124999188e-6
