-20.0	0.21856358557668262
-19.5	0.19492393635170083
-19.0	0.173854924706751
-18.5	0.15507697789242214
-18.0	0.1383409242579312
-17.5	0.12342468691000533
-17.0	0.11013033690681603
-16.5	0.0982814668853946
-16.0	0.08772085027343651
-15.5	0.07830835502621153
-15.0	0.06991908420697335
-14.5	0.06244171873994947
-14.0	0.055777040347999934
-13.5	0.04983661507903451
-13.0	0.04454161995658304
-12.5	0.03982179719053977
-12.0	0.03561452207764427
-11.5	0.0318639722314569
-11.0	0.028520387128079125
-10.5	0.025539408154049537
-10.0	0.02288149041380004
-9.5	0.020511378508966265
-9.0	0.018397639353944367
-8.5	0.016512245852570807
-8.0	0.014830205939502105
-7.5	0.013329232096147071
-7.0	0.011989446992175204
-6.5	0.010793121386844198
-6.0	0.009724440855483085
-5.5	0.008769298291019068
-5.0	0.007915109471319196
-4.5	0.007150649285376615
-4.0	0.006465906476440272
-3.5	0.005851954989355645
-3.0	0.005300840205651906
-2.5	0.004805478510793569
-2.0	0.004359568766774638
-1.5	0.003957514357354397
-1.0	0.0035943545366270025
-0.5	0.0032657038445096922
0.0	0.002967698363548863
0.5	0.002696947588037458
1.0	0.0024504906738696303
1.5	0.0022257558557375124
2.0	0.002020521883397046
2.5	0.0018328804647712179
3.0	0.0016611989346028365
3.5	0.001504082710010329
4.0	0.0013603375376727502
4.5	0.0012289320482570488
5.0	0.001108961650813642
5.5	9.99615211542861e-4
6.0	9.001461747068767e-4
6.5	8.098496811172538e-4
7.0	7.280467870837289e-4
7.5	6.540761176346637e-4
8.0	5.872923361086545e-4
8.5	5.270699035605231e-4
9.0	4.7280997218415634e-4
9.5	4.239480885574712e-4
10.0	3.799607154477678e-4
10.5	3.403692939321426e-4
11.0	3.0474129564324066e-4
11.5	2.726892875434903e-4
12.0	2.4386668172090642e-4
12.5	2.1796399680922007e-4
13.0	1.9470386269511116e-4
13.5	1.7383632689454195e-4
14.0	1.5513470891237533e-4
14.5	1.383921476612749e-4
15.0	1.2341893254215388e-4
15.5	1.1004060288104115e-4
16.0	9.809670498355698e-5
16.5	8.744002492001943e-5
17.0	7.793608400393729e-5
17.5	6.946270003960111e-5
18.0	6.190947350981791e-5
18.5	5.51771333565966e-5
19.0	4.9176746565997125e-5
19.5	4.38288402945671e-5
20.0	3.9062499046199194e-5
