-20.0	5.535051031324547
-19.5	4.824046396650034
-19.0	4.198432853087488
-18.5	3.648443653704139
-18.0	3.1653995681553906
-17.5	2.7415891399730854
-17.0	2.3701620494967712
-16.5	2.0450341532102763
-16.0	1.7608029260099531
-15.5	1.512672171750656
-15.0	1.2963849911411325
-14.5	1.1081641063146606
-14.0	0.94465873966967
-13.5	0.8028973321474355
-13.0	0.6802454641551248
-12.5	0.574368411889337
-12.0	0.4831978337796649
-11.5	0.40490213697920535
-11.0	0.33786012300840096
-10.5	0.28063755543372426
-10.0	0.2319663314442635
-9.5	0.19072597384438272
-9.0	0.1559271907833165
-8.5	0.12669727788045818
-8.0	0.10226716162157133
-7.5	0.08195990432394182
-7.0	0.06518050985205706
-6.5	0.05140688587330056
-6.0	0.04018183299379994
-5.5	0.031105943832265847
-5.0	0.023831306165724646
-4.5	0.018055913951616268
-4.0	0.013518698507986524
-3.5	0.009995099665771476
-3.0	0.0072931035879948624
-2.5	0.005249680457944265
-2.0	0.003727561723207838
-1.5	0.0026123033471003964
-1.0	0.0018095888749305401
-0.5	0.001242734263419012
0.0	8.503654254973065e-4
0.5	5.842491493696409e-4
1.0	4.072680418615766e-4
1.5	2.9153970459209696e-4
2.0	2.1668850501702119e-4
2.5	1.682839442748054e-4
3.0	1.3646174045458002e-4
3.5	1.1474170893571142e-4
4.0	9.905036425260743e-5
4.5	8.694678804610648e-5
5.0	7.703941820704153e-5
5.5	6.857121793930475e-5
6.0	6.114331802999041e-5
6.5	5.454410180325416e-5
7.0	4.865207539615188e-5
7.5	4.338578820820026e-5
8.0	3.86808208134881e-5
8.5	3.4480636871005127e-5
9.0	3.073362306432184e-5
9.5	2.739242499533167e-5
10.0	2.441388885063435e-5
10.5	2.1759012428105616e-5
11.0	1.939276272280834e-5
11.5	1.728382799827547e-5
12.0	1.5404231187122957e-5
12.5	1.3729036139522236e-5
13.0	1.2236016433211775e-5
13.5	1.0905361135413313e-5
14.0	9.71941334355149e-6
14.5	8.662436260592531e-6
15.0	7.720404443775522e-6
15.5	6.88081770328406e-6
16.0	6.132535233180749e-6
16.5	5.465627779711966e-6
17.0	4.871245886157885e-6
17.5	4.341502465917931e-6
18.0	3.869368145657554e-6
18.5	3.4485779898018242e-6
19.0	3.0735483686379628e-6
19.5	2.7393028669473168e-6
20.0	2.4414062500019537e-6
