-20.0	1.0171188149132926
-19.5	0.906766435323879
-19.0	0.8084140912114459
-18.5	0.7207568982594967
-18.0	0.6426318598745483
-17.5	0.5730024397486305
-17.0	0.5109448117057117
-16.5	0.4556356044964917
-16.0	0.4063409790235443
-15.5	0.36240689314422314
-15.0	0.32325042494051814
-14.5	0.28835203938141196
-14.0	0.25724869580829773
-13.5	0.22952770482518167
-13.0	0.2048212531088739
-12.5	0.1828015235123757
-12.0	0.16317634572559586
-11.5	0.14568531979178462
-11.0	0.13009636104597505
-10.5	0.1162026206261547
-10.0	0.10381974068381211
-9.5	0.09278340785222465
-9.0	0.08294717247735388
-8.5	0.07418050462893941
-8.0	0.06636706103434571
-7.5	0.059403139855070085
-7.0	0.05319630269210758
-6.5	0.04766414539236858
-6.0	0.04273320116281118
-5.5	0.038337961205992595
-5.0	0.03441999959365159
-4.5	0.03092719041430774
-4.0	0.027813006388844888
-3.5	0.025035889168746286
-3.0	0.02255868244649428
-2.5	0.0203481198607432
-2.0	0.018374360536967446
-1.5	0.0166105660705769
-1.0	0.015032513992636033
-0.5	0.013618244495497811
0.0	0.012347739772051922
0.5	0.011202639168040816
1.0	0.010165998917897226
1.5	0.009222112794757029
2.0	0.008356419135234883
2.5	0.007555528402744643
3.0	0.006807408895082147
3.5	0.0061017576621381926
4.0	0.00543054742596289
4.5	0.004788669196146144
5.0	0.004174490754345045
5.5	0.0035900612352096043
6.0	0.0030406838871815177
6.5	0.0025337240858471994
7.0	0.002076814368385043
7.5	0.001675930798836283
8.0	0.0013339404347245854
8.5	0.0010500436176236418
9.0	8.201535856848318e-4
9.5	6.379069502491718e-4
10.0	4.958633706452922e-4
10.5	3.8653756718059974e-4
11.0	3.0309261476404076e-4
11.5	2.3968822202840605e-4
12.0	1.9156682888524123e-4
12.5	1.5498053155358092e-4
13.0	1.2704381155519804e-4
13.5	1.0556791012156253e-4
14.0	8.890711340113113e-5
14.5	7.582971585306328e-5
15.0	6.541629161991669e-5
15.5	5.6982797215070194e-5
16.0	5.002382492696834e-5
16.5	4.4170699967104995e-5
17.0	3.915949889538051e-5
17.5	3.4805259513646015e-5
18.0	3.098033667113452e-5
18.5	2.759641291655587e-5
19.0	2.4590469039009143e-5
19.5	2.191489980239785e-5
20.0	1.9531342399463362e-5
