-20.0	8.566284761146658
-19.5	7.639588162473288
-19.0	6.813661580734405
-18.5	6.07754548561895
-18.0	5.421472080905258
-17.5	4.836735692631682
-17.0	4.315577251211222
-16.5	3.85108133469331
-16.0	3.437084407070529
-15.5	3.0680930340923425
-15.0	2.739210991471843
-14.5	2.4460742983861
-14.0	2.1847933143702525
-13.5	1.951901131468956
-13.0	1.7443075770904857
-12.5	1.559258217513173
-12.0	1.3942978184193826
-11.5	1.2472377780474657
-11.0	1.1161271013713296
-10.5	0.9992265307990478
-10.0	0.8949854909034516
-9.5	0.8020215421751785
-9.0	0.719102072238524
-8.5	0.6451279828328682
-8.0	0.5791191575107997
-7.5	0.5202015188132771
-7.0	0.46759550491575036
-6.5	0.42060581468356967
-6.0	0.37861228693067955
-5.5	0.34106179464856723
-5.0	0.30746104815993963
-4.5	0.27737021271314566
-4.0	0.25039725600818435
-3.5	0.2261929495603449
-3.0	0.20444645475061474
-2.5	0.18488142980360625
-2.0	0.16725259790970082
-1.5	0.15134271925612838
-1.0	0.13695991111732686
-0.5	0.12393526060549045
0.0	0.1121206747878698
0.5	0.10138691330963051
1.0	0.09162175038288414
1.5	0.08272821713118603
2.0	0.07462288299712755
2.5	0.06723414703796793
3.0	0.060500526751025796
3.5	0.05436895298723177
4.0	0.04879310231733394
4.5	0.04373181943679358
5.0	0.039147697414747634
5.5	0.03500588750384678
6.0	0.03127319981683074
6.5	0.027917530077628067
7.0	0.024907609694885396
7.5	0.022213034196523568
8.0	0.019804488983803575
8.5	0.017654071722233294
9.0	0.015735613143056493
9.5	0.014024921401709661
10.0	0.012499911075330716
10.5	0.011140614362165846
11.0	0.009929094514073145
11.5	0.008849319935116395
12.0	0.007886966367806891
12.5	0.007029266503435383
13.0	0.006264840413804429
13.5	0.005583544901331616
14.0	0.004976339631898363
14.5	0.004435167365423376
15.0	0.003952847075213067
15.5	0.0035229786640814387
16.0	0.0031398580393885434
16.5	0.0027984014232125265
17.0	0.002494077893712837
17.5	0.0022228492625499807
18.0	0.0019811164905766676
18.5	0.001765671930778534
19.0	0.001573656764742637
19.5	0.0014025230678770262
20.0	0.0012500000000010003
