-20.0	395.32232280910137
-19.5	314.2705010957713
-19.0	249.86115657381578
-18.5	198.67440233214785
-18.0	157.9933993255838
-17.5	125.65979475806935
-17.0	99.95888885478725
-16.5	79.52841614750935
-16.0	63.28608480963393
-15.5	50.372016373790686
-15.0	40.10302153819059
-14.5	31.93627797967472
-14.0	25.440476680752276
-13.5	20.272900918721298
-13.0	16.161217923043193
-12.5	12.88901410554023
-12.0	10.284304064651035
-11.5	8.210401875368108
-11.0	6.558668927473178
-10.5	5.242752464508959
-10.0	4.194008322354074
-9.5	3.3578643946463655
-9.0	2.6909314186791957
-8.5	2.158707445511992
-8.0	1.7337539493982657
-7.5	1.3942466263745321
-7.0	1.1228238660084728
-6.5	0.9056717151501437
-6.0	0.7317967312047043
-5.5	0.5924481144865873
-5.0	0.48065844664561574
-4.5	0.39087866746737654
-4.0	0.3186879311882528
-3.5	0.2605629624634061
-3.0	0.21369469304420755
-2.5	0.17584247132189487
-2.0	0.14521813180487342
-1.5	0.12039379649634963
-1.0	0.1002285393680307
-0.5	0.08381004569188097
0.0	0.0704081931294642
0.5	0.05943811346579395
1.0	0.05043079627098259
1.5	0.043009695176348936
2.0	0.03687211487870134
2.5	0.03177440896132146
3.0	0.027520218041597395
3.5	0.023951134646917754
4.0	0.020939303439214484
4.5	0.018381559399265508
5.0	0.016194778208160353
5.5	0.014312168325013572
6.0	0.012680279627470353
6.5	0.011256545332685542
7.0	0.010007216974683578
7.5	0.008905597463394501
8.0	0.007930520798467247
8.5	0.007065061371313114
9.0	0.006295473827838055
9.5	0.005610364009416788
10.0	0.005000077443061343
10.5	0.004456274010352172
11.0	0.003971645311990615
11.5	0.003539729648425882
12.0	0.00315478682576877
12.5	0.0028117066376238025
13.0	0.0025059361691535534
13.5	0.0022334179608236113
14.0	0.0019905358527711674
14.5	0.0017740669461679712
15.0	0.0015811388300841947
15.5	0.001409191465632225
16.0	0.0012559432157547919
16.5	0.001119360569284177
17.0	9.976311574844362e-4
17.5	8.891397050194613e-4
18.0	7.924465962305578e-4
18.5	7.062687723113888e-4
19.0	6.294627058970833e-4
19.5	5.610092271509822e-4
20.0	5.000000000000045e-4
