-20.0	46.236181494286285
-19.5	40.57186587846892
-19.0	35.56706618119145
-18.5	31.1475457226065
-18.0	27.247277341287877
-17.5	23.807542788384218
-17.0	20.77613049550112
-16.5	18.106620994827352
-16.0	15.757750437485484
-15.5	13.692843696499095
-15.0	11.879309468063957
-14.5	10.28819061113474
-14.0	8.893763701833182
-13.5	7.673182435514875
-13.0	6.606160094290701
-12.5	5.674686819090047
-12.0	4.862777889962182
-11.5	4.156249632368844
-11.0	3.5425199362283513
-10.5	3.010430703329599
-10.0	2.550089831807954
-9.5	2.152730607529123
-9.0	1.8105866049270554
-8.5	1.5167804071658026
-8.0	1.265224640151507
-7.5	1.0505339793538497
-7.0	0.8679469347414539
-6.5	0.7132563493050311
-6.0	0.5827476623080431
-5.5	0.47314409106985594
-5.0	0.38155797604760905
-4.5	0.30544761441896345
-4.0	0.24257897830625966
-3.5	0.19099177615334073
-3.0	0.1489693704295308
-2.5	0.11501211258384288
-2.0	0.08781369780274613
-1.5	0.06624017842704087
-1.0	0.04931130671960888
-0.5	0.03618390597024501
0.0	0.026136994717238127
0.5	0.01855841329525368
1.0	0.01293272620074835
1.5	0.008830199122926315
2.0	0.005896677020536323
2.5	0.0038442201258482023
3.0	0.002442388478601258
3.5	0.0015101019867806618
4.0	9.080405078366238e-4
4.5	5.315843653286563e-4
5.0	3.0432641801613603e-4
5.5	1.7220813018410875e-4
6.0	9.834023665376441e-5
6.5	5.856113812659946e-5
7.0	3.776320259355503e-5
7.5	2.698199464417861e-5
8.0	2.1202509602584955e-5
8.5	1.7798051182454408e-5
9.0	1.5489516203384346e-5
9.5	1.3700936166454913e-5
10.0	1.2192194080053e-5
10.5	1.0868366553470655e-5
11.0	9.690647513659673e-6
11.5	8.6394685314917e-6
12.0	7.701206620047402e-6
12.5	6.8642196780053396e-6
13.0	6.117921880599928e-6
13.5	5.452658765239796e-6
14.0	4.859701934896393e-6
14.5	4.331217260189155e-6
15.0	3.860202089448123e-6
15.5	3.440408835312093e-6
16.0	3.0662676150026382e-6
16.5	2.7328138897390737e-6
17.0	2.4356229430731573e-6
17.5	2.170751232960204e-6
18.0	1.934684072829873e-6
18.5	1.7242889949010375e-6
19.0	1.536774184319244e-6
19.5	1.3696514334722557e-6
20.0	1.2207031250005347e-6
