-20.0	36.46108179650849
-19.5	32.33323451722461
-19.0	28.64416738567531
-18.5	25.346025340211693
-18.0	22.396256190772444
-17.5	19.75706047913132
-17.0	17.39490493483519
-16.5	15.280092171199739
-16.0	13.386379502158636
-15.5	11.690639772610233
-15.0	10.172556876021261
-14.5	8.814348285601058
-14.0	7.600506546072125
-13.5	6.517551509751151
-13.0	5.553785462206687
-12.5	4.699044574276968
-12.0	3.9444427136174043
-11.5	3.282107775169932
-11.0	2.7049161842901883
-10.5	2.206237344653733
-10.0	1.779705150115219
-9.5	1.419036415215425
-9.0	1.1179144790194546
-8.5	0.8699494977691667
-8.0	0.668715876647043
-7.5	0.5078544600497644
-7.0	0.3812161110275152
-6.5	0.2830174597555404
-6.0	0.2079805052722986
-5.5	0.15143471336570524
-5.0	0.10937067796868376
-4.5	0.078445035248483
-4.0	0.055944484646485625
-3.5	0.039721199874564427
-3.0	0.028112726118329497
-2.5	0.01985768397170021
-2.0	0.014015535305369087
-1.5	0.009895409351486894
-1.0	0.006996225367714929
-0.5	0.004958363872315212
0.0	0.003525928560100664
0.5	0.0025180542834803902
1.0	0.0018075591606934883
1.5	0.0013053361647172774
2.0	9.491002855315076e-4
2.5	6.953659376092073e-4
3.0	5.137770841836884e-4
3.5	3.8312673895179463e-4
4.0	2.8857613593704403e-4
4.5	2.19718561538173e-4
5.0	1.6923408515866266e-4
5.5	1.3195574404584756e-4
6.0	1.0422133022254907e-4
6.5	8.342305489152941e-5
7.0	6.769421741910033e-5
7.5	5.569077624589281e-5
8.0	4.643876961139821e-5
8.5	3.922756888204356e-5
9.0	3.3535169992352114e-5
9.5	2.897597393784904e-5
10.0	2.5264354301127093e-5
10.5	2.2189181278244986e-5
11.0	1.9595715052493183e-5
11.5	1.7372203773655277e-5
12.0	1.5439349835399543e-5
12.5	1.3741615965393464e-5
13.0	1.2240024345854483e-5
13.5	1.0906480218150317e-5
14.0	9.719682749295005e-6
14.5	8.662491168996432e-6
15.0	7.72041372714916e-6
15.5	6.880818975872287e-6
16.0	6.132535371045078e-6
16.5	5.465627791177398e-6
17.0	4.871245886864025e-6
17.5	4.34150246594682e-6
18.0	3.869368145658005e-6
18.5	3.4485779898016858e-6
19.0	3.0735483686380924e-6
19.5	2.739302866948153e-6
20.0	2.441406250000036e-6
