-20.0	3.2776121287461106
-19.5	2.9221391655132516
-19.0	2.605270247582195
-18.5	2.3228040152768274
-18.0	2.070995818799747
-17.5	1.8465080446322928
-17.0	1.6463658449234264
-16.5	1.4679176827672993
-16.0	1.308800170244016
-15.5	1.1669067331891334
-15.0	1.0403596874958545
-14.5	0.927485357198886
-14.0	0.8267919050698006
-13.5	0.7369495826235312
-13.0	0.6567731387004224
-12.5	0.5852061546180621
-12.0	0.5213070995923867
-11.5	0.464236923049803
-11.0	0.4132480208404242
-10.5	0.36767443040638054
-10.0	0.32692312579977706
-9.5	0.29046629716106714
-9.0	0.2578345108660119
-8.5	0.228610655973493
-8.0	0.20242458978224848
-7.5	0.17894840013195124
-7.0	0.15789220455548983
-6.5	0.1390004066730739
-6.0	0.12204832883386948
-5.5	0.10683913798654461
-5.0	0.09320098082034077
-4.5	0.08098424680146048
-4.0	0.07005888681449626
-3.5	0.06031173363699681
-3.0	0.05164380028583045
-2.5	0.04396757280075559
-2.0	0.03720436096350755
-1.5	0.03128181524606496
-1.0	0.026131749221919975
-0.5	0.021688411917725307
0.0	0.017887326631654463
0.5	0.01466475267438636
1.0	0.011957745665528667
1.5	0.009704709710732265
2.0	0.007846272008079613
2.5	0.0063262825254895355
3.0	0.005092752780959472
3.5	0.004098591291648088
4.0	0.003302054040691693
4.5	0.0026668897794088317
5.0	0.0021622092873586907
5.5	0.0017621384436729629
6.0	0.0014453269758987052
6.5	0.0011943821014193156
7.0	9.952846633439459e-4
7.5	8.368301129976776e-4
8.0	7.101216587534904e-4
8.5	6.081301975594535e-4
9.0	5.253258981406068e-4
9.5	4.5737916917998366e-4
10.0	4.0092352256175425e-4
10.5	3.5336909417365555e-4
11.0	3.127535513909037e-4
11.5	2.776175884300234e-4
12.0	2.468956349108426e-4
12.5	2.1981790684115116e-4
13.0	1.9582511839861522e-4
13.5	1.7449942006515437e-4
14.0	1.5551389766459871e-4
14.5	1.3859964952826688e-4
15.0	1.2352658426910908e-4
15.5	1.1009309876599403e-4
16.0	9.812056541151198e-5
16.5	8.745004461514465e-5
17.0	7.793993418712121e-5
17.5	6.946403945502899e-5
18.0	6.190989033052422e-5
18.5	5.5177247836826735e-5
19.0	4.917677389820948e-5
19.5	4.3828845871170316e-5
20.0	3.9062500000000346e-5
