-20.0	9.51258898342115
-19.5	8.46149209979873
-19.0	7.523248402399087
-18.5	6.685526796773651
-18.0	5.937340920403632
-17.5	5.268904832156218
-17.0	4.671504848984058
-16.5	4.137385837710983
-16.0	3.6596504455578796
-15.5	3.2321699001355717
-15.0	2.8495051226088948
-14.5	2.5068369798044494
-14.0	2.199904544912864
-13.5	1.9249502446944136
-13.0	1.678670744177661
-12.5	1.458172368122183
-12.0	1.2609297994214415
-11.5	1.084746761614496
-11.0	0.927717433239
-10.5	0.7881875153264799
-10.0	0.6647142400409178
-9.5	0.55602520656919
-9.0	0.46097674475641404
-8.5	0.37851343806498655
-8.0	0.3076312876603878
-7.5	0.24734749799574549
-7.0	0.1966797452155773
-6.5	0.1546369073011907
-6.0	0.12022167130573996
-5.5	0.09244353111955668
-5.0	0.07033896651504454
-4.5	0.05299455485925677
-4.0	0.0395686978375838
-3.5	0.029308504113503504
-3.0	0.021559820682392584
-2.5	0.015769984347514043
-2.0	0.011484160317555286
-1.5	0.008336919107910274
-1.0	0.006040951787832984
-0.5	0.0043746592870111
0.0	0.0031699541461627165
0.5	0.0023011481678446707
1.0	0.0016753797582388283
1.5	0.0012247152370884935
2.0	8.998493230387673e-4
2.5	6.65215841559368e-4
3.0	4.952750073225705e-4
3.5	3.7174318107576566e-4
4.0	2.815545827341103e-4
4.5	2.1537802322616203e-4
5.0	1.6654670957863386e-4
5.5	1.302910401705114e-4
6.0	1.0319115670671108e-4
6.5	8.278752767591756e-5
7.0	6.73044683696147e-5
7.5	5.545403537071602e-5
8.0	4.629699937595768e-5
8.5	3.914434773934944e-5
9.0	3.3487611691712087e-5
9.5	2.8949728310944065e-5
10.0	2.5250495378035644e-5
10.5	2.218225005764249e-5
11.0	1.959246797088017e-5
11.5	1.7370795563948986e-5
12.0	1.5438791439169067e-5
12.5	1.3741416148073318e-5
13.0	1.2239960712552434e-5
13.5	1.0906462453566788e-5
14.0	9.719678472924242e-6
14.5	8.662490297430203e-6
15.0	7.720413579793822e-6
15.5	6.8808189556724e-6
16.0	6.132535368856681e-6
16.5	5.465627790995342e-6
17.0	4.871245886852734e-6
17.5	4.341502465946317e-6
18.0	3.869368145657974e-6
18.5	3.4485779898016603e-6
19.0	3.073548368638097e-6
19.5	2.739302866948118e-6
20.0	2.4414062500000043e-6
