-20.0	177.7906052340909
-19.5	158.48252850309314
-19.0	141.26753943328492
-18.5	125.91763193819594
-18.0	112.22957721966125
-17.5	100.02222971947371
-17.0	89.13412651291704
-16.5	79.42134837145585
-16.0	70.75561420891249
-15.5	63.022583743813975
-15.0	56.12034598486665
-14.5	49.95807363483665
-14.0	44.454825719200976
-13.5	39.53848271973377
-13.0	35.14480024113618
-12.5	31.216568781758102
-12.0	27.702868518815414
-11.5	24.55840915973909
-11.0	21.742945848311084
-10.5	19.220762835105607
-10.0	16.960217113129065
-9.5	14.933334471392438
-9.0	13.115450433378998
-8.5	11.4848883543103
-8.0	10.022666631760803
-7.5	8.712226686733896
-7.0	7.5391733331476845
-6.5	6.4910196901766755
-6.0	5.556930263479461
-5.5	4.727458532565384
-5.0	3.9942794344051538
-4.5	3.349922247616001
-4.0	2.787514765913033
-3.5	2.3005540210376587
-3.0	1.8827206630554316
-2.5	1.5277521995872736
-2.0	1.2293842866590108
-1.5	0.981360092146886
-1.0	0.7774975677232636
-0.5	0.6117959770368727
0.0	0.47855851968343244
0.5	0.37250835989116354
1.0	0.2888802255669945
1.5	0.22347718317165255
2.0	0.17269000189437975
2.5	0.13348287537398731
3.0	0.10335320771681188
3.5	0.08027461945713035
4.0	0.06263182978049579
4.5	0.04915441016204614
5.0	0.03885431526284375
5.5	0.03097010325699045
6.0	0.024919143495841598
6.5	0.020257964189328192
7.0	0.01665018377440867
7.5	0.013841106268365691
8.0	0.011637939446883865
8.5	0.009894622194037788
9.0	0.008500350567354025
9.5	0.00737101831110235
10.0	0.006442903694409776
10.5	0.005668027889277564
11.0	0.005010688799826301
11.5	0.004444761609514031
12.0	0.003951473080298443
12.5	0.003517495638670364
13.0	0.0031333322044053346
13.5	0.002792027101952124
14.0	0.002488231120578712
14.5	0.002217596177417076
15.0	0.0019764256500894154
15.5	0.0017614896216251845
16.0	0.0015699290510659777
16.5	0.0013992007142151674
17.0	0.0012470389470170065
17.5	0.0011114246312814889
18.0	9.905582452884205e-4
18.5	8.828359653892298e-4
19.0	7.868283823713516e-4
19.5	7.012615339387262e-4
20.0	6.250000000000075e-4
