-20.0	1.6161187099456098
-19.5	1.4233849627897746
-19.0	1.2528713306432706
-18.5	1.1020836976032589
-18.0	0.968803318024448
-17.5	0.8510566421978853
-17.0	0.7470884378866668
-16.5	0.6553378485410568
-16.0	0.5744170681149435
-15.5	0.5030923472497727
-15.0	0.4402670766392005
-14.5	0.38496672105429164
-14.0	0.3363254021622446
-13.5	0.2935739502381057
-13.0	0.2560292644431955
-12.5	0.22308483878496788
-12.0	0.19420232641458057
-11.5	0.1689040287666083
-11.0	0.14676620838584956
-10.5	0.127413135283365
-10.0	0.11051178646496362
-9.5	0.0957671270112997
-9.0	0.08291790887674544
-8.5	0.07173293051821295
-8.0	0.06200770665836258
-7.5	0.05356150301274578
-7.0	0.04623469574122664
-6.5	0.039886419785983486
-6.0	0.034392474189784805
-5.5	0.029643456000641603
-5.0	0.02554309750811423
-4.5	0.02200678436287119
-4.0	0.018960234640266426
-3.5	0.01633832115220682
-3.0	0.014084021317234819
-2.5	0.012147480691173803
-2.0	0.010485177861730047
-1.5	0.009059179839576752
-1.0	0.007836478352992244
-0.5	0.006788398588393132
0.0	0.005890072928189525
0.5	0.005119973130732285
1.0	0.004459495181653585
1.5	0.0038925917239308275
2.0	0.0034054475421970687
2.5	0.002986194025961336
3.0	0.002624658853311894
3.5	0.0023121473099045114
4.0	0.002041251688797869
4.5	0.00180568513458309
5.0	0.0016001361742757835
5.5	0.001420140142141312
6.0	0.001261963913015182
6.5	0.0011225009456117545
7.0	9.991746406240946e-4
7.5	8.898493032959275e-4
8.0	7.927492523936926e-4
8.5	7.063874401810336e-4
9.0	6.295050423521178e-4
9.5	5.610228138464557e-4
10.0	5.000038721440278e-4
10.5	4.4562643505267354e-4
11.0	3.9716432492629516e-4
11.5	3.539729299162527e-4
12.0	3.1547867792252384e-4
12.5	2.8117066328855957e-4
13.0	2.505936168804411e-4
13.5	2.233417960804193e-4
14.0	1.990535852770193e-4
14.5	1.7740669461679856e-4
15.0	1.5811388300841924e-4
15.5	1.4091914656322286e-4
16.0	1.2559432157547909e-4
16.5	1.1193605692841698e-4
17.0	9.976311574844418e-5
17.5	8.891397050194649e-5
18.0	7.924465962305583e-5
18.5	7.062687723113854e-5
19.0	6.294627058981933e-5
19.5	5.610092272988738e-5
20.0	5.0000001472026415e-5
