-20.0	0.21839601429237132
-19.5	0.18899473199608632
-19.0	0.16334887078576538
-18.5	0.1410042661406695
-18.0	0.12155900610101429
-17.5	0.10465762926178236
-17.0	0.08998595835633522
-16.5	0.07726649958669914
-16.0	0.06625434552164884
-15.5	0.05673352622035678
-15.0	0.04851375933719533
-14.5	0.04142755540567502
-14.0	0.03532763935018753
-13.5	0.03008465360037548
-13.0	0.025585112037178913
-12.5	0.021729577432206635
-12.0	0.01843103809553445
-11.5	0.015613462162169803
-11.0	0.01321051035756418
-10.5	0.011164390220487564
-10.0	0.009424836655106255
-9.5	0.00794820535925822
-9.0	0.0066966671561433325
-8.5	0.005637492563350574
-8.0	0.004742417085707603
-7.5	0.003987078734829495
-7.0	0.003350520174584764
-6.5	0.0028147486826550373
-6.0	0.0023643478173807084
-5.5	0.001986135297918191
-5.0	0.0016688621551426085
-4.5	0.0014029487000336192
-4.0	0.0011802532936835634
-3.5	9.938702957071916e-4
-3.0	8.379539217309936e-4
-2.5	7.075650610032433e-4
-2.0	5.985383962802179e-4
-1.5	5.073674336317296e-4
-1.0	4.311052926402359e-4
-0.5	3.6727933008061093e-4
0.0	3.138178745440604e-4
0.5	2.6898753715925717e-4
1.0	2.313397356984637e-4
1.5	1.9966522661338067e-4
2.0	1.7295558207206722e-4
2.5	1.503706764333653e-4
3.0	1.3121135781277304e-4
3.5	1.1489657423274861e-4
4.0	1.0094429952374674e-4
4.5	8.8955662492435e-5
5.0	7.860172796485058e-5
5.5	6.96124184965613e-5
6.0	6.176711310248763e-5
6.5	5.4886527093818614e-5
7.0	4.8825572143585426e-5
7.5	4.346701256102823e-5
8.0	3.8715851753020116e-5
8.5	3.449447190963873e-5
9.0	3.073858456837238e-5
9.5	2.7394023794382005e-5
10.0	2.4414346104134163e-5
10.5	2.1759126857519755e-5
11.0	1.9392794307480687e-5
11.5	1.728383525295759e-5
12.0	1.5404232408966336e-5
12.5	1.372903629959742e-5
13.0	1.2236016449315225e-5
13.5	1.0905361136710187e-5
14.0	9.719413343602316e-6
14.5	8.662436260585435e-6
15.0	7.720404443770411e-6
15.5	6.880817703282292e-6
16.0	6.13253523317765e-6
16.5	5.4656277797078585e-6
17.0	4.871245886154445e-6
17.5	4.3415024659153205e-6
18.0	3.869368145657003e-6
18.5	3.4485779898016803e-6
19.0	3.0735483686380958e-6
19.5	2.7393028669481397e-6
20.0	2.441406250000006e-6
