-20.0	0.15108452733062774
-19.5	0.13480284010174287
-19.0	0.12029165879298458
-18.5	0.10735842894872696
-18.0	0.09583153459738593
-17.5	0.08555802101858381
-17.0	0.07640156513558229
-16.5	0.06824066660177604
-16.0	0.06096703557850566
-15.5	0.05448415581183919
-15.0	0.04870600394194537
-14.5	0.04355590805227489
-14.0	0.03896553031351578
-13.5	0.03487396022436655
-13.0	0.03122690641900562
-12.5	0.027975976319742493
-12.0	0.025078034079529948
-11.5	0.02249462829854332
-11.0	0.020191481926144682
-10.5	0.01813803758547491
-10.0	0.01630705229501208
-9.5	0.014674236218465784
-9.0	0.013217930660667043
-8.5	0.011918821050305946
-8.0	0.010759681117257818
-7.5	0.00972514488974013
-7.0	0.00880150350929293
-6.5	0.00797652419522742
-6.0	0.007239288988722837
-5.5	0.006580051174643183
-5.0	0.005990107518543731
-4.5	0.0054616846716348325
-4.0	0.004987838289114545
-3.5	0.004562363578666521
-3.0	0.004179716149345968
-2.5	0.0038349421643472954
-2.0	0.003523616917446729
-1.5	0.0032417910487732154
-1.0	0.002985943692519297
-0.5	0.0027529419028358296
0.0	0.0025400057351129012
0.5	0.0023446783644072676
1.0	0.0021648006001904387
1.5	0.001998489107396492
2.0	0.001844117573131924
2.5	0.0017002999717572885
3.0	0.0015658749924753223
3.5	0.0014398906273941038
4.0	0.0013215878970487113
4.5	0.0012103827485179814
5.0	0.001105845338328487
5.5	0.0010076762205699103
6.0	9.156794278598446e-4
6.5	8.297330186149368e-4
7.0	7.497583195355518e-4
7.5	6.756897078337769e-4
8.0	6.074472095366015e-4
8.5	5.449142976549176e-4
9.0	4.8792294058761643e-4
9.5	4.3624715347176526e-4
10.0	3.896051425840508e-4
10.5	3.4766883961307344e-4
11.0	3.100783945651952e-4
11.5	2.764594294224032e-4
12.0	2.464381288151053e-4
12.5	2.1965497134477383e-4
13.0	1.9577349261454903e-4
13.5	1.7448507913402078e-4
14.0	1.5551046161175542e-4
14.5	1.3859895225938417e-4
15.0	1.2352646684987218e-4
15.5	1.1009308272814347e-4
16.0	9.812056367988254e-5
16.5	8.745004447162694e-5
17.0	7.793993417839177e-5
17.5	6.946403945472983e-5
18.0	6.190989033057209e-5
18.5	5.51772478368731e-5
19.0	4.917677389820578e-5
19.5	4.382884587120098e-5
20.0	3.906250000012152e-5
