-20.0	3.1249999999999885
-19.5	2.7851591816680035
-19.0	2.482275733513408
-18.5	2.2123305762004435
-18.0	1.971741701500593
-17.5	1.757316641219828
-17.0	1.566210105085265
-16.5	1.3958862254717772
-16.0	1.2440849079796896
-15.5	1.1087918413549094
-15.0	0.9882117688026262
-14.5	0.8807446660201567
-14.0	0.7849645098467463
-13.5	0.6996003558026107
-13.0	0.623519473427787
-12.5	0.5557123156371601
-12.0	0.49527912264408874
-11.5	0.4414179826946095
-11.0	0.3934141911856636
-10.5	0.350630766969363
-10.0	0.31249999999999506
-9.5	0.27851591816680044
-9.0	0.24822757335134238
-8.5	0.2212330576200482
-8.0	0.1971741701500649
-7.5	0.17573166412198749
-7.0	0.15662101050851995
-6.5	0.1395886225471698
-6.0	0.12440849079796071
-5.5	0.1108791841354881
-5.0	0.09882117688026205
-4.5	0.08807446660201969
-4.0	0.07849645098467865
-3.5	0.06996003558025966
-3.0	0.0623519473427733
-2.5	0.05557123156371199
-2.0	0.049527912264411965
-1.5	0.04414179826946701
-1.0	0.03934141911856757
-0.5	0.035063076696931914
0.0	0.0312500000000004
0.5	0.027851591816683608
1.0	0.024822757335130417
1.5	0.02212330576200248
2.0	0.01971741701500959
2.5	0.017573166412194488
3.0	0.015662101050855533
3.5	0.013958862254715253
4.0	0.012440849079799018
4.5	0.011087918413546467
5.0	0.009882117688029542
5.5	0.008807446660199152
6.0	0.00784964509846554
6.5	0.006996003558028416
7.0	0.006235194734280525
7.5	0.005557123156374023
8.0	0.00495279122644344
8.5	0.004414179826947854
9.0	0.0039341419118548
9.5	0.003506307669694391
10.0	0.0031249999999983656
10.5	0.0027851591816692393
11.0	0.0024822757254492336
11.5	0.002212330558715812
12.0	0.001971741695074323
12.5	0.001757316639849251
13.0	0.0015662101048864831
13.5	0.0013958862254513447
14.0	0.001244084907978447
14.5	0.0011087918413547958
15.0	9.882117688025849e-4
15.5	8.807446660201117e-4
16.0	7.849645098467225e-4
16.5	6.996003558025913e-4
17.0	6.235194734277576e-4
17.5	5.557123156371544e-4
18.0	4.9527912264409e-4
18.5	4.4141798269460613e-4
19.0	3.934141911856738e-4
19.5	3.50630766969356e-4
20.0	3.124999999999948e-4
