-20.0	45.156896635268026
-19.5	39.68220047366802
-19.0	34.84130492689399
-18.5	30.563063696608452
-18.0	26.784187958830394
-17.5	23.448384958670896
-17.0	20.505590665555996
-16.5	17.911286239407858
-16.0	15.625889174208998
-15.5	13.61421097994184
-15.0	11.844974150304141
-14.5	10.290381953512291
-14.0	8.9257352875575
-13.5	7.7290914686659065
-13.0	6.680960380931656
-12.5	5.764033913389871
-12.0	4.962945054959407
-11.5	4.264053413464634
-11.0	3.655254277699014
-10.5	3.125808655813902
-10.0	2.666192003430664
-9.5	2.2679596044387136
-9.0	1.9236267897797925
-8.5	1.6265623775553388
-8.0	1.3708938941026894
-7.5	1.151423292630477
-7.0	0.9635520255700623
-6.5	0.803214450860771
-6.0	0.6668186625142046
-5.5	0.5511939334632608
-5.0	0.45354404515189023
-4.5	0.37140585473885446
-4.0	0.3026125182185569
-3.5	0.24526084718200095
-3.0	0.19768232931060045
-2.5	0.1584173888986903
-2.0	0.12619250469471513
-1.5	0.09989983903813636
-1.0	0.07857906563809353
-0.5	0.06140111432515706
0.0	0.04765358065442052
0.5	0.03672757715471949
1.0	0.028105831931723602
1.5	0.02135186956752491
2.0	0.016100138740124705
2.5	0.012046980159595832
3.0	0.0089423562867911
3.5	0.006582289531400654
4.0	0.004801976729394928
4.5	0.0034695633687179873
5.0	0.0024805704165952788
5.5	0.0017529694577932864
6.0	0.0012228986829554923
6.5	8.410040507985793e-4
7.0	5.693780848524847e-4
7.5	3.79054857010647e-4
8.0	2.4800563113619873e-4
8.5	1.595676060881463e-4
9.0	1.0123059830294361e-4
9.5	6.370536370731324e-5
10.0	4.02033697978885e-5
10.5	2.5870100565799528e-5
11.0	1.73295244708793e-5
11.5	1.2312659620198414e-5
12.0	9.354677219611998e-6
12.5	7.5526641198402724e-6
13.0	6.378185182069683e-6
13.5	5.5390233337417345e-6
14.0	4.882910619381664e-6
14.5	4.334847371665007e-6
15.0	3.859287466937052e-6
15.5	3.4391998701916977e-6
16.0	3.065535836100514e-6
16.5	2.732468695900283e-6
17.0	2.4354833958429187e-6
17.5	2.170701529263032e-6
18.0	1.9346684004573927e-6
18.5	1.7242846460777082e-6
19.0	1.5367731348542628e-6
19.5	1.3696512166006042e-6
20.0	1.2207030873141966e-6
