-20.0	125.51043613994666
-19.5	111.9425952384183
-19.0	99.85024449872999
-18.5	89.07292564792309
-18.0	79.46763009401678
-17.5	70.90690127960042
-17.0	63.27714340605163
-16.5	56.477114078378804
-16.0	50.41658086984833
-15.5	45.01512398130027
-15.0	40.20106910276481
-14.5	35.91053631940259
-14.0	32.08659243582448
-13.5	28.678495472708402
-13.0	25.641021302988605
-12.5	22.933863492393495
-12.0	20.52109837231409
-11.5	18.3707082410902
-11.0	16.454156356214725
-10.5	14.746008064831718
-10.0	13.223593027049311
-9.5	11.866704026164722
-9.0	10.65732833703972
-8.5	9.579408044150167
-8.0	8.618626071731033
-7.5	7.7622150087102515
-7.0	6.99878608953143
-6.5	6.318175925360659
-6.0	5.7113087744273
-5.5	5.170072294242364
-5.0	4.68720483561773
-4.5	4.256192423996678
-4.0	3.8711736387324343
-3.5	3.526850670247175
-3.0	3.2184049568281528
-2.5	2.941416069618084
-2.0	2.691783089508843
-1.5	2.465648880418403
-1.0	2.2593298355442966
-0.5	2.0692574350814645
0.0	1.8919438943114328
0.5	1.7239924144791658
1.0	1.5621815707238607
1.5	1.403658048241973
2.0	1.246261344378574
2.5	1.0889623348747364
3.0	0.9323144332499368
3.5	0.7787114841549646
4.0	0.6321957351605236
4.5	0.4976692406867648
5.0	0.37966054677042327
5.5	0.2811176288116614
6.0	0.20275554376432206
6.5	0.14318344262065533
7.0	0.09960889320154136
7.5	0.06869927638294816
8.0	0.04725984623280151
8.5	0.03260409952506394
9.0	0.022661318183730975
9.5	0.015927582872990807
10.0	0.011353654363608806
10.5	0.008226342145542211
11.0	0.006068340752433936
11.5	0.004562630599732139
12.0	0.003498997621272395
12.5	0.002737652812874632
13.0	0.0021850567655705357
13.5	0.0017780630869685884
14.0	0.001473583823271733
14.5	0.0012418690598100758
15.0	0.0010621387775424926
15.5	9.19743235677764e-4
16.0	8.043121807290649e-4
16.5	7.085329279402677e-4
17.0	6.273142869715034e-4
17.5	5.57177961754003e-4
18.0	4.957871298679279e-4
18.5	4.4157380403492453e-4
19.0	3.9345584343567863e-4
19.5	3.5064030671890797e-4
20.0	3.125018370234489e-4
