-20.0	0.2669912076545173
-19.5	0.2380328679759776
-19.0	0.21222366261372136
-18.5	0.1892211191469505
-18.0	0.16872000786683414
-17.5	0.15044829156724668
-17.0	0.13416351578078206
-16.5	0.1196495915609038
-16.0	0.10671392811993609
-15.5	0.09518487727515901
-15.0	0.08490945579277562
-14.5	0.07575131540723098
-14.0	0.06758893357996372
-13.5	0.06031400099095801
-13.0	0.05382998436713078
-12.5	0.048050845578559945
-12.0	0.04289990000742222
-11.5	0.0383087990428726
-11.0	0.03421662320294995
-10.5	0.03056907385274759
-10.0	0.02731775279742805
-9.5	0.02441952019543186
-9.0	0.021835922277566068
-8.5	0.019532681285242683
-8.0	0.0174792408679835
-7.5	0.01564836091820936
-7.0	0.014015756479094699
-6.5	0.012559775948370532
-6.0	0.011261114324700965
-5.5	0.010102557711238991
-5.0	0.009068755707983146
-4.5	0.008146018697581407
-4.0	0.0073221373620021655
-3.5	0.006586222063593685
-3.0	0.0059285599889402334
-2.5	0.005340488187470824
-2.0	0.004814280844362179
-1.5	0.004343049307600525
-1.0	0.003920653546041614
-0.5	0.00354162384684219
0.0	0.0032010916697484152
0.5	0.00289472866086298
1.0	0.002618692890523173
1.5	0.0023695814200764484
2.0	0.002144388324941882
2.5	0.0019404673087385273
3.0	0.0017554980435547426
3.5	0.0015874553795317365
4.0	0.0014345805928337113
4.5	0.0012953539032718054
5.0	0.0011684676154321153
5.5	0.001052799419909877
6.0	9.473856582208678e-4
6.5	8.513946764165869e-4
7.0	7.641007496594068e-4
7.5	6.848593949603235e-4
8.0	6.130851258792022e-4
8.5	5.482327721855907e-4
9.0	4.897833268956422e-4
9.5	4.372348818413767e-4
10.0	3.900986219633768e-4
10.5	3.4789919029404055e-4
11.0	3.1017805276629343e-4
11.5	2.764990324379251e-4
12.0	2.4645243899693633e-4
12.5	2.1965962008765536e-4
13.0	1.9577483311365804e-4
13.5	1.7448541737767262e-4
14.0	1.555105351044566e-4
14.5	1.3859896576420318e-4
15.0	1.2352646890654e-4
15.5	1.1009308298186304e-4
16.0	9.812056370452592e-5
16.5	8.745004447341994e-5
17.0	7.793993417841861e-5
17.5	6.94640394546843e-5
18.0	6.190989033052086e-5
18.5	5.517724783682919e-5
19.0	4.9176773898207404e-5
19.5	4.382884587115707e-5
20.0	3.906250000003126e-5
