-20.0	0.5734395764306606
-19.5	0.5116922004637834
-19.0	0.456659330036582
-18.5	0.40761071282337347
-18.0	0.36389550401351767
-17.5	0.3249336300244823
-17.0	0.29020809131349035
-16.5	0.25925810215270095
-16.0	0.23167297633869988
-15.5	0.20708667770690847
-15.0	0.1851729631424719
-14.5	0.16564105364349835
-14.0	0.1482317759994919
-13.5	0.13271412389478593
-13.0	0.11888219281315093
-12.5	0.10655244808287262
-12.0	0.09556128982430007
-11.5	0.08576288250439695
-11.0	0.07702722031916076
-10.5	0.06923840275719143
-10.0	0.06229309749361417
-9.5	0.05609917025572944
-9.0	0.05057446352592221
-8.5	0.04564570793230602
-8.0	0.04124755194918661
-7.5	0.037321697114029495
-7.0	0.03381612738261251
-6.5	0.030684422511126574
-6.0	0.027885146488048004
-5.5	0.02538130305689383
-5.0	0.023139851281137352
-4.5	0.02113127492178654
-4.0	0.01932920013130357
-3.5	0.01771005661982293
-3.0	0.0162527780336892
-2.5	0.014938537792597795
-2.0	0.013750517072563376
-1.5	0.01267370198280475
-1.0	0.011694707271194614
-0.5	0.010801624086619228
0.0	0.00998388942960863
0.5	0.009232174919372428
1.0	0.008538292392383011
1.5	0.007895113627110296
2.0	0.007296501182061696
2.5	0.006737246962672291
3.0	0.00621301475446448
3.5	0.005720282675419942
4.0	0.005256281404034717
4.5	0.004818924271100304
5.0	0.004406726025852757
5.5	0.004018708353865072
6.0	0.0036542921461497208
6.5	0.003313178933178146
7.0	0.0029952265989065738
7.5	0.0027003270278213518
8.0	0.002428295117103539
8.5	0.0021787790266169366
9.0	0.0019512001593656805
9.5	0.0017447280679024763
10.0	0.001558290679333628
10.5	0.0013906148872710813
11.0	0.0012402875056456847
11.5	0.001105827397526106
12.0	9.857488046061819e-4
12.5	8.786186873941879e-4
13.0	7.830936276686309e-4
13.5	6.979402308736476e-4
14.0	6.220418280583548e-4
14.5	5.543958057098522e-4
15.0	4.94105866902482e-4
15.5	4.403723308525273e-4
16.0	3.924822547137913e-4
16.5	3.498001778861268e-4
17.0	3.117597367133518e-4
17.5	2.778561578189176e-4
18.0	2.4763956132223264e-4
18.5	2.2070899134733757e-4
19.0	1.967070955928643e-4
19.5	1.7531538348444786e-4
20.0	1.5625000000007994e-4
