-20.0	27.716423118662384
-19.5	24.320981560797808
-19.0	21.32088005587265
-18.5	18.671618348688504
-18.0	16.333617269393287
-17.5	14.27167887790106
-17.0	12.454505577041594
-16.5	10.85427176759974
-16.0	9.446242318226336
-15.5	8.208432746855896
-15.0	7.121306566131638
-14.5	6.167505740654615
-14.0	5.331610645361976
-13.5	4.599926307764682
-13.0	3.96029206742118
-12.5	3.401912098503416
-12.0	2.915204519815852
-11.5	2.491667064824511
-11.0	2.123757505459272
-10.5	1.80478722056709
-10.0	1.5288264755851746
-9.5	1.2906201365422407
-9.0	1.0855126809852413
-8.5	0.9093814927092859
-8.0	0.7585775378515182
-7.5	0.629872618484753
-7.0	0.5204124875658082
-6.5	0.42767518712387587
-6.0	0.34943404090601915
-5.5	0.28372479424441543
-5.0	0.2288164484271575
-4.5	0.18318538507652363
-4.0	0.1454924185622902
-3.5	0.11456245185817704
-3.0	0.08936644402721149
-2.5	0.069005426134226
-2.0	0.05269632734708061
-1.5	0.03975939474222928
-1.0	0.029607009420378402
-0.5	0.021733718492835907
0.0	0.015707317965437607
0.5	0.011160836189717187
1.0	0.007785282104489863
1.5	0.005323037688963784
2.0	0.0035617905550884453
2.5	0.0023289208864926726
3.0	0.0014862771409393013
3.5	9.252967518025261e-4
4.0	5.624505366068936e-4
4.5	3.350110503680003e-4
5.0	1.9716352970775822e-4
5.5	1.1649085536356534e-4
6.0	7.086885091754985e-5
6.5	4.580376531714293e-5
7.0	3.223003051612391e-5
7.5	2.476531887642903e-5
8.0	2.03953854651917e-5
8.5	1.753814274877509e-5
9.0	1.5419705653797225e-5
9.5	1.3687999981946597e-5
10.0	1.2192558942113511e-5
10.5	1.087023305311643e-5
11.0	9.691818949125019e-6
11.5	8.640000348227364e-6
12.0	7.701408783203867e-6
12.5	6.86428655248637e-6
13.0	6.1179412682584955e-6
13.5	5.452663660436557e-6
14.0	4.859702997361294e-6
14.5	4.331217455058634e-6
15.0	3.860202119051754e-6
15.5	3.440408838954563e-6
16.0	3.066267615355712e-6
16.5	2.73281388976449e-6
17.0	2.4356229430751343e-6
17.5	2.170751232959643e-6
18.0	1.9346840728296308e-6
18.5	1.724288994901644e-6
19.0	1.5367741843189543e-6
19.5	1.3696514334743902e-6
20.0	1.2207031250024812e-6
