-20.0	13.1126797193899
-19.5	11.690443351908593
-19.0	10.422676832741564
-18.5	9.292566309848198
-18.0	8.28512609471882
-17.5	7.3869997590944925
-17.0	6.5862828766427155
-16.5	5.872365055954998
-16.0	5.23578916803607
-15.5	4.668125900356547
-15.0	4.161861973656596
-14.5	3.7103005398196744
-14.0	3.307472441542648
-13.5	2.948057159539059
-13.0	2.6273124023908574
-12.5	2.341011409689051
-12.0	2.0853871421556263
-11.5	1.8570826243090237
-11.0	1.6531067869261065
-10.5	1.4707952288481392
-10.0	1.3077753811635482
-9.5	1.1619356117368613
-9.0	1.0313978545164753
-8.5	0.9144933858245151
-8.0	0.8097413985757154
-7.5	0.7158300447294387
-7.0	0.6315996261991293
-6.5	0.5560276156128169
-6.0	0.4882151827980405
-5.5	0.42737489479580976
-5.0	0.37281925346353184
-4.5	0.32394974507906127
-4.0	0.28024611271460736
-3.5	0.24125563623790114
-3.0	0.2065823240569756
-2.5	0.175876082844902
-2.0	0.14882211922587027
-1.5	0.1251310065905362
-1.0	0.10452997397229967
-0.5	0.0867559948849976
0.0	0.07155114220803582
0.5	0.058660434912249024
1.0	0.04783207911679515
1.5	0.038819676733504685
2.0	0.03138572385103334
2.5	0.025305609392561608
3.0	0.020371370154794288
3.5	0.016394632486145224
4.0	0.013208414003508794
4.5	0.010667704629726124
5.0	0.008648943454214892
5.5	0.007048630842893089
6.0	0.005781363271058929
6.5	0.004777567745357141
7.0	0.003981166224508194
7.5	0.0033473394473176286
8.0	0.0028404994453205368
8.5	0.0024325292031038568
9.0	0.0021013089397856556
9.5	0.001829519942671307
10.0	0.0016036959916067106
10.5	0.001413477422294245
11.0	0.00125101474742327
11.5	0.0011104706184422242
12.0	9.875826542773e-4
12.5	8.792716718604938e-4
13.0	7.833004890447422e-4
13.5	6.979976849933847e-4
14.0	6.220555919135641e-4
14.5	5.543985983956515e-4
15.0	4.941063371292955e-4
15.5	4.403723950720062e-4
16.0	3.924822616470084e-4
16.5	3.49800178460667e-4
17.0	3.1175973674848974e-4
17.5	2.778561578201179e-4
18.0	2.476395613220964e-4
18.5	2.2070899134730897e-4
19.0	1.967070955931854e-4
19.5	1.7531538353089806e-4
20.0	1.5625000460008255e-4
