-20.0	0.06671283193998494
-19.5	0.059471110080385366
-19.0	0.05301655374463987
-18.5	0.04726353726313853
-18.0	0.042135745347132436
-17.5	0.03756516052417347
-17.0	0.03349116068905024
-16.5	0.02985971479647154
-16.0	0.026622666024200093
-15.5	0.023737092896591303
-15.0	0.021164739892973992
-14.5	0.018871509988110494
-14.0	0.01682701239408687
-13.5	0.015004159506191703
-13.0	0.013378807708886073
-12.5	0.011929437280904499
-12.0	0.010636867158239124
-11.5	0.009484000777336582
-11.0	0.008455599634380879
-10.5	0.007538081565383019
-10.0	0.006719341080770297
-9.5	0.0059885893814602045
-9.0	0.005336211944610414
-8.5	0.004753641799365526
-8.0	0.004233246818587423
-7.5	0.0037682295336405798
-7.0	0.0033525381373058264
-6.5	0.0029807874757249975
-6.0	0.0026481889445241187
-5.5	0.0023504882971923137
-5.0	0.002083910445888515
-4.5	0.0018451103871077188
-4.0	0.0016311294195003833
-3.5	0.001439355843274888
-3.0	0.001267489347963465
-2.5	0.0011135083197929634
-2.0	9.756393471982144e-4
-1.5	8.523282912025098e-4
-1.0	7.422124331121447e-4
-0.5	6.440934246434715e-4
0.0	5.569110400103712e-4
0.5	4.7971803932879637e-4
1.0	4.116567484501901e-4
1.5	3.519381753306106e-4
2.0	2.998245492979319e-4
2.5	2.5461604083290524e-4
3.0	2.156420936186176e-4
3.5	1.8225733088848636e-4
4.0	1.538414847973251e-4
4.5	1.29802359995719e-4
5.0	1.0958058161363642e-4
5.5	9.265484382606951e-5
6.0	7.854655577869705e-5
6.5	6.682311244702552e-5
7.0	5.709940914988802e-5
7.5	4.903758391939174e-5
8.0	4.234525002493902e-5
8.5	3.67726408145946e-5
9.0	3.2109126547726806e-5
9.5	2.8179493261039075e-5
10.0	2.4840228039884393e-5
10.5	2.1975881913367017e-5
11.0	1.9495445104518427e-5
11.5	1.7328631785631685e-5
12.0	1.5422054116325454e-5
12.5	1.3735423718332754e-5
13.0	1.2238051950803626e-5
13.5	1.09059295367639e-5
14.0	9.71955018314557e-6
14.5	8.66246415050494e-6
15.0	7.720409159135232e-6
15.5	6.880818349677124e-6
16.0	6.132535303205537e-6
16.5	5.465627785533628e-6
17.0	4.87124588651485e-6
17.5	4.3415024659313015e-6
18.0	3.869368145657497e-6
18.5	3.4485779898016434e-6
19.0	3.073548368638095e-6
19.5	2.7393028669481193e-6
20.0	2.4414062499999907e-6
