-20.0	0.043887057992713356
-19.5	0.03915467400312559
-19.0	0.03493688480278632
-18.5	0.031177722964815944
-18.0	0.02782730678762983
-17.5	0.02484117839984622
-17.0	0.022179713837401152
-16.5	0.019807597265187476
-16.0	0.01769335236685754
-15.5	0.01580892468510568
-15.0	0.01412930937090868
-14.5	0.012632219402951865
-14.0	0.011297789875572384
-13.5	0.010108314432490644
-13.0	0.00904801035027818
-12.5	0.008102809156129187
-12.0	0.007260170003607127
-11.5	0.00650891333252879
-11.0	0.00583907260888667
-10.5	0.005241762181192244
-10.0	0.004709059504312194
-9.5	0.004233900173373062
-9.0	0.0038099843812998014
-8.5	0.003431693566271594
-8.0	0.0030940161517970604
-7.5	0.002792481404093259
-7.0	0.0025231005404578815
-6.5	0.0022823143197394464
-6.0	0.002066946432979445
-5.5	0.0018741620898846344
-5.0	0.0017014312654090075
-4.5	0.0015464961313515825
-4.0	0.0014073422505699418
-3.5	0.0012821731562038894
-3.0	0.0011693879756511716
-2.5	0.001067561788031162
-2.0	9.754284250500749e-4
-1.5	8.918654376930623e-4
-1.0	8.158809558335162e-4
-0.5	7.466021647145513e-4
0.0	6.832651136073761e-4
0.5	6.252055601940553e-4
1.0	5.718505439043788e-4
1.5	5.227103786511974e-4
2.0	4.7737076813204535e-4
2.5	4.354847826460984e-4
3.0	3.96764502602587e-4
3.5	3.609722355149855e-4
4.0	3.279113470849608e-4
4.5	2.9741690247558493e-4
5.0	2.6934647144118075e-4
5.5	2.4357157657344566e-4
6.0	2.1997032726635984e-4
6.5	1.9842174755299512e-4
7.0	1.7880216210169536e-4
7.5	1.6098376210070908e-4
8.0	1.4483517357699767e-4
8.5	1.3022356496568584e-4
9.0	1.1701763262270283e-4
9.5	1.0509074900114961e-4
10.0	9.432366107942799e-5
10.5	8.460634824835256e-5
11.0	7.583888271054615e-5
11.5	6.793157262893561e-5
12.0	6.080410658835267e-5
12.5	5.438471283121071e-5
13.0	4.860894065601134e-5
13.5	4.341849101886303e-5
14.0	3.876018319157534e-5
14.5	3.458510988356444e-5
15.0	3.084801197565315e-5
15.5	2.750687069704428e-5
16.0	2.4522685074185796e-5
16.5	2.1859380007797794e-5
17.0	1.948378036507745e-5
17.5	1.7365591296460614e-5
18.0	1.5477342326163958e-5
18.5	1.3794276184137541e-5
19.0	1.229418493323603e-5
19.5	1.0957209725107828e-5
20.0	9.765624701941312e-6
