-20.0	103.02747855696809
-19.5	91.90734658166704
-19.0	81.9965188514361
-18.5	73.16348449102843
-18.0	65.29103429977589
-17.5	58.274705440926944
-17.0	52.02139527523933
-16.5	46.44812593197556
-16.0	41.48094322534269
-15.5	37.05393530813619
-15.0	33.10835803319754
-14.5	29.591855420609832
-14.0	26.457764877252337
-13.5	23.664497952764496
-13.0	21.17498840168431
-12.5	18.956200227415522
-12.0	16.978689165508044
-11.5	15.216211776908215
-11.0	13.64537694485375
-10.5	12.24533512725001
-10.0	10.997501207954294
-9.5	9.885307225456936
-9.0	8.893981638162147
-8.5	8.010352115436463
-8.0	7.2226691302538075
-7.5	6.520447865702229
-7.0	5.894326144601584
-6.5	5.335936240186819
-6.0	4.837788533957959
-5.5	4.393165052188713
-5.0	3.9960209447025883
-4.5	3.6408919883332613
-4.0	3.3228062466448973
-3.5	3.0371981889137967
-3.0	2.77982404006381
-2.5	2.546678216956674
-2.0	2.3339129344930405
-1.5	2.137767240678219
-1.0	1.9545188627803136
-0.5	1.7804830541540597
0.0	1.612096220422345
0.5	1.446133041451577
1.0	1.2800999714685621
1.5	1.1128009270897332
2.0	0.9449593184195493
2.5	0.7796198479390785
3.0	0.6219493939354047
3.5	0.4781899756625475
4.0	0.3539662883660992
4.5	0.2526581784824848
5.0	0.17462962127956974
5.5	0.11759177590460196
6.0	0.07770709201123611
6.5	0.05077309642162219
7.0	0.033035432224906035
7.5	0.021538735230854346
8.0	0.014145919448507856
8.5	0.009398113013900365
9.0	0.006336736593754114
9.5	0.004346816337832019
10.0	0.003039024832353725
10.5	0.0021682089506037646
11.0	0.0015799235226764516
11.5	0.0011763972693416313
12.0	8.952369414348244e-4
12.5	6.962099933498716e-4
13.0	5.530565812599074e-4
13.5	4.4840447079758707e-4
14.0	3.7059428651168875e-4
14.5	3.116842670961136e-4
15.0	2.661881628526442e-4
15.5	2.3027246488848294e-4
16.0	2.0124249133918648e-4
16.5	1.7720843707382384e-4
17.0	1.568603500363692e-4
17.5	1.3930672999178624e-4
18.0	1.2395101933236364e-4
18.5	1.1039474988532769e-4
19.0	9.836430799022021e-5
19.5	8.76601561793552e-5
20.0	7.812547456446219e-5
