-20.0	0.30490167029510407
-19.5	0.27233469584607223
-19.0	0.24330845699985576
-18.5	0.21743779485219053
-18.0	0.19437942350791068
-17.5	0.17382737499370446
-17.0	0.1555089393844931
-16.5	0.13918104627806788
-16.0	0.12462703961095586
-15.5	0.11165380302955683
-15.0	0.10008919768542873
-14.5	0.08977977847172158
-14.0	0.08058875841669494
-13.5	0.0723941942475897
-13.0	0.06508736907868046
-12.5	0.05857135079955101
-12.0	0.05275970707952091
-11.5	0.04757535999139062
-11.0	0.042949565122542735
-10.5	0.038821001705500104
-10.0	0.03513496178908031
-9.5	0.031842627802408645
-9.0	0.028900429055899325
-8.5	0.026269468791464134
-8.0	0.02391501435090296
-7.5	0.021806043890214274
-7.0	0.019914843835485547
-6.5	0.018216651962357545
-6.0	0.016689341589741415
-5.5	0.015313142913960215
-5.0	0.014070397969270463
-4.5	0.012945346085874191
-4.0	0.011923937020211774
-3.5	0.01099366914673053
-3.0	0.010143450221505784
-2.5	0.009363478242525593
-2.0	0.008645139841117849
-1.5	0.007980923440516194
-1.0	0.007364344130991138
-0.5	0.006789876863104283
0.0	0.006252894212544303
0.5	0.005749604701558558
1.0	0.005276987585030959
1.5	0.004832720255226304
2.0	0.00441509512504747
2.5	0.004022924115031712
3.0	0.003655430727433047
3.5	0.0033121320599003258
4.0	0.002992715730606448
4.5	0.0026969191317819394
5.0	0.0024244201506746234
5.5	0.002174748878907994
6.0	0.0019472284704331743
6.5	0.001740950073953373
7.0	0.001554782095630931
7.5	0.001387408869931576
8.0	0.0012373893941737587
8.5	0.0011032243507048591
9.0	9.834198934966165e-4
9.5	8.76539465796475e-4
10.0	7.812392318383454e-4
10.5	6.962870872552602e-4
11.0	6.205681234745482e-4
11.5	5.530824440408476e-4
12.0	4.929353901186981e-4
12.5	4.3932915550026156e-4
13.0	3.915525257728032e-4
13.5	3.489715563251856e-4
14.0	3.1102122699393393e-4
14.5	2.7719796033921795e-4
15.0	2.470529422009842e-4
15.5	2.2018616650517936e-4
16.0	1.9624112746193358e-4
16.5	1.749000889508935e-4
17.0	1.5587986835720032e-4
17.5	1.3892807890946975e-4
18.0	1.2381978066114418e-4
18.5	1.103544956737462e-4
19.0	9.835354779641156e-5
19.5	8.765769174240196e-5
20.0	7.812500000024304e-5
