-20.0	0.10242537902331596
-19.5	0.09131684892228911
-19.0	0.0814146952369436
-18.5	0.07258762547740086
-18.0	0.0647186193374921
-17.5	0.05770337639475915
-17.0	0.051448932653857075
-16.5	0.0458724275864781
-16.0	0.0409000053201255
-15.5	0.03646583541216042
-15.0	0.03251124023424545
-14.5	0.02898391741246519
-14.0	0.02583724703343127
-13.5	0.02302967445698535
-13.0	0.0205241605843882
-12.5	0.01828769233181444
-12.0	0.016290846862262086
-11.5	0.014507403845306344
-11.0	0.012914000651263257
-10.5	0.011489825950199392
-10.0	0.010216347681243033
-9.5	0.009077071786283348
-9.0	0.008057328464562872
-8.5	0.007144082999171656
-8.0	0.006325768430695265
-7.5	0.005592137504123476
-7.0	0.004934131392359057
-6.5	0.004343762708533559
-6.0	0.0038140102760584214
-5.5	0.003338723062079519
-5.0	0.002912530650635649
-4.5	0.00253075771254564
-4.0	0.002189340212953008
-3.5	0.0018847416761561503
-3.0	0.0016138687589322017
-2.5	0.0013739866500236122
-2.0	0.001162636280109611
-1.5	9.7755672643953e-4
-1.0	8.166171631849992e-4
-0.5	6.777628724289158e-4
0.0	5.58978957239202e-4
0.5	4.5827352107457377e-4
1.0	3.7367955204777086e-4
1.5	3.032721784603833e-4
2.0	2.451960002524879e-4
2.5	1.9769632892154798e-4
3.0	1.591485244049835e-4
3.5	1.2808097786400275e-4
4.0	1.0318918877161541e-4
4.5	8.334030560652599e-5
5.0	6.756904022995908e-5
5.5	5.506682636478009e-5
6.0	4.516646799683454e-5
6.5	3.732444066935361e-5
7.0	3.110264572949831e-5
7.5	2.6150941031177426e-5
8.0	2.2191301836046576e-5
8.5	1.9004068673732922e-5
9.0	1.6416434316893962e-5
9.5	1.429309903687449e-5
10.0	1.252886008005482e-5
10.5	1.1042784192926736e-5
11.0	9.773548480965741e-6
11.5	8.675549638438232e-6
12.0	7.715488590963832e-6
12.5	6.869309588785974e-6
13.0	6.1195349499567255e-6
13.5	5.453106877036074e-6
14.0	4.85980930201871e-6
14.5	4.33123904775834e-6
15.0	3.860205758409659e-6
15.5	3.4404093364373135e-6
16.0	3.0662676691097493e-6
16.5	2.7328138942232704e-6
17.0	2.435622943347538e-6
17.5	2.170751232969656e-6
18.0	1.934684072828882e-6
18.5	1.7242889949008355e-6
19.0	1.5367741843190462e-6
19.5	1.3696514334740724e-6
20.0	1.2207031250000108e-6
