-20.0	20.18383576450241
-19.5	17.979542804780824
-19.0	16.013517199287918
-18.5	14.259745398690475
-18.0	12.695044370179417
-17.5	11.298754074690525
-17.0	10.052463732557992
-16.5	8.939768251276321
-16.0	7.9460515949822055
-15.5	7.058294235377801
-15.0	6.264902142103839
-14.5	5.55555504989977
-14.0	4.921071980068461
-13.5	4.353292195849992
-13.0	3.8449699326724525
-12.5	3.3896813631304736
-12.0	2.9817423295915093
-11.5	2.6161354032888253
-11.0	2.288444809397289
-10.5	1.9947977017507132
-10.0	1.7318101991301909
-9.5	1.4965365433863835
-9.0	1.2864197629264624
-8.5	1.0992423936085614
-8.0	0.9330761974951999
-7.5	0.7862304826390885
-7.0	0.6571995629749132
-6.5	0.5446110115655871
-6.0	0.44717744263116993
-5.5	0.36365530170547555
-5.0	0.29281422463782986
-4.5	0.2334197301736669
-4.0	0.18423036278927046
-3.5	0.14400822863414217
-3.0	0.11153972831855741
-2.5	0.08566178923911726
-2.0	0.06528844886399728
-1.5	0.04943329989185448
-1.0	0.03722478687807638
-0.5	0.027913144758648763
0.0	0.02086939819021476
0.5	0.015577968260691412
1.0	0.011624956538910006
1.5	0.008684178368830122
2.0	0.00650267793205341
2.5	0.004886967991787913
3.0	0.0036907450242979504
3.5	0.0028044218068697018
4.0	0.0021465264286864897
4.5	0.0016568349353139322
5.0	0.0012910122582705005
5.5	0.0010165058664006294
6.0	8.094446409168013e-4
6.5	6.523235203239919e-4
7.0	5.322901782785997e-4
7.5	4.398860195100585e-4
8.0	3.6812627108249e-4
8.5	3.118313196420059e-4
9.0	2.6714337418569313e-4
9.5	2.3117931329583538e-4
10.0	2.017828065013773e-4
10.5	1.77347346435843e-4
11.0	1.5668789535672352e-4
11.5	1.3894387855376128e-4
12.0	1.235014157451998e-4
12.5	1.0992813914770851e-4
13.0	9.791866999099495e-5
13.5	8.72514161354576e-5
14.0	7.775735955763114e-5
14.5	6.929990847853673e-5
15.0	6.176330628892388e-5
15.5	5.50465513234365e-5
16.0	4.9060282915989675e-5
16.5	4.372502232506349e-5
17.0	3.896996709464251e-5
17.5	3.473201972756269e-5
18.0	3.0954945165263515e-5
18.5	2.7588623918413645e-5
19.0	2.4588386949148175e-5
19.5	2.1914422941362258e-5
20.0	1.953125057501032e-5
