-20.0	1.97163055590049e13
-19.5	2.0254402526230793e13
-19.0	2.115164371534941e13
-18.5	2.2699503442434332e13
-18.0	2.551806405935639e13
-17.5	3.1179356451117914e13
-17.0	4.4895416026280586e13
-16.5	9.598880549594228e13
-16.0	1.321681279169048e15
-15.5	1.2266890993084108e14
-15.0	1.3096879574798225e13
-14.5	3.0779942203671743e12
-14.0	9.364840615330305e11
-13.5	3.213378928882692e11
-13.0	1.1762363485854745e11
-12.5	4.47025479592592e10
-12.0	1.7383328878051865e10
-11.5	6.859336661870533e9
-11.0	2.7331099238826447e9
-10.5	1.0964724940823672e9
-10.0	4.4214111047877634e8
-9.5	1.7902844888045776e8
-9.0	7.275413607199723e7
-8.5	2.9666964716371283e7
-8.0	1.2138326853570724e7
-7.5	4983829.005718525
-7.0	2053882.0229324172
-6.5	849798.7414422143
-6.0	353125.7901060455
-5.5	147428.21705509312
-5.0	61866.12482964095
-4.5	26106.375772719857
-4.0	11083.53098474093
-3.5	4736.745598454896
-3.0	2038.9226082502955
-2.5	884.5137617757633
-2.0	386.96549179763656
-1.5	170.84439909758075
-1.0	76.17349694727926
-0.5	34.3251432589488
0.0	15.644936141869211
0.5	7.2185953108839715
1.0	3.3746591931421794
1.5	1.5999328699634372
2.0	0.7699781217119549
2.5	0.3765143337654262
3.0	0.18725835236525423
3.5	0.09481817327537774
4.0	0.04892892112556943
4.5	0.025756618733809102
5.0	0.013844332483778024
5.5	0.007605073753230558
6.0	0.00427307644158714
6.5	0.0024575514695980632
7.0	0.0014476458164619202
7.5	8.738584651909095e-4
8.0	5.40760569355585e-4
8.5	3.431341800382927e-4
9.0	2.232923811771997e-4
9.5	1.4901900811002393e-4
10.0	1.019839486755307e-4
10.5	7.156046031639747e-5
11.0	5.14709487211935e-5
11.5	3.793683716676625e-5
12.0	2.8640911737306743e-5
12.5	2.213554661833512e-5
13.0	1.7499550416508307e-5
13.5	1.4135872611472378e-5
14.0	1.1650425729447101e-5
14.5	9.778402192140349e-6
15.0	8.338880660549077e-6
15.5	7.206559335444013e-6
16.0	6.293973399777944e-6
16.5	5.540115378704423e-6
17.0	4.902879323916873e-6
17.5	4.353717850473494e-6
18.0	3.873601763184548e-6
18.5	3.4498765245470738e-6
19.0	3.0738954726064337e-6
19.5	2.7393823649716907e-6
20.0	2.4414215585333365e-6
