-20.0	9.936733890381014
-19.5	8.098771601353773
-19.0	6.594058650709368
-18.5	5.363713535690107
-18.0	4.358920842674661
-17.5	3.5392818234976393
-17.0	2.8714206289433735
-16.5	2.327809455138434
-16.0	1.8857805968217807
-15.5	1.5266976247899713
-15.0	1.2352616538558832
-14.5	0.9989319814468051
-14.0	0.807443293946885
-13.5	0.6524041946184868
-13.0	0.5269640387048745
-12.5	0.42553700139580636
-12.0	0.3435739841742074
-11.5	0.2773744138069833
-11.0	0.22393123302103166
-10.5	0.18080344743836493
-10.0	0.14601150223442153
-9.5	0.11795153458610891
-9.0	0.09532520255497363
-8.5	0.07708234388045458
-8.0	0.062374183627159026
-7.5	0.050515200401187475
-7.0	0.04095208799170639
-6.5	0.03323852243578477
-6.0	0.027014671976595725
-5.5	0.02199057636198479
-5.0	0.017932678561875012
-4.5	0.01465292151762915
-4.0	0.011999929436240448
-3.5	0.009851881185452238
-3.0	0.008110755720904512
-2.5	0.0066976888641857215
-2.0	0.005549229398771709
-1.5	0.004614322237740114
-1.0	0.003851878908266755
-0.5	0.003228822094641959
0.0	0.0027185125625719
0.5	0.0022994843445773338
1.0	0.0019544283340719878
1.5	0.0016693760166040384
2.0	0.001433044451622029
2.5	0.001236311203064276
3.0	0.001071794018083788
3.5	9.335149207465059e-4
4.0	8.166322229209764e-4
4.5	7.172269306386152e-4
5.0	6.321323105910968e-4
5.5	5.58797166530167e-4
6.0	4.951748746153301e-4
6.5	4.396316578972972e-4
7.0	3.908691018914629e-4
7.5	3.478575463169288e-4
8.0	3.097785734303821e-4
8.5	2.75976061589748e-4
9.0	2.459159126455294e-4
9.5	2.1915451239487528e-4
10.0	1.953154305835319e-4
10.5	1.740731799457116e-4
11.0	1.5514238993182098e-4
11.5	1.3827068847091118e-4
12.0	1.232338602428246e-4
12.5	1.0983229051538016e-4
13.0	9.788813160600484e-5
13.5	8.724288909443547e-5
14.0	7.775530674885215e-5
14.5	6.929949008468707e-5
15.0	6.176323555016424e-5
15.5	5.504654162625864e-5
16.0	4.906028186542216e-5
16.5	4.372502223766303e-5
17.0	3.896996708923627e-5
17.5	3.473201972732271e-5
18.0	3.095494516525634e-5
18.5	2.758862391841332e-5
19.0	2.458838694910474e-5
19.5	2.191442293558522e-5
20.0	1.953125000000028e-5
