-20.0	49.271202365441
-19.5	43.2351302241913
-19.0	37.9018556524001
-18.5	33.19227025950676
-18.0	29.036013905891412
-17.5	25.37051499716086
-17.0	22.140135607649103
-16.5	19.295410008082577
-16.0	16.79236641643828
-15.5	14.5919228997075
-15.0	12.659349342423171
-14.5	10.963788278359438
-14.0	9.47782816663544
-13.5	8.177123392856751
-13.0	7.0400558992723905
-12.5	6.047433903425167
-12.0	5.182223659870196
-11.5	4.429310660765138
-11.0	3.7752870643563505
-10.5	3.208262490825897
-10.0	2.717695637267728
-9.5	2.294244441854447
-9.0	1.9296327752256137
-8.5	1.6165318580573
-8.0	1.348454800547555
-7.5	1.1196628347746813
-7.0	0.9250819668349244
-6.5	0.7602289143773941
-6.0	0.6211453184107655
-5.5	0.504339327657891
-5.0	0.4067337506665376
-4.5	0.3256200565981236
-4.0	0.2586175812101186
-3.5	0.20363736101306848
-3.0	0.1588500768321378
-2.5	0.1226576388871555
-2.0	0.0936679898660445
-1.5	0.07067274115233486
-1.0	0.05262729129152317
-0.5	0.03863310593273954
0.0	0.027921865966236675
0.5	0.01984121660867747
1.0	0.013841876060912249
1.5	0.009465889380417824
2.0	0.006335842544582076
2.5	0.004144884179102173
3.0	0.0026474383554002468
3.5	0.0016505306377725985
4.0	0.0010056895155916555
4.5	6.014236340934282e-4
5.0	3.5630795654042173e-4
5.5	2.1273473144619613e-4
6.0	1.313938305625959e-4
6.5	8.653909553355644e-5
7.0	6.20728861173974e-5
7.5	4.844358353428473e-5
8.0	4.030718692841928e-5
8.5	3.486318600844035e-5
9.0	3.074517995889999e-5
9.5	2.7333993002815155e-5
10.0	2.436640153586902e-5
10.5	2.1732293853764213e-5
11.0	1.9380223805699228e-5
11.5	1.7278666052105738e-5
12.0	1.540233865964279e-5
12.5	1.3728417946193528e-5
13.0	1.2235837836527867e-5
13.5	1.0905316045022955e-5
14.0	9.719403544915799e-6
14.5	8.662434459954945e-6
15.0	7.720404169547875e-6
15.5	6.880817669451807e-6
16.0	6.132535229889978e-6
16.5	5.465627779469213e-6
17.0	4.871245886149374e-6
17.5	4.341502465920804e-6
18.0	3.869368145660969e-6
18.5	3.4485779898047516e-6
19.0	3.0735483686378543e-6
19.5	2.739302866950244e-6
20.0	2.441406250007971e-6
