-20.0	21.309549309178596
-19.5	19.001641056513392
-19.0	16.944715676499765
-18.5	15.111479009101766
-18.0	13.477605108137766
-17.5	12.021413450021635
-17.0	10.723581246017009
-16.5	9.566887039948494
-16.0	8.535982189133465
-15.5	7.617187196344779
-15.0	6.798310189906467
-14.5	6.06848514344947
-14.0	5.4180276881721765
-13.5	4.838306604492356
-13.0	4.3216292872712625
-12.5	3.861139664812228
-12.0	3.450727216456814
-11.5	3.084945881082341
-11.0	2.758941779685101
-10.5	2.4683887920328247
-10.0	2.2094311312320847
-9.5	1.9786321525269355
-9.0	1.7729287148035138
-8.5	1.5895904861622743
-8.0	1.4261836496667464
-7.5	1.2805385223808008
-7.0	1.1507206512007486
-6.5	1.0350049929293805
-6.0	0.9318528243479689
-5.5	0.8398910609328906
-5.0	0.7578936908180754
-4.5	0.6847650540732614
-4.0	0.6195247169693733
-3.5	0.5612937077168174
-3.0	0.5092818960907265
-2.5	0.46277631790757473
-2.0	0.421130272556403
-1.5	0.38375306829480715
-1.0	0.3501003727545894
-0.5	0.3196652710182919
0.0	0.2919703760366641
0.5	0.26656171530441297
1.0	0.2430056561221939
1.5	0.22089078457644554
2.0	0.19983721323669063
2.5	0.17951575982468662
3.0	0.15967795022406409
3.5	0.1401938624150546
4.0	0.12108822415396531
4.5	0.10255803781697666
5.0	0.08495280538936958
5.5	0.06870765550394338
6.0	0.054240973542237544
6.5	0.04185040976979352
7.0	0.03164689475904683
7.5	0.023548180515761057
8.0	0.01732394347410399
8.5	0.012664580014169273
9.0	0.009245341440198944
9.5	0.006770021035665003
10.0	0.004992059021174365
10.5	0.0037187313046449753
11.0	0.0028058048434043636
11.5	0.0021484625162375166
12.0	0.0016719508620778218
12.5	0.0013235274996869612
13.0	0.0010661498441606881
13.5	8.737971049190307e-4
14.0	7.28122485149729e-4
14.5	6.161116181326507e-4
15.0	5.284707068866587e-4
15.5	4.5852964187481453e-4
16.0	4.0149957059304535e-4
16.5	3.539659429934147e-4
17.0	3.135300904905189e-4
17.5	2.785400326818878e-4
18.0	2.478766188172711e-4
18.5	2.2078170665256386e-4
19.0	1.9672653320394783e-4
19.5	1.753198353616051e-4
20.0	1.5625085727735214e-4
