-20.0	0.16161187099456098
-19.5	0.14233849627897746
-19.0	0.12528713306432707
-18.5	0.11020836976032589
-18.0	0.0968803318024448
-17.5	0.08510566421978853
-17.0	0.07470884378866668
-16.5	0.06553378485410567
-16.0	0.057441706811494346
-15.5	0.05030923472497727
-15.0	0.04402670766392005
-14.5	0.03849667210542916
-14.0	0.033632540216224464
-13.5	0.02935739502381057
-13.0	0.025602926444319555
-12.5	0.022308483878496786
-12.0	0.019420232641458056
-11.5	0.01689040287666083
-11.0	0.014676620838584956
-10.5	0.012741313528336502
-10.0	0.011051178646496362
-9.5	0.009576712701129971
-9.0	0.008291790887674544
-8.5	0.007173293051821294
-8.0	0.006200770665836258
-7.5	0.005356150301274578
-7.0	0.004623469574122664
-6.5	0.003988641978598349
-6.0	0.0034392474189784803
-5.5	0.0029643456000641604
-5.0	0.002554309750811423
-4.5	0.0022006784362871186
-4.0	0.0018960234640266424
-3.5	0.0016338321152206817
-3.0	0.0014084021317234817
-2.5	0.0012147480691173803
-2.0	0.0010485177861730046
-1.5	9.059179839576753e-4
-1.0	7.836478352992244e-4
-0.5	6.788398588393132e-4
0.0	5.890072928189525e-4
0.5	5.119973130732285e-4
1.0	4.4594951816535856e-4
1.5	3.8925917239308275e-4
2.0	3.405447542197069e-4
2.5	2.9861940259613364e-4
3.0	2.624658853311894e-4
3.5	2.3121473099045115e-4
4.0	2.041251688797869e-4
4.5	1.8056851345830898e-4
5.0	1.6001361742757836e-4
5.5	1.4201401421413121e-4
6.0	1.261963913015182e-4
6.5	1.1225009456117545e-4
7.0	9.991746406240944e-5
7.5	8.898493032959274e-5
8.0	7.927492523936925e-5
8.5	7.063874401810335e-5
9.0	6.295050423521178e-5
9.5	5.610228138464557e-5
10.0	5.000038721440278e-5
10.5	4.4562643505267354e-5
11.0	3.9716432492629516e-5
11.5	3.539729299162527e-5
12.0	3.1547867792252385e-5
12.5	2.811706632885596e-5
13.0	2.5059361688044114e-5
13.5	2.2334179608041933e-5
14.0	1.990535852770193e-5
14.5	1.7740669461679854e-5
15.0	1.5811388300841925e-5
15.5	1.4091914656322286e-5
16.0	1.2559432157547908e-5
16.5	1.1193605692841698e-5
17.0	9.976311574844419e-6
17.5	8.89139705019465e-6
18.0	7.924465962305582e-6
18.5	7.062687723113855e-6
19.0	6.294627058981933e-6
19.5	5.610092272988738e-6
20.0	5.000000147202642e-6
