-20	3.546288843071255e-5
-19	3.959162156001034e-5
-18	4.416538650055157e-5
-17	4.922084829673295e-5
-16	5.479397692488906e-5
-15	6.091862522581173e-5
-14	6.762473518941812e-5
-13	7.493621447829031e-5
-12	8.286863989077743e-5
-11	9.142713808551651e-5
-10	1.0060509410077664e-4
-9	1.1038476724331306e-4
-8	1.2074145518457093e-4
-7	1.3165351085452724e-4
-6	1.431212208019199e-4
-5	1.5519825348983551e-4
-4	1.6804020649642445e-4
-3	1.8197632731656313e-4
-2	1.9761434311933403e-4
-1	2.1599783852481786e-4
0	2.3885710447998966e-4
1	2.6903992310270576e-4
2	3.113024216815837e-4
3	3.7382957019675705e-4
4	4.7121626557395784e-4
5	6.301670855353156e-4
6	8.989312308071333e-4
7	0.0013546087847080396
8	0.002069543194488638
9	0.002948015675198614
10	0.003555342332387913
11	0.0035201758385864546
12	0.0030361131457376407
13	0.0024661300216499787
14	0.0019698924210030415
15	0.0015684664574644885
16	0.0012479792213789336
17	9.926166104037885e-4
18	7.892876937112861e-4
19	6.274720852099775e-4
20	4.987452420819751e-4
