-20.0	206.05495711393618
-19.5	183.81469316333408
-19.0	163.9930377028722
-18.5	146.32696898205685
-18.0	130.58206859955177
-17.5	116.54941088185389
-17.0	104.04279055047866
-16.5	92.89625186395112
-16.0	82.96188645068538
-15.5	74.10787061627238
-15.0	66.21671606639508
-14.5	59.183710841219664
-14.0	52.915529754504675
-13.5	47.32899590552899
-13.0	42.34997680336862
-12.5	37.912400454831044
-12.0	33.95737833101609
-11.5	30.43242355381643
-11.0	27.2907538897075
-10.5	24.49067025450002
-10.0	21.995002415908587
-9.5	19.77061445091387
-9.0	17.787963276324295
-8.5	16.020704230872926
-8.0	14.445338260507615
-7.5	13.040895731404458
-7.0	11.788652289203169
-6.5	10.671872480373638
-6.0	9.675577067915919
-5.5	8.786330104377425
-5.0	7.992041889405177
-4.5	7.281783976666523
-4.0	6.645612493289795
-3.5	6.074396377827593
-3.0	5.55964808012762
-2.5	5.093356433913348
-2.0	4.667825868986081
-1.5	4.275534481356438
-1.0	3.9090377255606272
-0.5	3.5609661083081194
0.0	3.22419244084469
0.5	2.892266082903154
1.0	2.5601999429371243
1.5	2.2256018541794664
2.0	1.8899186368390986
2.5	1.559239695878157
3.0	1.2438987878708094
3.5	0.956379951325095
4.0	0.7079325767321984
4.5	0.5053163569649696
5.0	0.3492592425591395
5.5	0.23518355180920392
6.0	0.15541418402247223
6.5	0.10154619284324438
7.0	0.06607086444981207
7.5	0.04307747046170869
8.0	0.02829183889701571
8.5	0.01879622602780073
9.0	0.012673473187508229
9.5	0.008693632675664038
10.0	0.00607804966470745
10.5	0.004336417901207529
11.0	0.003159847045352903
11.5	0.0023527945386832626
12.0	0.0017904738828696488
12.5	0.0013924199866997432
13.0	0.0011061131625198148
13.5	8.968089415951741e-4
14.0	7.411885730233775e-4
14.5	6.233685341922272e-4
15.0	5.323763257052884e-4
15.5	4.605449297769659e-4
16.0	4.0248498267837296e-4
16.5	3.544168741476477e-4
17.0	3.137207000727384e-4
17.5	2.786134599835725e-4
18.0	2.479020386647273e-4
18.5	2.2078949977065538e-4
19.0	1.9672861598044042e-4
19.5	1.753203123587104e-4
20.0	1.5625094912892438e-4
