-20.0	27.954690520816808
-19.5	24.191326251414647
-19.0	20.9086559066626
-18.5	18.048546423215882
-18.0	15.559553066362515
-17.5	13.396176773092302
-17.0	11.518202850665219
-16.5	9.890112090798235
-16.0	8.480556340565288
-15.5	7.261891446099427
-15.0	6.209761265999538
-14.5	5.302727147609716
-14.0	4.5219378804852415
-13.5	3.8508356949924294
-13.0	3.274894367392459
-12.5	2.781385932040905
-12.0	2.3591728923026385
-11.5	1.9985231691948644
-11.0	1.690945335364148
-10.5	1.4290419556056215
-10.0	1.2063790975185
-9.5	1.0173702903190047
-9.0	0.8571733992924353
-8.5	0.7215990506236307
-8.0	0.6070293888776442
-7.5	0.5103460795001528
-7.0	0.42886658343382317
-6.5	0.3602878321966991
-6.0	0.30263652123666124
-5.5	0.2542253185904134
-5.0	0.21361435619827315
-4.5	0.17957743385645245
-4.0	0.15107242177782554
-3.5	0.12721539798768192
-3.0	0.10725810208211116
-2.5	0.09056832788180516
-2.0	0.07661291477717978
-1.5	0.06494303154338278
-1.0	0.055181477485627246
-0.5	0.04701175427006968
0.0	0.04016868795563318
0.5	0.034430404766214937
1.0	0.029611486176240525
1.5	0.025557149011213618
2.0	0.022138314508415326
2.5	0.019247446585602297
3.0	0.016795053801433896
3.5	0.014706761502689826
4.0	0.012920870339602307
4.5	0.011386324799374533
5.0	0.010061021179702702
5.5	0.008910389567673958
6.0	0.007906190477180287
6.5	0.007025475468040524
7.0	0.006249673234394527
7.5	0.005563777607818975
8.0	0.004955629024389549
8.5	0.004415292404434828
9.0	0.003934538824752132
9.5	0.0035064350456811134
10.0	0.003125036301329203
10.5	0.0027851682377625308
11.0	0.002482277671352306
11.5	0.002212330912382919
12.0	0.001971741748347521
12.5	0.0017573166463500701
13.0	0.0015662101055132444
13.5	0.0013958862254975113
14.0	0.0012440849079808681
14.5	0.001108791841354955
15.0	9.882117688026222e-4
15.5	8.807446660201359e-4
16.0	7.849645098467511e-4
16.5	6.996003558026061e-4
17.0	6.235194734277776e-4
17.5	5.557123156371618e-4
18.0	4.952791226440999e-4
18.5	4.4141798269461193e-4
19.0	3.934141911856758e-4
19.5	3.5063076696936253e-4
20.0	3.1250000000000277e-4
