-20.0	0.037771131832656936
-19.5	0.03370071002543572
-19.0	0.030072914698246144
-18.5	0.02683960723718174
-18.0	0.023957883649346482
-17.5	0.021389505254645953
-17.0	0.01910039128389557
-16.5	0.01706016665044401
-16.0	0.015241758894626416
-15.5	0.013621038952959798
-15.0	0.012176500985486342
-14.5	0.010888977013068723
-14.0	0.009741382578378945
-13.5	0.008718490056091637
-13.0	0.007806726604751405
-12.5	0.006993994079935623
-12.0	0.006269508519882487
-11.5	0.00562365707463583
-11.0	0.005047870481536171
-10.5	0.004534509396368728
-10.0	0.00407676307375302
-9.5	0.003668559054616446
-9.0	0.0033044826651667607
-8.5	0.0029797052625764866
-8.0	0.0026899202793144545
-7.5	0.0024312862224350326
-7.0	0.0022003758773232324
-6.5	0.001994131048806855
-6.0	0.0018098222471807093
-5.5	0.0016450127936607957
-5.0	0.0014975268796359328
-4.5	0.0013654211679087081
-4.0	0.0012469595722786363
-3.5	0.0011405908946666302
-3.0	0.001044929037336492
-2.5	9.587355410868238e-4
-2.0	8.809042293616823e-4
-1.5	8.104477621933039e-4
-1.0	7.464859231298243e-4
-0.5	6.882354757089574e-4
0.0	6.350014337782253e-4
0.5	5.861695911018169e-4
1.0	5.412001500476097e-4
1.5	4.99622276849123e-4
2.0	4.61029393282981e-4
2.5	4.2507499293932213e-4
3.0	3.9146874811883057e-4
3.5	3.5997265684852594e-4
4.0	3.303969742621778e-4
4.5	3.0259568712949535e-4
5.0	2.7646133458212175e-4
5.5	2.519190551424776e-4
6.0	2.2891985696496116e-4
6.5	2.074332546537342e-4
7.0	1.8743957988388794e-4
7.5	1.6892242695844422e-4
8.0	1.5186180238415038e-4
8.5	1.362285744137294e-4
9.0	1.2198073514690411e-4
9.5	1.0906178836794131e-4
10.0	9.74012856460127e-5
10.5	8.691720990326836e-5
11.0	7.75195986412988e-5
11.5	6.91148573556008e-5
12.0	6.160953220377633e-5
12.5	5.491374283619346e-5
13.0	4.894337315363726e-5
13.5	4.3621269783505195e-5
14.0	3.8877615402938855e-5
14.5	3.464973806484604e-5
15.0	3.0881616712468045e-5
15.5	2.7523270682035868e-5
16.0	2.4530140919970636e-5
16.5	2.1862511117906735e-5
17.0	1.9484983544597944e-5
17.5	1.7366009863682458e-5
18.0	1.5477472582643023e-5
18.5	1.3794311959218275e-5
19.0	1.2294193474551444e-5
19.5	1.0957211467800245e-5
20.0	9.76562500003038e-6
