-20.0	80.80326701228373
-19.5	71.16704516810289
-19.0	62.64174980083495
-18.5	55.102688348290485
-18.0	48.43893458618319
-17.5	42.55182026550243
-17.0	37.353591485804124
-16.5	32.766211854579225
-16.0	28.720296436552914
-15.5	25.154162237572958
-15.0	22.012982519281664
-14.5	19.24803362304606
-14.0	16.816024213644976
-13.5	14.67849795088399
-13.0	12.801301575550141
-12.5	11.154111267659568
-12.0	9.710010911766783
-11.5	8.445116596098119
-11.0	7.338242289137539
-10.5	6.370602186875401
-10.0	5.525545713820397
-9.5	4.788321597533292
-9.0	4.145867825696029
-8.5	3.586624641833732
-8.0	3.1003680453736986
-7.5	2.678061537912924
-7.0	2.3117241040356054
-6.5	1.994312635069636
-6.0	1.719617200697048
-5.5	1.482167748914493
-5.0	1.2771509717691012
-4.5	1.1003362145827227
-4.0	0.9480094318166875
-3.5	0.8169143048834432
-3.0	0.7041997374804142
-2.5	0.6073730336291451
-2.0	0.5242581436434016
-1.5	0.45295843469936153
-1.0	0.3918235063993072
-0.5	0.33941962847722595
0.0	0.29450342824462733
0.5	0.25599850003682095
1.0	0.22297464814385298
1.5	0.19462950860742842
2.0	0.17027232367180575
2.5	0.1493096651337231
3.0	0.13123291867851242
3.5	0.11560734994776896
4.0	0.10206257462592082
4.5	0.09028425071942463
5.0	0.08000680515936123
5.5	0.07100700508655167
6.0	0.06309819455298514
6.5	0.056125046714040346
7.0	0.04995873175534552
7.5	0.04449246503902783
8.0	0.03963746256644767
8.5	0.03531937198832187
9.0	0.031475252110233956
9.5	0.028051140689981522
10.0	0.025000193606522503
10.5	0.022281321752478957
11.0	0.01985821618172933
11.5	0.017698646355962522
12.0	0.01577393384472145
12.5	0.014058533153465589
13.0	0.012529680842434335
13.5	0.01116708980385706
14.0	0.009952679263839942
14.5	0.008870334730839289
15.0	0.007905694150420925
15.5	0.007045957328161067
16.0	0.006279716078773976
16.5	0.005596802846420828
17.0	0.004988155787422196
17.5	0.00444569852509728
18.0	0.003962232981152785
18.5	0.0035313438615568855
19.0	0.003147313529485408
19.5	0.0028050461357548924
20.0	0.0025000000000000074
