2.0	157.69146427470258
2.5	77.11011586535058
3.0	38.35050324755016
3.5	19.41875905087012
4.0	10.020641896581807
4.5	5.274955027740942
5.0	2.8353190744488614
5.5	1.557519002458927
6.0	0.8751260050918994
6.5	0.5033065152646344
7.0	0.29647784948203143
7.5	0.17896620606086316
8.0	0.11074776024095975
8.5	0.07027387749357995
9.0	0.04573027809995896
9.5	0.030519091888120527
10.0	0.02088631207166638
10.5	0.014655581874664031
11.0	0.010541250037779793
11.5	0.00776946407984246
12.0	0.005865658609697365
12.5	0.004533359871632101
13.0	0.0035839078751841676
13.5	0.002895026678061832
14.0	0.0023860071683411066
14.5	0.002002616755778372
15.0	0.001707802751323166
15.5	0.001475903347304714
16.0	0.0012890057497670737
16.5	0.0011346156282800064
17.0	0.0010041096849364396
17.5	8.916414155189735e-4
18.0	7.933136410007598e-4
18.5	7.065347121933005e-4
19.0	6.295337927796953e-4
19.5	5.610255083436166e-4
20.0	5.000031351870767e-4
