-20.0	6.988672630204202
-19.5	6.047831562853662
-19.0	5.22716397666565
-18.5	4.5121366058039705
-18.0	3.8898882665906287
-17.5	3.3490441932730755
-17.0	2.8795507126663047
-16.5	2.4725280226995587
-16.0	2.120139085141322
-15.5	1.8154728615248568
-15.0	1.5524403164998846
-14.5	1.325681786902429
-14.0	1.1304844701213104
-13.5	0.9627089237481073
-13.0	0.8187235918481147
-12.5	0.6953464830102263
-12.0	0.5897932230756596
-11.5	0.4996307922987161
-11.0	0.422736333841037
-10.5	0.3572604889014054
-10.0	0.301594774379625
-9.5	0.2543425725797512
-9.0	0.21429334982310883
-8.5	0.18039976265590768
-8.0	0.15175734721941106
-7.5	0.1275865198750382
-7.0	0.10721664585845579
-6.5	0.09007195804917477
-6.0	0.07565913030916531
-5.5	0.06355632964760335
-5.0	0.05340358904956829
-4.5	0.04489435846411311
-4.0	0.037768105444456385
-3.5	0.03180384949692048
-3.0	0.02681452552052779
-2.5	0.02264208197045129
-2.0	0.019153228694294946
-1.5	0.016235757885845695
-1.0	0.013795369371406812
-0.5	0.01175293856751742
0.0	0.010042171988908295
0.5	0.008607601191553734
1.0	0.007402871544060131
1.5	0.0063892872528034045
2.0	0.005534578627103832
2.5	0.004811861646400574
3.0	0.004198763450358474
3.5	0.0036766903756724565
4.0	0.003230217584900577
4.5	0.0028465811998436333
5.0	0.0025152552949256756
5.5	0.0022275973919184894
6.0	0.0019765476192950718
6.5	0.001756368867010131
7.0	0.0015624183085986318
7.5	0.0013909444019547437
8.0	0.0012389072560973872
8.5	0.001103823101108707
9.0	9.83634706188033e-4
9.5	8.766087614202784e-4
10.0	7.812590753323008e-4
10.5	6.962920594406327e-4
11.0	6.205694178380765e-4
11.5	5.530827280957297e-4
12.0	4.929354370868803e-4
12.5	4.3932916158751753e-4
13.0	3.915525263783111e-4
13.5	3.4897155637437783e-4
14.0	3.1102122699521703e-4
14.5	2.7719796033873873e-4
15.0	2.4705294220065554e-4
15.5	2.2018616650503397e-4
16.0	1.9624112746168776e-4
16.5	1.7490008895065153e-4
17.0	1.558798683569444e-4
17.5	1.3892807890929045e-4
18.0	1.2381978066102497e-4
18.5	1.1035449567365298e-4
19.0	9.835354779641896e-5
19.5	8.765769174234063e-5
20.0	7.812500000000069e-5
