-20.0	33.17896602637633
-19.5	29.156472181853484
-19.0	25.599656922830253
-18.5	22.45624632893398
-18.0	19.679739662882113
-17.5	17.228776463811716
-17.0	15.066572750350778
-16.5	13.16041880272185
-16.0	11.48123181310146
-15.5	10.003157424200833
-15.0	8.703214827318392
-14.5	7.560980671483142
-14.0	6.558307552607514
-13.5	5.679073312529473
-13.0	4.90895778870321
-12.5	4.235244021414624
-12.0	3.6466412517421176
-11.5	3.1331273342738464
-11.0	2.685808447780968
-10.5	2.2967942179790275
-10.0	1.959086572329223
-9.5	1.666480830191308
-9.0	1.4134776950002095
-8.5	1.195204960645311
-8.0	1.0073478737675667
-7.5	0.8460872090081473
-7.0	0.7080442167834036
-6.5	0.5902316943145972
-6.0	0.4900105115538681
-5.5	0.40505099540723316
-5.0	0.33329863916769636
-4.5	0.2729436602224721
-4.0	0.22239397864206684
-3.5	0.1802512329117966
-3.0	0.14528948755224091
-2.5	0.11643632131460639
-2.0	0.09275601476338631
-1.5	0.07343458300835745
-1.0	0.05776642387010542
-0.5	0.04514237452404093
0.0	0.035038991380503946
0.5	0.027008889203205873
1.0	0.020671996709928375
1.5	0.01570760737748301
2.0	0.011847125836797848
2.5	0.008867431676771257
3.0	0.006584802949224242
3.5	0.004849360211099023
4.0	0.0035400074444162373
4.5	0.002559857706197615
5.0	0.0018321382648846813
5.5	0.0012965720708350223
6.0	9.0623008923289e-4
6.5	6.248429817614891e-4
7.0	4.245519078744358e-4
7.5	2.8406799569657417e-4
8.0	1.8719968270943744e-4
8.5	1.2169828258365301e-4
9.0	7.836654821269704e-5
9.5	5.037416256053333e-5
10.0	3.272858025095098e-5
10.5	2.1858662419876225e-5
11.0	1.5279962932423713e-5
11.5	1.1321849577872073e-5
12.0	8.904841947920318e-6
12.5	7.362669781793501e-6
13.0	6.304498559730462e-6
13.5	5.513310383701903e-6
14.0	4.875142280359491e-6
14.5	4.3330054244351395e-6
15.0	3.859078226728184e-6
15.5	3.4393031781849007e-6
16.0	3.065632882340773e-6
16.5	2.7325204179224506e-6
17.0	2.435505541408235e-6
17.5	2.170709731650378e-6
18.0	1.9346710819019045e-6
18.5	1.7242854200413017e-6
19.0	1.5367733303403957e-6
19.5	1.3696512592116997e-6
20.0	1.2207030951939184e-6
