-20.0	0.42995333109241735
-19.5	0.3832386552022092
-19.0	0.34160415647707754
-18.5	0.3044973704023507
-18.0	0.2714259124575235
-17.5	0.24195094447286153
-17.0	0.21568135151145806
-16.5	0.19226855201080922
-16.0	0.17140187231496518
-15.5	0.15280442422181947
-15.0	0.1362294308412144
-14.5	0.12145695201165015
-14.0	0.10829096582208861
-13.5	0.09655676751301365
-13.0	0.08609865124027109
-12.5	0.07677784394023553
-12.0	0.06847066387816228
-11.5	0.061066879443827785
-11.0	0.054468246414793
-10.5	0.04858720427535458
-10.0	0.04334571428927581
-9.5	0.03867422390404788
-9.0	0.034510743740252446
-8.5	0.03080002491158292
-8.0	0.02749282575090782
-7.5	0.024545258201721577
-7.0	0.021918205188886177
-6.5	0.01957680122095997
-6.0	0.01748996931177312
-5.5	0.0156300080516669
-5.0	0.013972223319652774
-4.5	0.012494599715077274
-4.0	0.011177507310189783
-3.5	0.010003439790894842
-3.0	0.008956780470007336
-2.5	0.00802359303375116
-2.0	0.007191434227128136
-1.5	0.006449186007841073
-1.0	0.005786905014686556
-0.5	0.005195687520827525
0.0	0.004667548394918523
0.5	0.004195312996723135
1.0	0.003772521412163335
1.5	0.003393345003208745
2.0	0.0030525159069783895
2.5	0.002745270815484381
3.0	0.002467310964404929
3.5	0.002214780482749382
4.0	0.001984264662900908
4.5	0.001772807727847056
5.0	0.0015779457923686068
5.5	0.0013977449319816544
6.0	0.0012308277149092664
6.5	0.0010763669414973448
7.0	9.34026586834481e-4
7.5	8.038402382575992e-4
8.0	6.860360784898054e-4
8.5	5.808383669103504e-4
9.0	4.882882488335496e-4
9.5	4.081236194383448e-4
10.0	3.3973901382491456e-4
10.5	2.822212258649295e-4
11.0	2.3443646936917504e-4
11.5	1.9513754089687456e-4
12.0	1.630640325041881e-4
12.5	1.3701953972966984e-4
13.0	1.1592091879556761e-4
13.5	9.88223305427087e-5
14.0	8.49205060730029e-5
14.5	7.354820383256509e-5
15.0	6.41616316842506e-5
15.5	5.632574084933299e-5
16.0	4.9699445391080096e-5
16.5	4.402139527032238e-5
17.0	3.9096181731847046e-5
17.5	3.478082796481327e-5
18.0	3.097187246794347e-5
18.5	2.7593817302381174e-5
19.0	2.4589775304463304e-5
19.5	2.191474092408736e-5
20.0	1.9531311233975427e-5
