-20.0	0.010971764498178339
-19.5	0.009788668500781398
-19.0	0.00873422120069658
-18.5	0.007794430741203986
-18.0	0.006956826696907457
-17.5	0.006210294599961555
-17.0	0.005544928459350288
-16.5	0.004951899316296869
-16.0	0.004423338091714385
-15.5	0.00395223117127642
-15.0	0.00353232734272717
-14.5	0.003158054850737966
-14.0	0.002824447468893096
-13.5	0.002527078608122661
-13.0	0.002262002587569545
-12.5	0.0020257022890322967
-12.0	0.0018150425009017816
-11.5	0.0016272283331321975
-11.0	0.0014597681522216675
-10.5	0.001310440545298061
-10.0	0.0011772648760780486
-9.5	0.0010584750433432655
-9.0	9.524960953249503e-4
-8.5	8.579233915678985e-4
-8.0	7.735040379492651e-4
-7.5	6.981203510233148e-4
-7.0	6.307751351144704e-4
-6.5	5.705785799348616e-4
-6.0	5.167366082448612e-4
-5.5	4.685405224711586e-4
-5.0	4.2535781635225187e-4
-4.5	3.866240328378956e-4
-4.0	3.5183556264248544e-4
-3.5	3.2054328905097235e-4
-3.0	2.923469939127929e-4
-2.5	2.668904470077905e-4
-2.0	2.4385710626251872e-4
-1.5	2.2296635942326557e-4
-1.0	2.0397023895837906e-4
-0.5	1.8665054117863783e-4
0.0	1.7081627840184402e-4
0.5	1.5630139004851383e-4
1.0	1.429626359760947e-4
1.5	1.3067759466279936e-4
2.0	1.1934269203301134e-4
2.5	1.088711956615246e-4
3.0	9.919112565064675e-5
3.5	9.024305887874637e-5
4.0	8.19778367712402e-5
4.5	7.435422561889623e-5
5.0	6.733661786029519e-5
5.5	6.0892894143361415e-5
6.0	5.499258181658996e-5
6.5	4.960543688824878e-5
7.0	4.470054052542384e-5
7.5	4.024594052517727e-5
8.0	3.620879339424942e-5
8.5	3.255589124142146e-5
9.0	2.925440815567571e-5
9.5	2.6272687250287402e-5
10.0	2.3580915269856997e-5
10.5	2.115158706208814e-5
11.0	1.8959720677636538e-5
11.5	1.6982893157233903e-5
12.0	1.5201026647088167e-5
12.5	1.3596178207802678e-5
13.0	1.2152235164002835e-5
13.5	1.0854622754715758e-5
14.0	9.690045797893835e-6
14.5	8.64627747089111e-6
15.0	7.712002993913287e-6
15.5	6.87671767426107e-6
16.0	6.130671268546449e-6
16.5	5.464845001949448e-6
17.0	4.870945091269363e-6
17.5	4.3413978241151535e-6
18.0	3.8693355815409895e-6
18.5	3.4485690460343854e-6
19.0	3.0735462333090076e-6
19.5	2.739302431276957e-6
20.0	2.441406175485328e-6
