-20.0	46.30700229143074
-19.5	40.635054642805606
-19.0	35.62345283649175
-18.5	31.197869932836316
-18.0	27.292198325511578
-17.5	23.847648068216888
-17.0	20.811943691183345
-16.5	18.138608773372503
-16.0	15.786328705098837
-15.5	13.718383117439782
-15.0	11.9021403831839
-14.5	10.30860742136303
-14.0	8.91202877477535
-13.5	7.6895295870092255
-13.0	6.620797691124739
-12.5	5.687800544054508
-12.0	4.874533205940941
-11.5	4.166793978171197
-11.0	3.5519846833131226
-10.5	3.018932899400421
-10.0	2.557733754434389
-9.5	2.159609148432053
-9.0	1.8167825033247769
-8.5	1.5223673485809186
-8.0	1.2702682353010764
-7.5	1.0550926361633213
-7.0	0.8720726351157012
-6.5	0.7169953410390906
-6.0	0.5861410754092088
-5.5	0.4762284867775797
-5.0	0.3843658359645581
-4.5	0.30800777639445825
-4.0	0.24491702503148985
-3.5	0.1931303818262178
-3.0	0.15092861031750576
-2.5	0.11680973984586228
-2.0	0.08946539151894439
-1.5	0.06775976641710077
-1.0	0.050710966399128435
-0.5	0.03747434618801205
0.0	0.027327621224365384
0.5	0.019657480207337902
1.0	0.01394747551382414
1.5	0.009766990020540087
2.0	0.006761106352719584
2.5	0.004641235043599615
3.0	0.0031763917688052115
3.5	0.002185050182785964
4.0	0.0015275343713841113
4.5	0.001098950883237351
5.0	8.226910877552087e-4
5.5	6.445560836575421e-4
6.0	5.275647457302333e-4
6.5	4.474983142535255e-4
7.0	3.8921227888152486e-4
7.5	3.437114434241767e-4
8.0	3.0594331548332255e-4
8.5	2.7322657702687317e-4
9.0	2.442033605459774e-4
9.5	2.1819176779978367e-4
10.0	1.948195917736354e-4
10.5	1.7383812788926683e-4
11.0	1.550398911589159e-4
11.5	1.382298242518155e-4
12.0	1.2321907870444198e-4
12.5	1.0982748718041708e-4
13.0	9.788674643259022e-5
13.5	8.724253957498294e-5
14.0	7.775523080625374e-5
14.5	6.929947612970477e-5
15.0	6.176323342493639e-5
15.5	5.504654136407174e-5
16.0	4.906028183994127e-5
16.5	4.372502223581347e-5
17.0	3.896996708919589e-5
17.5	3.4732019727364916e-5
18.0	3.0954945165286046e-5
18.5	2.758862391843655e-5
19.0	2.458838694910289e-5
19.5	2.191442293560049e-5
20.0	1.953125000006076e-5
