-20.0	1.5624999999999978
-19.5	1.3925795908339786
-19.0	1.2411378667566957
-18.5	1.1061652881002224
-18.0	0.9858708507503156
-17.5	0.8786583206099483
-17.0	0.7831050525426472
-16.5	0.6979431127358936
-16.0	0.6220424539898475
-15.5	0.5543959206774672
-15.0	0.49410588440131153
-14.5	0.4403723330100699
-14.0	0.3924822549233661
-13.5	0.3498001779012889
-13.0	0.31175973671385715
-12.5	0.27785615781852757
-12.0	0.24763956132202924
-11.5	0.22070899134729532
-11.0	0.19670709559283564
-10.5	0.17531538348468712
-10.0	0.15625000000002034
-9.5	0.13925795908344935
-9.0	0.12411378667570011
-8.5	0.11061652881003414
-8.0	0.09858708507503025
-7.5	0.08786583206097281
-7.0	0.07831050525419968
-6.5	0.06979431127355941
-6.0	0.062204245398977204
-5.5	0.05543959206776475
-5.0	0.04941058844020742
-4.5	0.044037233301031015
-4.0	0.039248225492329175
-3.5	0.034980017790063975
-3.0	0.031175973671363134
-2.5	0.027785615781877014
-2.0	0.02476395613228797
-1.5	0.022070899134731953
-1.0	0.01967070955919501
-0.5	0.017531538348462564
0.0	0.015625000000105187
0.5	0.013925795908329625
1.0	0.012411378667512359
1.5	0.011061652881073608
2.0	0.009858708507490016
2.5	0.008786583206074061
3.0	0.007831050525491164
3.5	0.006979431127247512
4.0	0.006220424540017512
4.5	0.005543959206703537
5.0	0.004941058844037276
5.5	0.004403723330156699
6.0	0.003924822549090504
6.5	0.0034980017789533885
7.0	0.003117597367166075
7.5	0.002778561578247893
8.0	0.0024763956132452386
8.5	0.002207089913406568
9.0	0.0019670709558301455
9.5	0.001753153835075849
10.0	0.001562499999871965
10.5	0.0013925795907482885
11.0	0.0012411374193898594
11.5	0.0011061651026179273
12.0	9.858708127635576e-4
12.5	8.786583149869159e-4
13.0	7.831050519174973e-4
13.5	6.97943112683605e-4
14.0	6.220424539866848e-4
14.5	5.543959206773738e-4
15.0	4.941058844012761e-4
15.5	4.40372333009989e-4
16.0	3.9248225492324873e-4
16.5	3.498001779013299e-4
17.0	3.117597367137889e-4
17.5	2.778561578185429e-4
18.0	2.476395613218649e-4
18.5	2.207089913471294e-4
19.0	1.9670709559283656e-4
19.5	1.7531538348444092e-4
20.0	1.5624999999973993e-4
