-20.0	0.6352465574088816
-19.5	0.5667393678401008
-19.0	0.5056818361908014
-18.5	0.4512637665144342
-18.0	0.40276306459472994
-17.5	0.35953615622064533
-17.0	0.3210094473810491
-16.5	0.2866717130628716
-16.0	0.2560673136584041
-15.5	0.2287901489709087
-15.0	0.20447826959466953
-14.5	0.18280907417042117
-14.0	0.16349502879178257
-13.5	0.14627985176855726
-13.0	0.13093511312885586
-12.5	0.11725720374798795
-12.0	0.10506463389889106
-11.5	0.09419562539266108
-11.0	0.08450596537839346
-10.5	0.07586709334650571
-10.0	0.06816439598069259
-9.5	0.061295687267720764
-9.0	0.05516985374050791
-8.5	0.04970564693054025
-8.0	0.04483060706922479
-7.5	0.04048010383321898
-7.0	0.036596481495785524
-6.5	0.033128297248414505
-6.0	0.03002964271115218
-5.5	0.02725953977499828
-5.0	0.0247814029246921
-4.5	0.022562561093458416
-4.0	0.020573832909228214
-3.5	0.01878914991064666
-3.0	0.01718522295460901
-2.5	0.01574124759688879
-2.0	0.014438644716964369
-1.5	0.013260833064113476
-1.0	0.012193030731016472
-0.5	0.011222082796411681
0.0	0.010336312523021076
0.5	0.009525393536683928
1.0	0.008780240344850485
1.5	0.008092914379633956
2.0	0.007456542493010351
2.5	0.0068652445102241515
3.0	0.006314066116855801
3.5	0.005798913110146451
4.0	0.005316482973737512
4.5	0.004864189968672945
5.0	0.004440080627208248
5.5	0.004042737735436966
6.0	0.003671172706202318
6.5	0.003324708516540187
7.0	0.0030028579261752353
7.5	0.0027052040812355197
8.0	0.002431292282504433
8.5	0.0021805421171611833
9.0	0.0019521878653659393
9.5	0.0017452520081189574
10.0	0.0015585521648373568
10.5	0.0013907367853005516
11.0	0.0012403401537810737
11.5	0.001105848278493752
12.0	9.857563313089095e-4
12.5	8.786211250438637e-4
13.0	7.830943279246252e-4
13.5	6.979404067343903e-4
14.0	6.220418660450753e-4
14.5	5.543958126388217e-4
15.0	4.941058679479335e-4
15.5	4.4037233098023244e-4
16.0	3.9248225472610174e-4
16.5	3.498001778869859e-4
17.0	3.1175973671357425e-4
17.5	2.778561578189072e-4
18.0	2.476395613222747e-4
18.5	2.2070899134748068e-4
19.0	1.9670709559282355e-4
19.5	1.753153834847922e-4
20.0	1.56250000000462e-4
