-20.0	0.16120978076891035
-19.5	0.14385028256610288
-19.0	0.12837841071261002
-18.5	0.11458886318154432
-18.0	0.10229866144804867
-17.5	0.09134472249584474
-17.0	0.08158169483053412
-16.5	0.07288002978586833
-16.0	0.06512426253209472
-15.5	0.0582114799784931
-15.0	0.052049955242521845
-14.5	0.046557930569093464
-14.0	0.041662532553719406
-13.5	0.037298805280271935
-13.0	0.033408848549289286
-12.5	0.029941049769175734
-12.0	0.02684939932668992
-11.5	0.02409288036300125
-11.0	0.0216349248713692
-10.5	0.01944292891500879
-10.0	0.01748782055173169
-9.5	0.015743674755000908
-9.0	0.014187370248950816
-8.5	0.012798283735924898
-8.0	0.011558017496416953
-7.5	0.010450156789781694
-7.0	0.0094600538850503
-6.5	0.008574635909662315
-6.0	0.007782234024062678
-5.5	0.007072431715711695
-5.0	0.006435930258408308
-4.5	0.005864429605416235
-4.0	0.005350523177559598
-3.5	0.004887605169968862
-3.0	0.00446978913492228
-2.5	0.004091836699235008
-2.0	0.00374909534467552
-1.5	0.0034374442152448666
-1.0	0.0031532469189030857
-0.5	0.0028933102636410427
0.0	0.002654847818056385
0.5	0.0024354471250224753
1.0	0.0022330393428668105
1.5	0.002045870067560549
2.0	0.0018724701355718933
2.5	0.0017116253525221187
3.0	0.0015623443690128518
3.5	0.001423824352743146
4.0	0.0012954146718955409
4.5	0.0011765794637841036
5.0	0.0010668606307484164
5.5	9.658433378774232e-4
6.0	8.731263538516269e-4
6.5	7.882994265768894e-4
7.0	7.10929268847799e-4
7.5	6.405546919922272e-4
8.0	5.766901470411027e-4
8.5	5.188357119634834e-4
9.0	4.6649071659302967e-4
9.5	4.1916796515364084e-4
10.0	3.7640595394102666e-4
10.5	3.3777742601383276e-4
11.0	3.028936092418326e-4
11.5	2.7140529150649316e-4
12.0	2.4299967456424543e-4
12.5	2.1739713616338377e-4
13.0	1.943463959336901e-4
13.5	1.7361984313575551e-4
14.0	1.550094073842767e-4
14.5	1.3832320349191872e-4
15.0	1.2338308635609883e-4
15.5	1.1002310942388911e-4
16.0	9.808875206780525e-5
16.5	8.743668506824842e-5
17.0	7.793480061243398e-5
17.5	6.94622535679229e-5
18.0	6.19093345696018e-5
18.5	5.517709519653469e-5
19.0	4.9176737455259786e-5
19.5	4.3828838435719386e-5
20.0	3.9062498728287265e-5
