-20.0	0.16013387272343743
-19.5	0.1430053333999864
-19.0	0.12773907489312936
-18.5	0.11413252402606174
-18.0	0.10200513113891095
-17.5	0.09119597435671141
-17.0	0.08156162431945349
-16.5	0.0729742410437094
-16.0	0.06531987766650968
-15.5	0.05849696856815223
-15.0	0.052414981818766415
-14.5	0.04699321807510778
-14.0	0.042159739999395665
-13.5	0.037850418006102185
-13.0	0.03400807968898939
-12.5	0.030581751659609586
-12.0	0.0275259837588168
-11.5	0.02480024670024784
-11.0	0.022368395185043542
-10.5	0.020198189401731396
-10.0	0.018260868607619666
-9.5	0.01653077118732232
-9.0	0.014984996209916612
-8.5	0.013603102066918405
-8.0	0.012366838275235548
-7.5	0.011259906979627653
-7.0	0.010267751091801069
-6.5	0.00937736636302429
-6.0	0.008577135006318242
-5.5	0.007856678765365948
-5.0	0.00720672956932609
-4.5	0.006619016116560343
-4.0	0.006086164892782546
-3.5	0.0056016142467249655
-3.0	0.005159540217433147
-2.5	0.004754792825269457
-2.0	0.00438284150483354
-1.5	0.004039728270691158
-1.0	0.003722027075956962
-0.5	0.00342680766237677
0.0	0.0031516020383287368
0.5	0.0028943715967890576
1.0	0.002653472852978789
1.5	0.0024276199047955794
2.0	0.0022158420645995015
2.5	0.0020174357266772324
3.0	0.0018319104368667255
3.5	0.001658930280010218
4.0	0.0014982529707774548
4.5	0.001349670218658225
5.0	0.0012129537732622152
5.5	0.0010878117424567447
6.0	9.738591191538787e-4
6.5	8.706048888399658e-4
7.0	7.774558314921123e-4
7.5	6.937346272108262e-4
8.0	6.187077359973448e-4
8.5	5.516173464169203e-4
9.0	4.91711811013122e-4
9.5	4.382703369585835e-4
10.0	3.9061978959816683e-4
10.5	3.481435873069669e-4
11.0	3.1028407119244156e-4
11.5	2.765412237505547e-4
12.0	2.464676953216568e-4
12.5	2.196645777822791e-4
13.0	1.9577626288940072e-4
13.5	1.744857781628608e-4
14.0	1.5551061349695743e-4
14.5	1.385989801696004e-4
15.0	1.2352647110048653e-4
15.5	1.100930832525867e-4
16.0	9.81205637309618e-5
16.5	8.745004447544306e-5
17.0	7.793993417859523e-5
17.5	6.946403945473168e-5
18.0	6.190989033056868e-5
18.5	5.517724783687017e-5
19.0	4.9176773898205886e-5
19.5	4.382884587119805e-5
20.0	3.90625000001155e-5
