-20.0	27.517013751090744
-19.5	24.527274409971067
-19.0	21.862666420267185
-18.5	19.487832051035735
-18.0	17.371258691322407
-17.5	15.484860696827901
-17.0	13.803606710402702
-16.5	12.305187511034111
-16.0	10.969719983890506
-15.5	9.779483283311402
-15.0	8.718683687720876
-14.5	7.773245026268617
-14.0	6.930621896209791
-13.5	6.179633192565392
-13.0	5.510313740999241
-12.5	4.913782065175283
-12.0	4.38212253384522
-11.5	3.9082803237644455
-11.0	3.485967804535804
-10.5	3.109581103020311
-10.0	2.7741257399816104
-9.5	2.475150351960734
-9.0	2.208687618592382
-8.5	1.9712016110819437
-8.0	1.7595408626731643
-7.5	1.5708965376983788
-7.0	1.4027651433051678
-6.5	1.2529152880047603
-6.0	1.1193580446503437
-5.5	1.0003205229971195
-5.0	0.8942222992789697
-4.5	0.7996543878345255
-4.0	0.715360473271071
-3.5	0.6402201514723533
-3.0	0.573233954446118
-2.5	0.513509958100451
-2.0	0.4602517941064151
-1.5	0.41274790774926234
-1.0	0.370361923905421
-0.5	0.33252400405137605
0.0	0.29872309977617195
0.5	0.26850003410015383
1.0	0.24144137251850592
1.5	0.21717408219371745
2.0	0.19536101989830718
2.5	0.17569733391813083
3.0	0.15790790333387505
3.5	0.1417459523997291
4.0	0.126992939825893
4.5	0.11345969588157474
5.0	0.1009885319110917
5.5	0.08945567674624307
6.0	0.07877297475269347
6.5	0.0688874851526253
7.0	0.059777702352475884
7.5	0.0514457759431831
8.0	0.043906309620843714
8.5	0.037173655987702815
9.0	0.03125044834569977
9.5	0.026119911987691646
10.0	0.021743297160943025
10.5	0.018062158673496864
11.0	0.015003934208949339
11.5	0.012488802746564593
12.0	0.010436098176873429
12.5	0.008769250613465639
13.0	0.007418938853531631
13.5	0.006324629189944471
14.0	0.005434912412394412
14.5	0.004707085060664891
15.0	0.004106344437322835
15.5	0.0036048474199565114
16.0	0.0031807645081196444
16.5	0.00281736929888739
17.0	0.002502155631587811
17.5	0.0022259729900700703
18.0	0.001982199838072615
18.5	0.001766004307394816
19.0	0.0015737456194982828
19.5	0.0014025434191448298
20.0	0.0012500039189751201
