-20.0	0.025646788935222025
-19.5	0.022872106638714886
-19.0	0.020399157571999386
-18.5	0.018195127213487244
-18.0	0.016230769432057722
-17.5	0.01448001840932831
-17.0	0.012919642762917773
-16.5	0.011528937281171124
-16.0	0.01028944817889665
-15.5	0.009184728228506888
-15.0	0.008200118517374936
-14.5	0.007322553935573467
-14.0	0.0065403898130656024
-13.5	0.005843247406096987
-13.0	0.005221876182683004
-12.5	0.004668031080065496
-12.0	0.004174363105734959
-11.5	0.003734321830737123
-11.0	0.003342068481915059
-10.5	0.002992398480441937
-10.0	0.002680672399517442
-9.5	0.0024027544259645774
-9.0	0.0021549575102358235
-8.5	0.0019339944783262196
-8.0	0.0017369344584495588
-7.5	0.0015611640462115546
-7.0	0.001404352695233386
-6.5	0.0012644218766701089
-6.0	0.0011395176015224122
-5.5	0.0010279859447984868
-5.0	9.283512508685989e-4
-4.5	8.392967354679043e-4
-4.0	7.596472320577627e-4
-3.5	6.883538589540663e-4
-3.0	6.244804093112448e-4
-2.5	5.671912885589511e-4
-2.0	5.15740843750909e-4
-1.5	4.6946394619491163e-4
-1.0	4.2776770302038064e-4
-0.5	3.9012418458818306e-4
0.0	3.560640630761843e-4
0.5	3.2517106284415834e-4
1.0	2.9707712529321436e-4
1.5	2.7145818999755895e-4
2.0	2.480304904970714e-4
2.5	2.2654725779356667e-4
3.0	2.067957187057148e-4
3.5	1.8859427229895822e-4
4.0	1.7178972771854725e-4
4.5	1.5625449425872074e-4
5.0	1.4188363345543918e-4
5.5	1.285917141994035e-4
6.0	1.163094585868736e-4
6.5	1.0498022403196335e-4
7.0	9.455643169916885e-5
7.5	8.499611189493732e-5
8.0	7.625977964539356e-5
8.5	6.830786488782063e-5
9.0	6.109889010808689e-5
9.5	5.458851167219799e-5
10.0	4.87294291201337e-5
10.5	4.3472042074690594e-5
11.0	3.8765612715713465e-5
11.5	3.4559738853705843e-5
12.0	3.080560086249497e-5
12.5	2.7457142594764818e-5
13.0	2.4471764772599988e-5
13.5	2.1810654622632288e-5
14.0	1.9438811988543663e-5
14.5	1.732486982020413e-5
15.0	1.5440808476206312e-5
15.5	1.3761635355818242e-5
16.0	1.2265070461422848e-5
16.5	1.093125555905796e-5
17.0	9.742491772300537e-6
17.5	8.683004931838573e-6
18.0	7.738736291318523e-6
18.5	6.897155979606576e-6
19.0	6.147096737275817e-6
19.5	5.478605733897561e-6
20.0	4.882812500009925e-6
