-20.0	0.04882812499999993
-19.5	0.04351811221356183
-19.0	0.03878555833614674
-18.5	0.03456766525313195
-18.0	0.03080846408594736
-17.5	0.027458072519060885
-17.0	0.024472032891957724
-16.5	0.021810722272996675
-16.0	0.019438826687182734
-15.5	0.01732487252117085
-15.0	0.015440808887540985
-14.5	0.013761635406564684
-14.0	0.01226507046635519
-13.5	0.010931255559415279
-13.0	0.009742491772308036
-12.5	0.008683004931828987
-12.0	0.007738736291313414
-11.5	0.006897155979602979
-11.0	0.006147096737276114
-10.5	0.005478605733896472
-10.0	0.004882812500000636
-9.5	0.004351811221357792
-9.0	0.0038785558336156285
-8.5	0.003456766525313567
-8.0	0.0030808464085946953
-7.5	0.0027458072519054005
-7.0	0.00244720328919374
-6.5	0.0021810722272987315
-6.0	0.0019438826687180376
-5.5	0.0017324872521176484
-5.0	0.0015440808887564818
-4.5	0.0013761635406572192
-4.0	0.0012265070466352867
-3.5	0.0010931255559394992
-3.0	9.74249177230098e-4
-2.5	8.683004931836567e-4
-2.0	7.73873629133999e-4
-1.5	6.897155979603735e-4
-1.0	6.147096737248441e-4
-0.5	5.478605733894551e-4
0.0	4.882812500032871e-4
0.5	4.3518112213530077e-4
1.0	3.878555833597612e-4
1.5	3.4567665253355025e-4
2.0	3.08084640859063e-4
2.5	2.745807251898144e-4
3.0	2.4472032892159886e-4
3.5	2.1810722272648476e-4
4.0	1.9438826687554725e-4
4.5	1.7324872520948554e-4
5.0	1.5440808887616487e-4
5.5	1.3761635406739684e-4
6.0	1.2265070465907824e-4
6.5	1.0931255559229339e-4
7.0	9.742491772393985e-5
7.5	8.683004932024665e-5
8.0	7.73873629139137e-5
8.5	6.897155979395525e-5
9.0	6.147096736969205e-5
9.5	5.4786057346120284e-5
10.0	4.8828124995998904e-5
10.5	4.3518112210884016e-5
11.0	3.878554435593311e-5
11.5	3.456765945681023e-5
12.0	3.0808462898861176e-5
12.5	2.7458072343341123e-5
13.0	2.447203287242179e-5
13.5	2.1810722271362656e-5
14.0	1.94388266870839e-5
14.5	1.732487252116793e-5
15.0	1.5440808887539877e-5
15.5	1.3761635406562157e-5
16.0	1.2265070466351523e-5
16.5	1.0931255559416559e-5
17.0	9.742491772305904e-6
17.5	8.683004931829465e-6
18.0	7.738736291308277e-6
18.5	6.897155979597794e-6
19.0	6.147096737276142e-6
19.5	5.478605733888779e-6
20.0	4.882812499991873e-6
