-20.0	59.05328920743733
-19.5	51.89482279287587
-19.0	45.56503039865349
-18.5	39.97089349381258
-18.0	35.02966645655809
-17.5	30.667750376559223
-17.0	26.819689831040364
-16.5	23.427279234548877
-16.0	20.438766821269073
-15.5	17.808145619041763
-15.0	15.494521933116246
-14.5	13.46155289039276
-14.0	11.676945515376296
-13.5	10.112010629301835
-13.0	8.741265595004826
-12.5	7.542080581580068
-12.0	6.494363603564459
-11.5	5.580280106820504
-11.0	4.78400333447469
-10.5	4.091492117218432
-10.0	3.490293098487777
-9.5	2.969364731323137
-9.0	2.5189206743936734
-8.5	2.130290473581685
-8.0	1.7957956460361153
-7.5	1.5086394887883203
-7.0	1.262809116500602
-6.5	1.0529883951166674
-6.0	0.874480582170573
-5.5	0.7231396121900078
-5.0	0.5953090786669013
-4.5	0.48776806397355943
-4.0	0.3976830567604891
-3.5	0.32256527406221597
-3.0	0.2602327737882265
-2.5	0.20877680367851537
-2.0	0.1665318863688197
-1.5	0.1320491881508592
-1.0	0.10407276259081918
-0.5	0.0815183006324933
0.0	0.063454057374096
0.5	0.04908366344789508
1.0	0.03773056667117052
1.5	0.02882388781254716
2.0	0.021885512839032135
2.5	0.016518282182428783
3.0	0.012395174095931506
3.5	0.009249412317958469
4.0	0.006865456089114986
4.5	0.005070851342727622
5.0	0.003728934447102304
5.5	0.0027323838672953203
6.0	0.0019976110853766353
6.5	0.0014599713261993332
7.0	0.0010697588518053867
7.5	7.889329385555911e-4
8.0	5.885016710473911e-4
8.5	4.4647440036708614e-4
9.0	3.4628339600715737e-4
9.5	2.7557362355331135e-4
10.0	2.2526776521779136e-4
10.5	1.8883006665781576e-4
11.0	1.616733811625432e-4
11.5	1.4067450702814018e-4
12.0	1.2377725536332238e-4
12.5	1.0967449300052279e-4
13.0	9.756114273028717e-5
13.5	8.695145767481738e-5
14.0	7.755138679517085e-5
14.5	6.917516796835128e-5
15.0	6.169481864304163e-5
15.5	5.501208538848495e-5
16.0	4.9044338832741114e-5
16.5	4.371825623657043e-5
17.0	3.89673479697907e-5
17.5	3.473110264577847e-5
18.0	3.095465778233753e-5
18.5	2.7588544335888038e-5
19.0	2.458836775535604e-5
19.5	2.1914418969752843e-5
20.0	1.9531249310888835e-5
