-20.0	145.84432718603395
-19.5	129.33293806889844
-19.0	114.57666954270124
-18.5	101.38410136084677
-18.0	89.58502476308978
-17.5	79.02824191652527
-17.0	69.57961973934076
-16.5	61.120368684798954
-16.0	53.545518008634545
-15.5	46.76255909044093
-15.0	40.690227504085044
-14.5	35.25739314240423
-14.0	30.4020261842885
-13.5	26.070206039004603
-13.0	22.215141848826747
-12.5	18.796178297107872
-12.0	15.777770854469617
-11.5	13.128431100679729
-11.0	10.819664737160753
-10.5	8.824949378614932
-10.0	7.118820600460876
-9.5	5.6761456608617
-9.0	4.4716579160778185
-8.5	3.479797991076667
-8.0	2.674863506588172
-7.5	2.0314178401990577
-7.0	1.5248644441100607
-6.5	1.1320698390221615
-6.0	0.8319220210891944
-5.5	0.605738853462821
-5.0	0.43748271187473503
-4.5	0.313780140993932
-4.0	0.2237779385859425
-3.5	0.1588847994982577
-3.0	0.11245090447331799
-2.5	0.07943073588680084
-2.0	0.05606214122147635
-1.5	0.03958163740594758
-1.0	0.027984901470859715
-0.5	0.019833455489260847
0.0	0.014103714240402656
0.5	0.010072217133921561
1.0	0.007230236642773953
1.5	0.00522134465886911
2.0	0.0037964011421260306
2.5	0.002781463750436829
3.0	0.0020551083367347537
3.5	0.0015325069558071785
4.0	0.0011543045437481761
4.5	8.78874246152692e-4
5.0	6.769363406346506e-4
5.5	5.278229761833903e-4
6.0	4.168853208901963e-4
6.5	3.3369221956611764e-4
7.0	2.7077686967640134e-4
7.5	2.2276310498357124e-4
8.0	1.8575507844559284e-4
8.5	1.5691027552817424e-4
9.0	1.3414067996940846e-4
9.5	1.1590389575139616e-4
10.0	1.0105741720450837e-4
10.5	8.875672511297994e-5
11.0	7.838286020997273e-5
11.5	6.948881509462111e-5
12.0	6.175739934159817e-5
12.5	5.4966463861573855e-5
13.0	4.896009738341793e-5
13.5	4.362592087260127e-5
14.0	3.887873099718002e-5
14.5	3.4649964675985726e-5
15.0	3.088165490859664e-5
15.5	2.752327590348915e-5
16.0	2.4530141484180312e-5
16.5	2.186251116470959e-5
17.0	1.94849835474561e-5
17.5	1.736600986378728e-5
18.0	1.547747258263202e-5
18.5	1.3794311959206743e-5
19.0	1.229419347455237e-5
19.5	1.0957211467792611e-5
20.0	9.765625000000144e-6
