-20.0	0.005484373371100257
-19.5	0.004896290761058967
-19.0	0.0043721489899853855
-18.5	0.003904993038312333
-18.0	0.0034886240596506916
-17.5	0.0031175171273884307
-17.0	0.0027867479241833553
-16.5	0.0024919274016581357
-16.0	0.0022291435433929112
-15.5	0.0019949094585906208
-15.0	0.0017861171178397035
-14.5	0.001599996117300055
-14.0	0.0014340769244216268
-13.5	0.0012861581178349017
-13.0	0.0011542771871339912
-12.5	0.0010366845056024292
-12.0	9.318201311540469e-4
-11.5	8.382931284172783e-4
-11.0	7.548631385183718e-4
-10.5	6.804239531154403e-4
-10.0	6.139888760555842e-4
-9.5	5.546776799861975e-4
-9.0	5.017049866828283e-4
-8.5	4.543699190403463e-4
-8.0	4.1204688983761506e-4
-7.5	3.741774077708966e-4
-7.0	3.4026279499742686e-4
-6.5	3.0985772270985396e-4
-6.0	2.8256448216291605e-4
-5.5	2.58027918191801e-4
-5.0	2.3593096058461898e-4
-4.5	2.1599069574396363e-4
-4.0	1.979549268167457e-4
-3.5	1.815991747951365e-4
-3.0	1.6672407596230173e-4
-2.5	1.531531322900868e-4
-2.0	1.4073077104321153e-4
-1.5	1.29320667861165e-4
-1.0	1.1880428427749211e-4
-0.5	1.0907956637581339e-4
0.0	1.0005974695130961e-4
0.5	9.167219027526919e-5
1.0	8.385721793454403e-5
1.5	7.656685809876357e-5
2.0	6.976347089846984e-5
2.5	6.341822078124952e-5
3.0	5.7509393223972814e-5
3.5	5.202058687907277e-5
4.0	4.693884942893489e-5
4.5	4.225286013102299e-5
5.0	3.795128653475069e-5
5.5	3.4021448389445e-5
6.0	3.0448402719639433e-5
6.5	2.7214518517703892e-5
7.0	2.429954371391894e-5
7.5	2.168109411565321e-5
8.0	1.933543168182112e-5
8.5	1.723836526705943e-5
9.0	1.5366110610710927e-5
9.5	1.3695985783727356e-5
10.0	1.2206879279879848e-5
10.5	1.0879489833301269e-5
11.0	9.696377815711764e-6
11.5	8.641913350338016e-6
12.0	7.70211549519601e-6
12.5	6.864518057705493e-6
13.0	6.118008215481218e-6
13.5	5.452680567606151e-6
14.0	4.859706671779323e-6
14.5	4.3312181302994774e-6
15.0	3.860202221889855e-6
15.5	3.440408851643148e-6
16.0	3.0662676165922446e-6
16.5	2.7328138898573653e-6
17.0	2.4356229430807925e-6
17.5	2.170751232960165e-6
18.0	1.9346840728300577e-6
18.5	1.7242889949020099e-6
19.0	1.5367741843189407e-6
19.5	1.3696514334747561e-6
20.0	1.2207031250032334e-6
