-20.0	5.555955771475731
-19.5	4.95257847385972
-19.0	4.414610149958586
-18.5	3.9349256120408915
-18.0	3.5071739622305884
-17.5	3.1256944036009586
-17.0	2.7854412212219852
-16.5	2.4819169404563812
-16.0	2.211112778412467
-15.5	1.9694556021635743
-15.0	1.7537606939762742
-14.5	1.5611897014431029
-14.0	1.3892132196385119
-13.5	1.2355775140649505
-13.0	1.0982749477384401
-12.5	0.9755177240520694
-12.0	0.8657145988084346
-11.5	0.7674502505878232
-11.0	0.6794670278257897
-10.5	0.6006488135086249
-10.0	0.5300067638025056
-9.5	0.46666668472660605
-9.0	0.40985781148500094
-8.5	0.3589027490080697
-8.0	0.3132083222873313
-7.5	0.2722570757855528
-7.0	0.23559915998537861
-6.5	0.2028443599013617
-6.0	0.17365406636981978
-5.5	0.14773307565436555
-5.0	0.12482122956053501
-4.5	0.10468506806696821
-4.0	0.08710983474628488
-3.5	0.07189231185729206
-3.0	0.05883501972952489
-2.5	0.047742255489366725
-2.0	0.03841825839939092
-1.5	0.03066750246597236
-1.0	0.024296798687741036
-0.5	0.019118624061228173
0.0	0.014954953580041447
0.5	0.011640886131390199
1.0	0.00902750696640534
1.5	0.006983661915140012
2.0	0.005396562517175906
2.5	0.0041713398255401254
3.0	0.003229787719904471
3.5	0.002508581842949298
4.0	0.0019572446699379067
4.5	0.001536075309980526
5.0	0.0012141973466016046
5.5	9.67815723001418e-4
6.0	7.7872323159435e-4
6.5	6.330613790709613e-4
7.0	5.203182416784206e-4
7.5	4.325345700221311e-4
8.0	3.6368560713860554e-4
8.5	3.0920694318828493e-4
9.0	2.656359549927221e-4
9.5	2.3034432207780323e-4
10.0	2.0134074036665513e-4
10.5	1.7712587149401715e-4
11.0	1.565840249713231e-4
11.5	1.3889880028582354e-4
12.0	1.2348353375446526e-4
12.5	1.0992173870641721e-4
13.0	9.791663138691347e-5
13.5	8.725084693590821e-5
14.0	7.775722251804832e-5
14.5	6.929988054427201e-5
15.0	6.176330156529215e-5
15.5	5.5046550675787624e-5
16.0	4.9060282845811064e-5
16.5	4.372502231922402e-5
17.0	3.896996709428096e-5
17.5	3.473201972754652e-5
18.0	3.0954945165262945e-5
18.5	2.7588623918413672e-5
19.0	2.458838694910479e-5
19.5	2.1914422935585178e-5
20.0	1.9531250000000112e-5
