-20.0	1.5625000000000027
-19.5	1.392579590833966
-19.0	1.2411378667566801
-18.5	1.1061652881002262
-18.0	0.9858708507503064
-17.5	0.8786583206099279
-17.0	0.7831050525426155
-16.5	0.6979431127358854
-16.0	0.6220424539898424
-15.5	0.5543959206774622
-15.0	0.49410588440130865
-14.5	0.4403723330100706
-14.0	0.3924822549233753
-13.5	0.34980017790130186
-13.0	0.3117597367138871
-12.5	0.27785615781857814
-12.0	0.24763956132204448
-11.5	0.22070899134729943
-11.0	0.19670709559283553
-10.5	0.17531538348467784
-10.0	0.15624999999999808
-9.5	0.1392579590833989
-9.0	0.12411378667567262
-8.5	0.11061652881002372
-8.0	0.09858708507503344
-7.5	0.08786583206099463
-7.0	0.07831050525426128
-6.5	0.06979431127358424
-6.0	0.06220424539898119
-5.5	0.05543959206774366
-5.0	0.04941058844013149
-4.5	0.04403723330100967
-4.0	0.03924822549233999
-3.5	0.034980017790131254
-3.0	0.031175973671386116
-2.5	0.02778561578185568
-2.0	0.02476395613220638
-1.5	0.02207089913473311
-1.0	0.01967070955928385
-0.5	0.017531538348465672
0.0	0.015625000000000184
0.5	0.01392579590834205
1.0	0.012411378667565169
1.5	0.011061652881001145
2.0	0.009858708507505167
2.5	0.008786583206097216
3.0	0.007831050525427744
3.5	0.006979431127357607
4.0	0.006220424539899572
4.5	0.005543959206773228
5.0	0.004941058844014744
5.5	0.004403723330099494
6.0	0.003924822549232769
6.5	0.0034980017790141437
7.0	0.0031175973671402667
7.5	0.0027785615781870726
8.0	0.002476395613221704
8.5	0.0022070899134738983
9.0	0.0019670709559274115
9.5	0.0017531538348472232
10.0	0.0015624999999991893
10.5	0.0013925795908346346
11.0	0.0012411378627223257
11.5	0.0011061652793600688
12.0	9.858708475377507e-4
12.5	8.786583199247282e-4
13.0	7.831050524431938e-4
13.5	6.979431127256879e-4
14.0	6.220424539891207e-4
14.5	5.54395920677412e-4
15.0	4.941058844013012e-4
15.5	4.4037233301006393e-4
16.0	3.924822549233695e-4
16.5	3.4980017790129915e-4
17.0	3.1175973671388407e-4
17.5	2.778561578185782e-4
18.0	2.4763956132204735e-4
18.5	2.2070899134730407e-4
19.0	1.96707095592838e-4
19.5	1.7531538348467972e-4
20.0	1.562499999999985e-4
