-20.0	0.865868582419957
-19.5	0.7177012228439605
-19.0	0.5940338426304317
-18.5	0.49098753774351456
-18.0	0.40526480156068867
-17.5	0.3340682275587946
-17.0	0.2750296127113015
-16.5	0.22614827373689994
-16.0	0.185737506945212
-15.5	0.15237823023675923
-15.0	0.12487894401623832
-14.5	0.10224123735925769
-14.0	0.08363014754016102
-13.5	0.06834875565394428
-13.0	0.05581646911619753
-12.5	0.04555050378371397
-12.0	0.037150134731316405
-11.5	0.030283335728854645
-11.0	0.024675473540526946
-10.5	0.020099764649613654
-10.0	0.0163692392156836
-9.5	0.013329990308508509
-9.0	0.010855516035851834
-8.5	0.008841988385645727
-8.0	0.007204305723492184
-7.5	0.005872806200914006
-7.0	0.004790537104373902
-6.5	0.0039109906632013025
-6.0	0.003196230275659248
-5.5	0.002615342730767516
-5.0	0.0021431620075629937
-4.5	0.0017592188152123689
-4.0	0.0014468773722893702
-3.5	0.0011926271707564098
-3.0	9.85502773076323e-4
-2.5	8.166091775867732e-4
-2.0	6.787340716549754e-4
-1.5	5.660314747117204e-4
-1.0	4.7376394226697596e-4
-0.5	3.9809273443272585e-4
0.0	3.359072151465573e-4
0.5	2.846862988584637e-4
1.0	2.4238604932467957e-4
1.5	2.0734860232776147e-4
2.0	1.7822846587304885e-4
2.5	1.5393297686473146e-4
3.0	1.3357428615892202e-4
3.5	1.1643072334192502e-4
4.0	1.0191577439962189e-4
4.5	8.955320409319807e-5
5.0	7.895708597989491e-5
5.5	6.981568576052062e-5
6.0	6.187830115991913e-5
6.5	5.494431779579337e-5
7.0	4.885391253056321e-5
7.5	4.3480024357887076e-5
8.0	3.872139740198327e-5
8.5	3.44966454640108e-5
9.0	3.073935987569401e-5
9.5	2.739427258837517e-5
10.0	2.44144170071759e-5
10.5	2.1759144545548334e-5
11.0	1.939279817114579e-5
11.5	1.7283836080318318e-5
12.0	1.5404232563215275e-5
12.5	1.3729036323011329e-5
13.0	1.2236016452094523e-5
13.5	1.090536113695022e-5
14.0	9.719413343616153e-6
14.5	8.662436260586324e-6
15.0	7.720404443770484e-6
15.5	6.880817703282367e-6
16.0	6.132535233177689e-6
16.5	5.46562777970786e-6
17.0	4.871245886154501e-6
17.5	4.341502465915356e-6
18.0	3.869368145657023e-6
18.5	3.448577989801687e-6
19.0	3.073548368643522e-6
19.5	2.7393028676702823e-6
20.0	2.44140632187629e-6
