-20.0	0.0794058196761102
-19.5	0.0708424209800126
-19.0	0.06321022952385018
-18.5	0.05640797081430427
-18.0	0.05034538307434124
-17.5	0.044942019527580666
-17.0	0.040126180922631136
-16.5	0.03583396413285895
-16.0	0.032008414207300516
-15.5	0.02859876862136359
-15.0	0.02555978369933369
-14.5	0.022851134271302646
-14.0	0.02043687859897282
-13.5	0.018284981471069658
-13.0	0.016366889141106983
-12.5	0.014657150468498494
-12.0	0.013133079237361383
-11.5	0.011774453174082634
-11.0	0.010563245672299182
-10.5	0.009483386668313214
-10.0	0.008520549497586573
-9.5	0.0076619609084650955
-9.0	0.006896231717563489
-8.5	0.006213205866317531
-8.0	0.005603825883653098
-7.5	0.005060012979152373
-7.0	0.0045745601869731905
-6.5	0.004141037156051813
-6.0	0.0037537053388940226
-5.5	0.003407442471874785
-5.0	0.0030976753655865127
-4.5	0.002820320136682302
-4.0	0.0025717291136535267
-3.5	0.0023486437388308325
-3.0	0.0021481528693261262
-2.5	0.0019676559496110985
-2.0	0.001804830589620546
-1.5	0.0016576041330141845
-1.0	0.001524128841377059
-0.5	0.0014027603495514601
0.0	0.0012920390653776345
0.5	0.001190674192085491
1.0	0.0010975300431063106
1.5	0.0010116142974542445
2.0	9.320678116262939e-4
2.5	8.581555637780189e-4
3.0	7.892582646069752e-4
3.5	7.248641387683064e-4
4.0	6.64560371717189e-4
4.5	6.080237460841182e-4
5.0	5.55010078401031e-4
5.5	5.053422169296207e-4
6.0	4.5889658827528973e-4
6.5	4.1558856456752337e-4
7.0	3.753572407719044e-4
7.5	3.3815051015443997e-4
8.0	3.039115353130541e-4
8.5	2.725677646451479e-4
9.0	2.440234831707424e-4
9.5	2.1815650101486968e-4
10.0	1.948190206046696e-4
10.5	1.7384209816256895e-4
11.0	1.5504251922263422e-4
11.5	1.38231034811719e-4
12.0	1.232195414136137e-4
12.5	1.0982764063048297e-4
13.0	9.788679099057815e-5
13.5	8.724255084179879e-5
14.0	7.775523325563442e-5
14.5	6.929947657985272e-5
15.0	6.176323349349168e-5
15.5	5.5046541372529055e-5
16.0	4.906028184076272e-5
16.5	4.372502223587324e-5
17.0	3.896996708919678e-5
17.5	3.47320197273634e-5
18.0	3.095494516528434e-5
18.5	2.7588623918435085e-5
19.0	2.4588386949102943e-5
19.5	2.1914422935599026e-5
20.0	1.953125000005775e-5
