-20.0	19.02517796684022
-19.5	16.92298419959931
-19.0	15.046496804798174
-18.5	13.371053593546577
-18.0	11.874681840807265
-17.5	10.537809664311295
-17.0	9.34300969796862
-16.5	8.274771675421967
-16.0	7.31930089111615
-15.5	6.464339800270457
-15.0	5.69901024521749
-14.5	5.013673959608637
-14.0	4.399809089825955
-13.5	3.849900489388827
-13.0	3.3573414883551527
-12.5	2.916344736244366
-12.0	2.521859598842883
-11.5	2.16949352322894
-11.0	1.8554348664780436
-10.5	1.576375030652924
-10.0	1.329428480081865
-9.5	1.11205041313838
-9.0	0.9219534895127905
-8.5	0.7570268761299731
-8.0	0.6152625753207982
-7.5	0.49469499599147376
-7.0	0.3933594904311546
-6.5	0.3092738146023884
-6.0	0.24044334261147657
-5.5	0.18488706223911336
-5.0	0.14067793303008663
-4.5	0.10598910971851527
-4.0	0.079137395675168
-3.5	0.058617008227006495
-3.0	0.04311964136478501
-2.5	0.03153996869502786
-2.0	0.022968320635110572
-1.5	0.0166738382158205
-1.0	0.01208190357566603
-0.5	0.008749318574022218
0.0	0.006339908292325414
0.5	0.004602296335689334
1.0	0.003350759516477662
1.5	0.002449430474176987
2.0	0.0017996986460775367
2.5	0.0013304316831187367
3.0	9.905500146451414e-4
3.5	7.434863621515325e-4
4.0	5.631091654682219e-4
4.5	4.3075604645232405e-4
5.0	3.3309341915726783e-4
5.5	2.6058208034102304e-4
6.0	2.0638231341342216e-4
6.5	1.6557505535183526e-4
7.0	1.3460893673922962e-4
7.5	1.1090807074143204e-4
8.0	9.259399875191536e-5
8.5	7.828869547869892e-5
9.0	6.697522338342417e-5
9.5	5.789945662188819e-5
10.0	5.0500990756071396e-5
10.5	4.436450011528494e-5
11.0	3.918493594176031e-5
11.5	3.474159112789797e-5
12.0	3.087758287833815e-5
12.5	2.74828322961466e-5
13.0	2.4479921425104843e-5
13.5	2.1812924907133528e-5
14.0	1.9439356945848565e-5
14.5	1.732498059486035e-5
15.0	1.5440827159587614e-5
15.5	1.3761637911344886e-5
16.0	1.2265070737713412e-5
16.5	1.0931255581990678e-5
17.0	9.742491773705523e-6
17.5	8.683004931892637e-6
18.0	7.73873629131598e-6
18.5	6.89715597960337e-6
19.0	6.147096737276185e-6
19.5	5.478605733896305e-6
20.0	4.88281250000007e-6
