-20.0	1.388989103391335
-19.5	1.2381447539304151
-19.0	1.1036526518225385
-18.5	0.9837314995171558
-18.0	0.8767935720286035
-17.5	0.7814236696833884
-17.0	0.6963603633821643
-16.5	0.6204792841519988
-16.0	0.5527782360071288
-15.5	0.4923639354985467
-15.0	0.4384402030067707
-14.5	0.39029745027216134
-14.0	0.3473033259312576
-13.5	0.3088943962479201
-13.0	0.2745687518838764
-12.5	0.24387944360748517
-12.0	0.21642866030324542
-11.5	0.19186257156046163
-11.0	0.16986676443993035
-10.5	0.15016220964926255
-10.0	0.13250169619632082
-9.5	0.11666667555775342
-9.0	0.10246445651077342
-8.5	0.08972569026804922
-8.0	0.07830208306063127
-7.5	0.06806427099010856
-7.0	0.058899791665216285
-6.5	0.05071109132950528
-6.0	0.04341351768343329
-5.5	0.036933269785667064
-5.0	0.031205308081290264
-4.5	0.026171267559500007
-4.0	0.02177745910869557
-3.5	0.01797307828935671
-3.0	0.01470875518012056
-2.5	0.011935564059275575
-2.0	0.009604564739523522
-1.5	0.007666875719897547
-1.0	0.006074199747837997
-0.5	0.004779656070600568
0.0	0.003738738435026816
0.5	0.002910221561649715
1.0	0.0022568767622421445
1.5	0.0017459154935285355
2.0	0.0013491406397998418
2.5	0.001042834963859276
3.0	8.074469352875928e-4
3.5	6.271454645088309e-4
4.0	4.893111701601234e-4
4.5	3.840188293909855e-4
5.0	3.035493379909668e-4
5.5	2.4195393169523788e-4
6.0	1.9468080856126249e-4
6.5	1.582653452291265e-4
7.0	1.3007956073756775e-4
7.5	1.0813364272160696e-4
8.0	9.09214019287802e-5
8.5	7.730173589092022e-5
9.0	6.640898880745332e-5
9.5	5.7586080555487106e-5
10.0	5.0335185112576375e-5
10.5	4.428146788498097e-5
11.0	3.9146006248642975e-5
11.5	3.4724700074328364e-5
12.0	3.0870883439831585e-5
12.5	2.7480434677112217e-5
13.0	2.4479157846916677e-5
13.5	2.181271173400097e-5
14.0	1.9439305629521187e-5
14.5	1.7324970136070905e-5
15.0	1.5440825391323558e-5
15.5	1.3761637668946754e-5
16.0	1.226507071145295e-5
16.5	1.0931255579805996e-5
17.0	9.742491773570363e-6
17.5	8.683004931886632e-6
18.0	7.738736291315785e-6
18.5	6.897155979603358e-6
19.0	6.147096737276185e-6
19.5	5.478605733896299e-6
20.0	4.8828125000000585e-6
