-20	5.000000003077996
-19	3.971641176060018
-18	3.1547867243317183
-17	2.505936169663733
-16	1.9905358539744693
-15	1.5811388310367125
-14	1.2559432165052373
-13	0.9976311580744284
-12	0.792446596693156
-11	0.6294627062585867
-10	0.5000000002813065
-9	0.3971641175798788
-8	0.31547867240750493
-7	0.2505936169412666
-6	0.1990535853730243
-5	0.15811388308007726
-4	0.12559432162792422
-3	0.09976311578602223
-2	0.07924465964927227
-1	0.06294627060739398
0	0.0500000000114366
1	0.03971641174322608
2	0.031547867228030026
3	0.025059361683482183
4	0.01990535852867869
5	0.01581138830125798
6	0.012559432157693614
7	0.009976311574885693
8	0.007924465962314508
9	0.006294627058972213
10	0.005000000000000141
11	0.003971641173621412
12	0.0031547867224009643
13	0.002505936168136363
14	0.001990535852767482
15	0.0015811388300841888
16	0.0012559432157547889
17	9.976311574844392e-4
18	7.924465962305556e-4
19	6.294627058959748e-4
20	4.99999985279737e-4
