-20.0	49.26224252698421
-19.5	43.22713517180111
-19.0	37.89472047374148
-18.5	33.185901452239975
-18.0	29.03032813695103
-17.5	25.365437996974503
-17.0	22.135601184622494
-16.5	19.291359170273974
-16.0	16.78874658876688
-15.5	14.588687226308691
-15.0	12.656456064892845
-14.5	10.961200181636821
-14.0	9.475512085171133
-13.5	8.175049770512592
-13.0	7.038198397112649
-12.5	6.045769050193765
-12.0	5.180730540514925
-11.5	4.42797063887458
-11.0	3.7740835348246287
-10.5	3.2071806594612537
-10.0	2.716722324418051
-9.5	2.2933679074406985
-9.0	1.9288425628577257
-8.5	1.6158186561593015
-8.0	1.3478103186433565
-7.5	1.1190796932858569
-7.0	0.9245535989196344
-6.5	0.7597494784974972
-6.0	0.6207096204545373
-5.5	0.5039427515700453
-5.0	0.4063721966474177
-4.5	0.3252898860312558
-4.0	0.2583155675631862
-3.5	0.203360646033089
-3.0	0.15859613142213516
-2.5	0.12242422811031332
-2.0	0.09345314157506648
-1.5	0.07047471778786511
-1.0	0.0524445644351307
-0.5	0.038464333238579076
0.0	0.027765870132519768
0.5	0.01969696608713731
1.0	0.013708467241276785
1.5	0.00934253002917513
2.0	0.006221836324393907
2.5	0.00403961612810482
3.0	0.0025503612644167486
3.5	0.0015611523266944086
4.0	9.235610749252555e-4
4.5	5.261287587891953e-4
5.0	2.874535490494973e-4
5.5	1.4994298099116538e-4
6.0	7.429597561453039e-5
6.5	3.477103877763501e-5
7.0	1.5272751271946687e-5
7.5	6.251183824367624e-6
8.0	2.365227650475861e-6
8.5	8.198693822195379e-7
9.0	2.577477817907433e-7
9.5	7.266144570356604e-8
10.0	1.813628844666873e-8
10.5	3.951172451096098e-9
11.0	7.393878790771806e-10
11.5	1.1672577021205503e-10
12.0	1.5234456335867187e-11
12.5	1.606907168390379e-12
13.0	1.3353150688156835e-13
13.5	8.495204456748442e-15
14.0	4.0067448658776075e-16
14.5	1.3513489857726874e-17
15.0	3.1296124429777657e-19
15.5	4.7554745470989095e-21
16.0	4.493131545060236e-23
16.5	2.4320783853570757e-25
17.0	4.082848222584499e-28
17.5	3.0814879110195774e-29
18.0	2.0719924713695638e-29
18.5	5.965760595733902e-30
19.0	3.0814879110195774e-31
19.5	1.9721522630525295e-31
20.0	3.462359816821597e-29
