-20.0	37.71640443472227
-19.5	33.095775365910235
-19.0	29.013145362708368
-18.5	25.407955799371315
-18.0	22.226344979853312
-17.5	19.42041346643394
-17.0	16.947569656977016
-16.5	14.769946864741211
-16.0	12.853884107024784
-15.5	11.169463657642668
-15.0	9.690099174683622
-14.5	8.3921688890657
-14.0	7.254688940209123
-13.5	6.2590224805486026
-13.0	5.388620647789162
-12.5	4.628791929054257
-12.0	3.966496820081606
-11.5	3.3901650203882787
-11.0	2.8895327063500735
-10.5	2.455497692400038
-10.0	2.079990529632654
-9.5	1.7558598041344935
-9.0	1.4767700871880693
-8.5	1.2371111586220227
-8.0	1.031917275211331
-7.5	0.8567953901719287
-7.0	0.7078613491726733
-6.5	0.5816831944745682
-6.0	0.4752308031604827
-5.5	0.385831169170854
-5.0	0.31112871305833556
-4.5	0.24905006899272444
-4.0	0.19777285641555473
-3.5	0.15569799461898234
-3.0	0.12142516312003294
-2.5	0.09373104964697906
-2.0	0.07155006151850839
-1.5	0.05395720580633808
-1.0	0.04015286964556679
-0.5	0.02944925513578022
0.0	0.02125824432028409
0.5	0.015080489660459547
1.0	0.010495545231572465
1.5	0.0071528745536184055
2.0	0.004763593435859756
2.5	0.0030928310980717017
3.0	0.0019526203430856894
3.5	0.001195257250103369
4.0	7.071014480082168e-4
4.5	4.028173309388719e-4
5.0	2.2008162349309912e-4
5.5	1.1480009482497067e-4
6.0	5.6882856322678736e-5
6.5	2.6621576562222998e-5
7.0	1.169320019308835e-5
7.5	4.7860626163989234e-6
8.0	1.810877420158453e-6
8.5	6.277124953663606e-7
9.0	1.9733814515249257e-7
9.5	5.563141976882746e-8
10.0	1.3885595742291695e-8
10.5	3.0251163728688863e-9
11.0	5.660148081214738e-10
11.5	8.935449096399471e-11
12.0	1.1662829688749722e-11
12.5	1.230235730889678e-12
13.0	1.0223332484950879e-13
13.5	6.504101023281214e-15
14.0	3.0676601197155394e-16
14.5	1.0346247638273705e-17
15.0	2.3960937664867125e-19
15.5	3.640856607673715e-21
16.0	3.4388818371680225e-23
16.5	1.8536855696490298e-25
17.0	2.7733391199176196e-28
17.5	3.2059800226247683e-29
18.0	2.0719924713695638e-29
18.5	5.965760595733902e-30
19.0	3.0814879110195774e-31
19.5	1.9721522630525295e-31
20.0	3.462359816821597e-29
