-20.0	0.013660224098542664
-19.5	0.012182746021981302
-19.0	0.010865932794171938
-18.5	0.009692311118276384
-18.0	0.0086463077661207
-17.5	0.007714042931875333
-17.0	0.006883146056676002
-16.5	0.006142591680337163
-16.0	0.005482553142089782
-15.5	0.004894272189138221
-15.0	0.004369942762935834
-14.5	0.003902607421246842
-14.0	0.003486065021749996
-13.5	0.003114788442439657
-13.0	0.00278385124728644
-12.5	0.0024888623244087357
-12.0	0.002225907629852767
-11.5	0.0019914982644660562
-11.0	0.0017825241955049453
-10.5	0.001596213009628096
-10.0	0.0014300931508625025
-9.5	0.0012819611568103916
-9.0	0.001149852459621523
-8.5	0.0010320153657856755
-8.0	9.268878712188816e-4
-7.5	8.330770060091919e-4
-7.0	7.493404370109502e-4
-6.5	6.745700866777624e-4
-6.0	6.077775534676928e-4
-5.5	5.480811431886918e-4
-5.0	4.946943419574497e-4
-4.5	4.4691558033603843e-4
-4.0	4.04119154777517e-4
-3.5	3.657471868347278e-4
-3.0	3.3130251285324415e-4
-2.5	3.0034240692459807e-4
-2.0	2.724730479234149e-4
-1.5	2.473446473346498e-4
-1.0	2.2464715853918766e-4
-0.5	2.0410649028185576e-4
0.0	1.8548114772180393e-4
0.5	1.6855922425234113e-4
1.0	1.531556671168519e-4
1.5	1.3910974098359452e-4
2.0	1.2628261771231538e-4
2.5	1.1455502904820112e-4
3.0	1.0382493341267728e-4
3.5	9.400516937564557e-5
4.0	8.502109610454689e-5
4.5	7.680825301606555e-5
5.0	6.931010317585263e-5
5.5	6.247595072142882e-5
6.0	5.625913591917979e-5
6.5	5.0615605069828364e-5
7.0	4.550292419273306e-5
7.5	4.087975735216648e-5
8.0	3.6705771006790905e-5
8.5	3.294186897253269e-5
9.0	2.955062326150977e-5
9.5	2.649675553484195e-5
10.0	2.3747544715485488e-5
10.5	2.1273080870758913e-5
11.0	1.904633097770254e-5
11.5	1.7043080471468145e-5
12.0	1.5241667607556651e-5
12.5	1.3622749800576255e-5
13.0	1.2168991418444447e-5
13.5	1.0864770430908872e-5
14.0	9.695919307023458e-6
14.5	8.649509228829681e-6
15.0	7.713683283884617e-6
15.5	6.877537680065072e-6
16.0	6.131044061472311e-6
16.5	5.465001557501215e-6
17.0	4.871005250246081e-6
17.5	4.341418752475069e-6
18.0	3.869342094363619e-6
18.5	3.4485708347872877e-6
19.0	3.0735466603748203e-6
19.5	2.7393025184104436e-6
20.0	2.4414061903874496e-6
