-20.0	0.08060489038445517
-19.5	0.07192514128305144
-19.0	0.06418920535630501
-18.5	0.05729443159077216
-18.0	0.05114933072402433
-17.5	0.04567236124792237
-17.0	0.04079084741526706
-16.5	0.036440014892934164
-16.0	0.03256213126604736
-15.5	0.02910573998924655
-15.0	0.026024977621260922
-14.5	0.023278965284546732
-14.0	0.020831266276859703
-13.5	0.018649402640135967
-13.0	0.016704424274644643
-12.5	0.014970524884587867
-12.0	0.01342469966334496
-11.5	0.012046440181500626
-11.0	0.0108174624356846
-10.5	0.009721464457504395
-10.0	0.008743910275865845
-9.5	0.007871837377500454
-9.0	0.007093685124475408
-8.5	0.006399141867962449
-8.0	0.0057790087482084765
-7.5	0.005225078394890847
-7.0	0.00473002694252515
-6.5	0.004287317954831157
-6.0	0.003891117012031339
-5.5	0.0035362158578558477
-5.0	0.003217965129204154
-4.5	0.0029322148027081177
-4.0	0.002675261588779799
-3.5	0.002443802584984431
-3.0	0.00223489456746114
-2.5	0.002045918349617504
-2.0	0.00187454767233776
-1.5	0.0017187221076224333
-1.0	0.0015766234594515429
-0.5	0.0014466551318205213
0.0	0.0013274239090281924
0.5	0.0012177235625112377
1.0	0.0011165196714334052
1.5	0.0010229350337802746
2.0	9.362350677859467e-4
2.5	8.558126762610594e-4
3.0	7.811721845064259e-4
3.5	7.11912176371573e-4
4.0	6.477073359477704e-4
4.5	5.882897318920518e-4
5.0	5.334303153742082e-4
5.5	4.829216689387116e-4
6.0	4.3656317692581346e-4
6.5	3.941497132884447e-4
7.0	3.554646344238995e-4
7.5	3.202773459961136e-4
8.0	2.883450735205514e-4
8.5	2.594178559817417e-4
9.0	2.3324535829651483e-4
9.5	2.0958398257682042e-4
10.0	1.8820297697051333e-4
10.5	1.6888871300691638e-4
11.0	1.514468046209163e-4
11.5	1.3570264575324658e-4
12.0	1.2149983728212271e-4
12.5	1.0869856808169188e-4
13.0	9.717319796684505e-5
13.5	8.680992156787776e-5
14.0	7.750470369213835e-5
14.5	6.916160174595936e-5
15.0	6.169154317804942e-5
15.5	5.5011554711944556e-5
16.0	4.9044376033902624e-5
16.5	4.371834253412421e-5
17.0	3.896740030621699e-5
17.5	3.473112678396145e-5
18.0	3.09546672848009e-5
18.5	2.7588547598267343e-5
19.0	2.4588368727629893e-5
19.5	2.1914419217859693e-5
20.0	1.9531249364143632e-5
