-20.0	1.5297568755136932
-19.5	1.233001730882952
-19.0	0.9932268727048568
-18.5	0.7996405029952218
-18.0	0.6434590812857448
-17.5	0.5175418790428482
-17.0	0.4160901546408183
-16.5	0.3343999420075441
-16.0	0.2686592287950431
-15.5	0.21578181373174637
-15.0	0.1732714141092234
-14.5	0.139110675415747
-14.0	0.11167064454222854
-13.5	0.08963703077642582
-13.0	0.07195021686097738
-12.5	0.05775651469976157
-12.0	0.04636860327557403
-11.5	0.037233454085156555
-11.0	0.029906353995293854
-10.5	0.024029887160246215
-10.0	0.019316945263019053
-9.5	0.015537006241452034
-9.0	0.012505062065829011
-8.5	0.010072691283196432
-8.0	0.008120866317442105
-7.5	0.0065541625736188405
-7.0	0.005296099286721504
-6.5	0.0042853933096842
-6.0	0.003472948748363894
-5.5	0.0028194392547046866
-5.0	0.0022933673111820638
-4.5	0.0018695071549839097
-4.0	0.0015276560641010457
-3.5	0.0012516333504610023
-3.0	0.0010284782245871163
-2.5	8.478072406229375e-4
-2.0	7.012997311014323e-4
-1.5	5.822858487317944e-4
-1.0	4.854168333249813e-4
-0.5	4.0640114780284557e-4
0.0	3.417933662327437e-4
0.5	2.8882530144801714e-4
1.0	2.452709533063376e-4
1.5	2.0933854033637807e-4
2.0	1.7958422713353655e-4
2.5	1.548432408746663e-4
3.0	1.3417493284672964e-4
3.5	1.1681902426007125e-4
4.0	1.0216081106099282e-4
4.5	8.970351612356903e-5
5.0	7.904629374267679e-5
5.5	6.986663700821755e-5
6.0	6.190614255374046e-5
6.5	5.495877843013195e-5
7.0	4.8861000849672876e-5
7.5	4.3483277931669585e-5
8.0	3.8722783878409624e-5
8.5	3.4497188837208964e-5
9.0	3.0739553690241387e-5
9.5	2.73943347820342e-5
10.0	2.4414434731443796e-5
10.5	2.175914896719323e-5
11.0	1.9392799058194662e-5
11.5	1.7283836116426214e-5
12.0	1.5404232539023654e-5
12.5	1.372903631548056e-5
13.0	1.2236016450852634e-5
13.5	1.0905361136811942e-5
14.0	9.719413343606946e-6
14.5	8.662436260585905e-6
15.0	7.720404443770533e-6
15.5	6.880817703282331e-6
16.0	6.132535233177772e-6
16.5	5.46562777970788e-6
17.0	4.871245886154536e-6
17.5	4.34150246591534e-6
18.0	3.869368145657043e-6
18.5	3.448577989801666e-6
19.0	3.0735483686380924e-6
19.5	2.739302866948153e-6
20.0	2.441406250000036e-6
