-20.0	0.03811270878688801
-19.5	0.03404183698075903
-19.0	0.03041355712498197
-18.5	0.027179724356523816
-18.0	0.024297427938488835
-17.5	0.021728421874213057
-17.0	0.019438617423061636
-16.5	0.017397630784758485
-16.0	0.015578379951369483
-15.5	0.013956725378694603
-15.0	0.012511149710678592
-14.5	0.011222472308965198
-14.0	0.010073594802086867
-13.5	0.009049274280948712
-13.0	0.008135921134835057
-12.5	0.007321418849943876
-12.0	0.006594963384940113
-11.5	0.0059469199989238275
-11.0	0.005368695640317842
-10.5	0.004852625213187513
-10.0	0.004391870223635038
-9.5	0.003980328475301081
-9.0	0.0036125536319874156
-8.5	0.003283683598933017
-8.0	0.00298937679386287
-7.5	0.0027257554862767843
-7.0	0.0024893554794356934
-6.5	0.002277081495294693
-6.0	0.002086167698717677
-5.5	0.0019141428642450269
-5.0	0.0017587997461588078
-4.5	0.001618168260734274
-4.0	0.0014904921275264717
-3.5	0.0013742086433413162
-3.0	0.001267931277688223
-2.5	0.0011704347803156991
-2.0	0.001080642480139731
-1.5	9.976154300645242e-4
-1.0	9.205430163738923e-4
-0.5	8.487346078880353e-4
0.0	7.816117765680378e-4
0.5	7.187005876948197e-4
1.0	6.596234481288699e-4
1.5	6.04090031903288e-4
2.0	5.518868906309337e-4
2.5	5.02865514378964e-4
3.0	4.5692884092913085e-4
3.5	4.140165074875407e-4
4.0	3.74089466325806e-4
4.5	3.371148914727424e-4
5.0	3.0305251883432793e-4
5.5	2.7184360986349924e-4
6.0	2.4340355880414678e-4
6.5	2.1761875924417162e-4
7.0	1.9434776195386636e-4
7.5	1.73426108741447e-4
8.0	1.5467367427171984e-4
8.5	1.379030438381074e-4
9.0	1.2292748668707706e-4
9.5	1.0956743322455938e-4
10.0	9.765490397979317e-5
10.5	8.703588590690752e-5
11.0	7.757101543431853e-5
11.5	6.913530550510595e-5
12.0	6.161692376483726e-5
12.5	5.4916144437532695e-5
13.0	4.89440657216004e-5
13.5	4.36214445406482e-5
14.0	3.887765337424174e-5
14.5	3.4649745042402243e-5
15.0	3.088161777512303e-5
15.5	2.752327081314742e-5
16.0	2.4530140932741697e-5
16.5	2.1862511118861687e-5
17.0	1.948498354465004e-5
17.5	1.736600986368372e-5
18.0	1.5477472582643023e-5
18.5	1.3794311959218275e-5
19.0	1.2294193474551444e-5
19.5	1.0957211467800245e-5
20.0	9.76562500003038e-6
