-20.0	0.07554346433340031
-19.5	0.0674024914266065
-19.0	0.06014678553863569
-18.5	0.053680067912596885
-18.0	0.04791652919988033
-17.5	0.04277969082565977
-17.0	0.038201390168987694
-16.5	0.03412087609167822
-16.0	0.030484002814412287
-15.5	0.027242511443717306
-15.0	0.024353389616476328
-14.5	0.021778300765462964
-14.0	0.01948307543323287
-13.5	0.01743725788531114
-13.0	0.015613702007506
-12.5	0.013988211126513977
-12.0	0.012539216976075511
-11.5	0.011247493550717195
-11.0	0.010095902052682886
-10.5	0.009069163550615707
-10.0	0.008153656337117423
-9.5	0.00733723530082446
-9.0	0.006609070921794094
-8.5	0.005959505760591881
-8.0	0.005379926544921154
-7.5	0.004862650166390185
-7.0	0.004400822086387451
-6.5	0.003988325816869076
-6.0	0.003619702291126816
-5.5	0.003290078073560443
-5.0	0.0029951014771697885
-4.5	0.0027308857651422384
-4.0	0.0024939587092294544
-3.5	0.0022812178632991196
-3.0	0.0020898909871708126
-2.5	0.001917501122470344
-2.0	0.001761835880397475
-1.5	0.0016209205492253116
-1.0	0.0014929946678368259
-0.5	0.001376491738412728
0.0	0.0012700217668670797
0.5	0.0011723563219096698
1.0	0.0010824157923100945
1.5	9.9925849734958e-4
2.0	9.220712701226702e-4
2.5	8.501610900348256e-4
3.0	7.82947296538631e-4
3.5	7.199538830674516e-4
4.0	6.608013596292632e-4
4.5	6.051977016047355e-4
5.0	5.529279908026169e-4
5.5	5.038425089842655e-4
6.0	4.5784327765519575e-4
6.5	4.148693308885969e-4
7.0	3.748813356768165e-4
7.5	3.37846482190246e-4
8.0	3.0372478220101057e-4
8.5	2.724579677286348e-4
9.0	2.4396201521944253e-4
9.5	2.1812392164085464e-4
10.0	1.9480277757508223e-4
10.5	1.738345355318495e-4
11.0	1.550392581974625e-4
11.5	1.3822974385404462e-4
12.0	1.2321907717052929e-4
12.5	1.0982749071960279e-4
13.0	9.78867480845475e-5
13.5	8.72425401162761e-5
14.0	7.775523095232591e-5
14.5	6.929947616282357e-5
15.0	6.176323343116526e-5
15.5	5.504654136499342e-5
16.0	4.906028184004221e-5
16.5	4.372502223582518e-5
17.0	3.896996708917052e-5
17.5	3.473201972736326e-5
18.0	3.095494516527797e-5
18.5	2.75886239184166e-5
19.0	2.4588386949107903e-5
19.5	2.191442293555609e-5
20.0	1.9531250000008555e-5
