-20.0	0.08418780509995054
-19.5	0.07511572939644247
-19.0	0.06703013518618343
-18.5	0.05982373169786545
-18.0	0.05340089452583374
-17.5	0.04767639676221007
-17.0	0.042574278100116096
-16.5	0.03802683690219658
-16.0	0.033973731860614274
-15.5	0.030361181329097268
-15.0	0.027141249703846366
-14.5	0.024271211385600493
-14.0	0.021712983884785878
-13.5	0.019432622549868283
-13.0	0.01739987021697023
-12.5	0.01558775580853236
-12.0	0.013972236558884485
-11.5	0.01253187912457084
-11.0	0.011247575354416763
-10.5	0.010102288955439328
-10.0	0.009080829702392362
-9.5	0.008169652205988226
-9.0	0.007356676582802965
-8.5	0.006631128662837973
-8.0	0.00598339763244814
-7.5	0.005404909244459179
-7.0	0.004888012936522307
-6.5	0.004425881385801687
-6.0	0.004012421195077771
-5.5	0.003642193554340306
-5.0	0.00331034385364279
-4.5	0.0030125393392699982
-4.0	0.002744914006127419
-3.5	0.002504020004679234
-3.0	0.002286784911558668
-2.5	0.0020904742672066042
-2.0	0.0019126588225889057
-1.5	0.0017511859583826846
-1.0	0.0016041547456341666
-0.5	0.001469894106822182
0.0	0.0013469435151791315
0.5	0.0012340356429771772
1.0	0.0011300803456118112
1.5	0.0010341493603122044
2.0	9.454611225523699e-4
2.5	8.633651754011656e-4
3.0	7.873257823170826e-4
3.5	7.16904562447104e-4
4.0	6.517422427605126e-4
4.5	5.915399415969559e-4
5.0	5.360407227492412e-4
5.5	4.8501241798067454e-4
6.0	4.382328458617954e-4
6.5	3.9547848300552696e-4
7.0	3.5651734579430496e-4
7.5	3.21106338877625e-4
8.0	2.889927079008774e-4
8.5	2.5991864303336965e-4
9.0	2.336276700058039e-4
9.5	2.0987135343317987e-4
10.0	1.8841504957207866e-4
10.5	1.690419032315986e-4
11.0	1.5155476912145227e-4
11.5	1.357766228008704e-4
12.0	1.2154892543553555e-4
12.5	1.0872997172008226e-4
13.0	9.719246732215126e-5
13.5	8.682119378282326e-5
14.0	7.751094476967662e-5
14.5	6.916484330611694e-5
15.0	6.169310477536894e-5
15.5	5.50122418968745e-5
16.0	4.904464614141502e-5
16.5	4.371843385108642e-5
17.0	3.896742479478162e-5
17.5	3.47311306924767e-5
18.0	3.0954666703257626e-5
18.5	2.758854681828162e-5
19.0	2.4588368354897178e-5
19.5	2.1914419093673143e-5
20.0	1.95312493324221e-5
