-20	0.015226460943691969
-19	0.01515968012148521
-18	0.01508269273971415
-17	0.01499382845159394
-16	0.014891151006293707
-15	0.014772430569686723
-14	0.014635122408773852
-13	0.014476358177555979
-12	0.014292958761755365
-11	0.014081480866463266
-10	0.013838312892672058
-9	0.013559838316132672
-8	0.0132426852753658
-7	0.012884077184337275
-6	0.012482288240143068
-5	0.012037187548397547
-4	0.011550826596957886
-3	0.011027992644757376
-2	0.010476628557254042
-1	0.009908027707450332
0	0.00933677025054531
1	0.00878048002595137
2	0.008259629683913725
3	0.0077977656809503654
4	0.007422643893111815
5	0.007168932884538298
6	0.007083608514854419
7	0.007236453796729274
8	0.007741171712037684
9	0.008799573546343125
10	0.01079661536857535
11	0.014504196913328372
12	0.021478421570021656
13	0.03452498421142551
14	0.05659243840751047
15	0.08369105658457024
16	0.0991032228393369
17	0.09384840786445461
18	0.0784289542567002
19	0.06287954358434329
20	0.04999707724073775
