-20.0	22.946510733261047
-19.5	20.472439538377284
-19.0	18.26742141162335
-18.5	16.30219700592515
-18.0	14.550688896317892
-17.5	12.989655541206039
-17.0	11.598382877574396
-16.5	10.358409451794568
-16.0	9.253281439324514
-15.5	8.268334303671203
-15.0	7.390498193943159
-14.5	6.608124500460689
-14.0	5.910831262607977
-13.5	5.2893653790670925
-13.0	4.735479785974287
-12.5	4.24182397292312
-12.0	3.8018463772778133
-11.5	3.4097073566579033
-11.0	3.060201575751093
-10.5	2.748688766345808
-10.0	2.4710319261091467
-9.5	2.223542115169493
-9.0	2.0029290895896827
-8.5	1.8062570777272506
-8.0	1.630905061597896
-7.5	1.4745309666685558
-7.0	1.3350391943604598
-6.5	1.2105509479085825
-6.0	1.0993768085855813
-5.5	0.999991017486744
-5.0	0.9110069187593632
-4.5	0.8311530452843997
-4.0	0.7592494214673411
-3.5	0.6941839048498247
-3.0	0.6348889384882385
-2.5	0.5803201831968737
-2.0	0.5294404829144226
-1.5	0.48121583265480433
-1.0	0.434634454272014
-0.5	0.3887644893880833
0.0	0.3428661654833372
0.5	0.2965624775734322
1.0	0.2500386732926588
1.5	0.20418572176907254
2.0	0.16055854055323365
2.5	0.12105297118709853
3.0	0.08735775421112098
3.5	0.06042530063579048
4.0	0.040240755823849735
4.5	0.025978684781797882
5.0	0.016391954424752428
5.5	0.010195227733373566
6.0	0.006300686536085522
6.5	0.003896282406037945
7.0	0.0024250660349787886
7.5	0.0015263033542827142
8.0	9.749433998585173e-4
8.5	6.337641057410277e-4
9.0	4.201029045561726e-4
9.5	2.8436767727385315e-4
10.0	1.9675258178339372e-4
10.5	1.392333307191738e-4
11.0	1.0080835921511067e-4
11.5	7.468436496932995e-5
12.0	5.661077779388844e-5
12.5	4.3889476423524885e-5
13.0	3.478148656354479e-5
13.5	2.814808049023955e-5
14.0	2.3231332012435846e-5
14.5	1.9518475906120696e-5
15.0	1.665724077672998e-5
15.5	1.4402567776567834e-5
16.0	1.2582799601940654e-5
16.5	1.1077878646805764e-5
17.0	9.804765184134572e-6
17.5	8.707053149668116e-6
18.0	7.7470711155696e-6
18.5	6.899712458279329e-6
19.0	6.147780097286087e-6
19.5	5.478762245575678e-6
20.0	4.882842638672744e-6
