-20.0	37.72185024295336
-19.5	33.100633142337614
-19.0	29.01747905206951
-18.5	25.411822392089693
-18.0	22.229795268267416
-17.5	19.423492718781684
-17.0	16.95031821807903
-16.5	14.772400691353504
-16.0	12.856075244964996
-15.5	11.171420667020934
-15.0	9.691847508880876
-14.5	8.393731232488296
-14.0	7.256085509301825
-13.5	6.260271292060406
-13.0	5.389737757851936
-12.5	4.629791646247115
-12.0	3.9673918953086407
-11.5	3.3909668160897604
-11.0	2.890251347293238
-10.5	2.456142200051252
-10.0	2.080568941895012
-9.5	1.7563792820411754
-9.0	1.4772370099688208
-8.5	1.237531208406313
-8.0	1.0322955124946855
-7.5	0.8571363210499118
-7.0	0.7081689852384
-6.5	0.5819611061791262
-6.0	0.4754821673497298
-5.5	0.38605881143591536
-5.0	0.31133514546947433
-4.5	0.2492375237263743
-4.0	0.19794331573129492
-3.5	0.15585321759634646
-3.0	0.12156670952369762
-2.5	0.09386030125225958
-2.0	0.07166824119672158
-1.5	0.05406539464072981
-1.0	0.04025202232254218
-0.5	0.02954021383239388
0.0	0.021341751286597842
0.5	0.015157198673700066
1.0	0.01056603207714295
1.5	0.007217646665178721
2.0	0.004823098802218941
2.5	0.003147466518045225
3.0	0.0020027390806697503
3.5	0.0012411761119102643
4.0	7.491072741396099e-4
4.5	4.411728615472702e-4
5.0	2.550306795477554e-4
5.5	1.465719967136504e-4
6.0	8.569600238305193e-5
6.5	5.26861187551955e-5
7.0	3.521278786684388e-5
7.5	2.5958676530745366e-5
8.0	2.0828839695318504e-5
8.5	1.7677024762898892e-5
9.0	1.5456557452940666e-5
9.5	1.369452826807125e-5
10.0	1.2192130547614353e-5
10.5	1.0869116046037507e-5
11.0	9.691138708727358e-6
11.5	8.639694042788076e-6
12.0	7.701292626938172e-6
12.5	6.864248139402924e-6
13.0	6.117930124557414e-6
13.5	5.452660843465074e-6
14.0	4.859702385003505e-6
14.5	4.331217342521221e-6
15.0	3.860202101912919e-6
15.5	3.4404088368402347e-6
16.0	3.0662676151503506e-6
16.5	2.732813889749548e-6
17.0	2.4356229430749107e-6
17.5	2.1707512329600226e-6
18.0	1.9346840728300577e-6
18.5	1.7242889949020099e-6
19.0	1.5367741843189407e-6
19.5	1.3696514334747561e-6
20.0	1.2207031250032334e-6
