-20.0	22.652351215888473
-19.5	19.753818753865087
-19.0	17.2027772096771
-18.5	14.959514874014143
-18.0	12.988740191464386
-17.5	11.259095164839605
-17.0	9.742722010969683
-16.5	8.414877260850087
-16.0	7.253588129886531
-15.5	6.23934654801894
-15.0	5.354836742160072
-14.5	4.584692711388914
-14.0	3.9152823345795125
-13.5	3.3345152059666696
-13.0	2.831671611234426
-12.5	2.397250339294729
-12.0	2.022833276695814
-11.5	1.700964955940799
-11.0	1.4250454288043162
-10.5	1.1892350136780254
-10.0	0.9883696243547703
-9.5	0.8178855285385376
-9.0	0.6737525095771943
-8.5	0.5524145160538457
-8.0	0.45073698237084736
-7.5	0.36596009057265766
-7.0	0.29565732050164084
-6.5	0.23769870296368836
-6.0	0.19021824981734933
-5.5	0.15158508665257686
-5.0	0.12037785882324409
-4.5	0.09536202089671021
-4.0	0.07546965397913896
-3.5	0.059781485845070224
-3.0	0.04751081644068057
-2.5	0.03798907733038567
-2.0	0.030652779316457983
-1.5	0.025031629073501354
-1.0	0.020737624414505707
-0.5	0.01745496963312572
0.0	0.014930687626868031
0.5	0.012965843756338417
1.0	0.011407336170858245
1.5	0.010140246023686354
2.0	0.00908077498845429
2.5	0.008169822556798207
3.0	0.007367267758814965
3.5	0.006647016510122214
4.0	0.005992856384448235
4.5	0.005395127965337645
5.0	0.004848181796420527
5.5	0.0043485499214340455
6.0	0.0038937288036702466
6.5	0.003481451443940832
7.0	0.0031093226573935553
7.5	0.0027747007940484496
8.0	0.0024747273457773685
8.5	0.00220642812930474
9.0	0.0019668323445222024
9.5	0.0017530765168881533
10.0	0.001562477769093783
10.5	0.0013925739998028753
11.0	0.0012411362132731323
11.5	0.0011061648818694093
12.0	9.858707792884532e-4
12.5	8.786583108835455e-4
13.0	7.831050515327426e-4
13.5	6.979431126493685e-4
14.0	6.220424539875175e-4
14.5	5.543959206786298e-4
15.0	4.941058844021642e-4
15.5	4.403723330101625e-4
16.0	3.9248225492378996e-4
16.5	3.4980017790180173e-4
17.0	3.117597367141983e-4
17.5	2.778561578189523e-4
18.0	2.476395613222465e-4
18.5	2.2070899134733757e-4
19.0	1.967070955928643e-4
19.5	1.7531538348444786e-4
20.0	1.5625000000007994e-4
