-20.0	0.6098033405902081
-19.5	0.5446693916921445
-19.0	0.4866169139997115
-18.5	0.43487558970438106
-18.0	0.38875884701582136
-17.5	0.3476547499874089
-17.0	0.3110178787689862
-16.5	0.27836209255613575
-16.0	0.24925407922191173
-15.5	0.22330760605911365
-15.0	0.20017839537085746
-14.5	0.17955955694344317
-14.0	0.16117751683338988
-13.5	0.1447883884951794
-13.0	0.13017473815736091
-12.5	0.11714270159910202
-12.0	0.10551941415904181
-11.5	0.09515071998278124
-11.0	0.08589913024508547
-10.5	0.07764200341100021
-10.0	0.07026992357816061
-9.5	0.06368525560481729
-9.0	0.05780085811179865
-8.5	0.05253893758292827
-8.0	0.04783002870180592
-7.5	0.04361208778042855
-7.0	0.039829687670971094
-6.5	0.03643330392471509
-6.0	0.03337868317948283
-5.5	0.03062628582792043
-5.0	0.028140795938540925
-4.5	0.025890692171748383
-4.0	0.023847874040423548
-3.5	0.02198733829346106
-3.0	0.02028690044301157
-2.5	0.018726956485051186
-2.0	0.017290279682235697
-1.5	0.015961846881032388
-1.0	0.014728688261982276
-0.5	0.013579753726208565
0.0	0.012505788425088605
0.5	0.011499209403117116
1.0	0.010553975170061918
1.5	0.009665440510452608
2.0	0.00883019025009494
2.5	0.008045848230063424
3.0	0.007310861454866094
3.5	0.0066242641198006515
4.0	0.005985431461212896
4.5	0.005393838263563879
5.0	0.004848840301349247
5.5	0.004349497757815988
6.0	0.0038944569408663485
6.5	0.003481900147906746
7.0	0.003109564191261862
7.5	0.002774817739863152
8.0	0.0024747787883475174
8.5	0.0022064487014097182
9.0	0.001966839786993233
9.5	0.00175307893159295
10.0	0.0015624784636766908
10.5	0.0013925741745105203
11.0	0.0012411362469490965
11.5	0.0011061648880816952
12.0	9.858707802373962e-4
12.5	8.786583110005231e-4
13.0	7.831050515456064e-4
13.5	6.979431126503712e-4
14.0	6.220424539878679e-4
14.5	5.543959206784359e-4
15.0	4.941058844019684e-4
15.5	4.4037233301035873e-4
16.0	3.9248225492386716e-4
16.5	3.49800177901787e-4
17.0	3.1175973671440063e-4
17.5	2.778561578189395e-4
18.0	2.4763956132228837e-4
18.5	2.207089913474924e-4
19.0	1.967070955928231e-4
19.5	1.7531538348480391e-4
20.0	1.5625000000048608e-4
