-20.0	6.599427141719994
-19.5	5.889063880374017
-19.0	5.255940904074825
-18.5	4.691657076027536
-18.0	4.1887247183566245
-17.5	3.7404702565077295
-17.0	3.3409456666462445
-16.5	2.9848495510963904
-16.0	2.667456794646404
-15.5	2.3845558684286448
-15.0	2.1323929496025187
-14.5	1.9076221155388708
-14.0	1.7072609518619148
-13.5	1.5286509855982782
-13.0	1.3694224187803
-12.5	1.2274626949956495
-12.0	1.1008884823409568
-11.5	0.9880207016820173
-11.0	0.8873622696856518
-10.5	0.7975782622598232
-10.0	0.717478236355096
-9.5	0.6460004769289704
-9.0	0.5821979616549854
-8.5	0.5252258590091659
-8.0	0.47433039596607846
-7.5	0.42883894997602445
-7.0	0.3881512363568268
-6.5	0.35173147693111684
-6.0	0.3191014488001105
-5.5	0.2898343237017919
-5.0	0.26354921847907975
-4.5	0.23990638586559437
-4.0	0.21860298204295983
-3.5	0.19936935318026147
-3.0	0.18196578744046957
-2.5	0.1661796815779013
-2.0	0.15182307233539935
-1.5	0.13873048234526475
-1.0	0.12675702843921025
-0.5	0.11577673751438543
0.0	0.10568101218138395
0.5	0.09637718633112727
1.0	0.08778711090427678
1.5	0.07984571417248461
2.0	0.07249949046573126
2.5	0.06570488773265565
3.0	0.05942658802457404
3.5	0.0536357049718576
4.0	0.048307955315930864
4.5	0.04342189232837622
5.0	0.03895731074597235
5.5	0.03489393793514338
6.0	0.0312105095288841
6.5	0.027884288000628546
7.0	0.024891025073663794
7.5	0.02220530498179378
8.0	0.01980115102272441
8.5	0.01765274792972367
9.0	0.015735135891264157
9.5	0.014024766762261096
10.0	0.012499866613508215
10.5	0.011140603180255615
11.0	0.009929092093550279
11.5	0.008849319492202884
12.0	0.007886966300656106
12.5	0.007029266495205411
13.0	0.006264840413036654
13.5	0.0055835449012630045
14.0	0.004976339631900806
14.5	0.0044351673654255686
15.0	0.003952847075214497
15.5	0.003522978664082202
16.0	0.00313985803938982
16.5	0.00279840142321347
17.0	0.0024940778937141
17.5	0.0022228492625507995
18.0	0.001981116490577542
18.5	0.0017656719307792834
19.0	0.0015736567647426092
19.5	0.0014025230678777756
20.0	0.0012500000000025407
