-20.0	0.04882812500000008
-19.5	0.04351811221356144
-19.0	0.038785558336146254
-18.5	0.03456766525313207
-18.0	0.030808464085947077
-17.5	0.027458072519060246
-17.0	0.024472032891956735
-16.5	0.02181072227299642
-16.0	0.019438826687182574
-15.5	0.017324872521170695
-15.0	0.015440808887540895
-14.5	0.013761635406564707
-14.0	0.012265070466355478
-13.5	0.010931255559415683
-13.0	0.009742491772308973
-12.5	0.008683004931830567
-12.0	0.00773873629131389
-11.5	0.006897155979603107
-11.0	0.00614709673727611
-10.5	0.005478605733896183
-10.0	0.00488281249999994
-9.5	0.004351811221356216
-9.0	0.0038785558336147693
-8.5	0.0034567665253132413
-8.0	0.003080846408594795
-7.5	0.002745807251906084
-7.0	0.002447203289195665
-6.5	0.0021810722272995074
-6.0	0.001943882668718162
-5.5	0.0017324872521169894
-5.0	0.0015440808887541091
-4.5	0.0013761635406565522
-4.0	0.0012265070466356248
-3.5	0.0010931255559416017
-3.0	9.742491772308161e-4
-2.5	8.683004931829899e-4
-2.0	7.738736291314494e-4
-1.5	6.897155979604097e-4
-1.0	6.147096737276203e-4
-0.5	5.478605733895523e-4
0.0	4.882812500000057e-4
0.5	4.351811221356891e-4
1.0	3.878555833614115e-4
1.5	3.456766525312858e-4
2.0	3.0808464085953647e-4
2.5	2.74580725190538e-4
3.0	2.44720328919617e-4
3.5	2.181072227299252e-4
4.0	1.9438826687186161e-4
4.5	1.7324872521166338e-4
5.0	1.5440808887546076e-4
5.5	1.3761635406560918e-4
6.0	1.2265070466352404e-4
6.5	1.0931255559419196e-4
7.0	9.742491772313333e-5
7.5	8.683004931834602e-5
8.0	7.738736291317825e-5
8.5	6.897155979605932e-5
9.0	6.147096737273161e-5
9.5	5.4786057338975724e-5
10.0	4.882812499997466e-5
10.5	4.351811221358233e-5
11.0	3.878555821007268e-5
11.5	3.456766498000215e-5
12.0	3.080846398555471e-5
12.5	2.7458072497647754e-5
13.0	2.4472032888849805e-5
13.5	2.1810722272677742e-5
14.0	1.943882668716002e-5
14.5	1.7324872521169124e-5
15.0	1.5440808887540663e-5
15.5	1.3761635406564498e-5
16.0	1.2265070466355297e-5
16.5	1.0931255559415597e-5
17.0	9.742491772308877e-6
17.5	8.683004931830568e-6
18.0	7.73873629131398e-6
18.5	6.89715597960325e-6
19.0	6.147096737276187e-6
19.5	5.478605733896241e-6
20.0	4.8828124999999535e-6
