-20.0	76.10071186736089
-19.5	67.69193679839724
-19.0	60.1859872191927
-18.5	53.48421437418631
-18.0	47.49872736322906
-17.5	42.15123865724518
-17.0	37.37203879187448
-16.5	33.09908670168787
-16.0	29.2772035644646
-15.5	25.857359201081827
-15.0	22.79604098086996
-14.5	20.054695838434547
-14.0	17.59923635930382
-13.5	15.399601957555308
-13.0	13.42936595342061
-12.5	11.665378944977464
-12.0	10.087438395371532
-11.5	8.67797409291576
-11.0	7.421739465912174
-10.5	6.305500122611696
-10.0	5.31771392032746
-9.5	4.44820165255352
-9.0	3.687813958051162
-8.5	3.0281075045198924
-8.0	2.461050301283193
-7.5	1.978779983965895
-7.0	1.5734379617246184
-6.5	1.2370952584095536
-6.0	0.9617733704459063
-5.5	0.7395482489564534
-5.0	0.5627117321203465
-4.5	0.4239564388740611
-4.0	0.316549582700672
-3.5	0.23446803290802598
-3.0	0.17247856545914003
-2.5	0.12615987478011145
-2.0	0.09187328254044229
-1.5	0.066695352863282
-1.0	0.04832761430266412
-0.5	0.03499727429608887
0.0	0.025359633169301656
0.5	0.018409185342757334
1.0	0.013403038065910648
1.5	0.009797721896707948
2.0	0.007198794584310147
2.5	0.005321726732474947
3.0	0.003962200058580566
3.5	0.00297394544860613
4.0	0.0022524366618728877
4.5	0.0017230241858092962
5.0	0.0013323736766290713
5.5	0.0010423283213640922
6.0	8.255292536536886e-4
6.5	6.62300221407341e-4
7.0	5.384357469569185e-4
7.5	4.4363228296572817e-4
8.0	3.7037599500766143e-4
8.5	3.1315478191479566e-4
9.0	2.679008935336967e-4
9.5	2.3159782648755277e-4
10.0	2.0200396302428558e-4
10.5	1.7745800046113975e-4
11.0	1.5673974376704123e-4
11.5	1.389663645115919e-4
12.0	1.235103315133526e-4
12.5	1.099313291845864e-4
13.0	9.791968570041937e-5
13.5	8.725169962853411e-5
14.0	7.775742778339426e-5
14.5	6.92999223794414e-5
15.0	6.176330863835046e-5
15.5	5.5046551645379544e-5
16.0	4.9060282950853646e-5
16.5	4.372502232796271e-5
17.0	3.896996709482209e-5
17.5	3.473201972757055e-5
18.0	3.095494516526392e-5
18.5	2.758862391841348e-5
19.0	2.458838694910474e-5
19.5	2.191442293558522e-5
20.0	1.953125000000028e-5
