-20.0	0.0011748027532611355
-19.5	0.0011594269401528372
-19.0	0.0011434002520492679
-18.5	0.0011267107250962532
-18.0	0.0011093480755823442
-17.5	0.001091303956109514
-17.0	0.0010725722267122932
-16.5	0.0010531492394651035
-16.0	0.0010330341345776164
-15.5	0.0010122291453685869
-15.0	9.907399088307073e-4
-14.5	9.685757777571619e-4
-14.0	9.457501296033612e-4
-13.5	9.222806664175767e-4
-13.0	8.98189699310498e-4
-12.5	8.73504410070904e-4
-12.0	8.482570817048962e-4
-11.5	8.224852889184236e-4
-11.0	7.962320389252725e-4
-10.5	7.695458525000107e-4
-10.0	7.424807749697193e-4
-9.5	7.150963069176183e-4
-9.0	6.87457244826484e-4
-8.5	6.596334227903806e-4
-8.0	6.316993478354479e-4
-7.5	6.03733723368365e-4
-7.0	5.758188578516967e-4
-6.5	5.480399589986827e-4
-6.0	5.204843175623844e-4
-5.5	4.932403890977193e-4
-5.0	4.663967867814407e-4
-4.5	4.400412033089049e-4
-4.0	4.1425928481293365e-4
-3.5	3.89133484377136e-4
-3.0	3.647419267030865e-4
-2.5	3.4115731846440006e-4
-2.0	3.184459404588088e-4
-1.5	2.9666675749402807e-4
-1.0	2.7587067972150174e-4
-0.5	2.5610000468294977e-4
0.0	2.3738806263826504e-4
0.5	2.1975907898901426e-4
1.0	2.0322825723477839e-4
1.5	1.8780207459684903e-4
2.0	1.73478771153624e-4
2.5	1.6024900315838458e-4
3.0	1.4809662327442208e-4
3.5	1.369995456731555e-4
4.0	1.2693065269187947e-4
4.5	1.1785870159418357e-4
5.0	1.0974919337407688e-4
5.5	1.0256516776853701e-4
6.0	9.626788597297759e-5
6.5	9.081735075697823e-5
7.0	8.617258872237809e-5
7.5	8.229157841746836e-5
8.0	7.913065049507494e-5
8.5	7.664311689702897e-5
9.0	7.477682115697569e-5
9.5	7.347027982531022e-5
10.0	7.2647183790519e-5
10.5	7.220938114983016e-5
11.0	7.202924743926299e-5
11.5	7.194369260216769e-5
12.0	7.175379075038939e-5
12.5	7.123530023838007e-5
13.0	7.016442221550643e-5
13.5	6.835810586773035e-5
14.0	6.571921812996152e-5
14.5	6.226867008481958e-5
15.0	5.814700377326795e-5
15.5	5.3580692957070216e-5
16.0	4.882644007635427e-5
16.5	4.411674101394909e-5
17.0	3.962533921541801e-5
17.5	3.545777268847816e-5
18.0	3.166067989662838e-5
18.5	2.8239412043345683e-5
19.0	2.517549519454386e-5
19.5	2.243968286662297e-5
20.0	1.9999867954268268e-5
