-20.0	12.500000000000021
-19.5	11.140636726671728
-19.0	9.929102934053441
-18.5	8.84932230480181
-18.0	7.886966806002452
-17.5	7.029266564879423
-17.0	6.264840420340924
-16.5	5.583544901887083
-16.0	4.976339631918739
-15.5	4.435167365419698
-15.0	3.952847075210469
-14.5	3.522978664080565
-14.0	3.1398580393870024
-13.5	2.798401423210415
-13.0	2.494077893711097
-12.5	2.222849262548625
-12.0	1.9811164905763559
-11.5	1.7656719307783955
-11.0	1.5736567647426842
-10.5	1.4025230678774228
-10.0	1.2499999999999847
-9.5	1.1140636726671913
-9.0	0.992910293405381
-8.5	0.8849322304801898
-8.0	0.7886966806002675
-7.5	0.7029266564879575
-7.0	0.6264840420340902
-6.5	0.5583544901886739
-6.0	0.4976339631918495
-5.5	0.4435167365419493
-5.0	0.39528470752105194
-4.5	0.35229786640807736
-4.0	0.31398580393871994
-3.5	0.27984014232105003
-3.0	0.24940778937108893
-2.5	0.22228492625484542
-2.0	0.19811164905765105
-1.5	0.1765671930778649
-1.0	0.1573656764742708
-0.5	0.14025230678772538
0.0	0.12500000000000147
0.5	0.1114063672667364
1.0	0.09929102934052135
1.5	0.08849322304800916
2.0	0.07886966806004134
2.5	0.07029266564877773
3.0	0.06264840420342195
3.5	0.05583544901886085
4.0	0.04976339631919657
4.5	0.044351673654185825
5.0	0.039528470752117954
5.5	0.03522978664079595
6.0	0.031398580393862154
6.5	0.027984014232113143
7.0	0.024940778937122134
7.5	0.02222849262549658
8.0	0.019811164905773632
8.5	0.017656719307791186
9.0	0.01573656764741929
9.5	0.014025230678777785
10.0	0.012499999999993513
10.5	0.011140636726677077
11.0	0.009929102901778605
11.5	0.00884932223488055
12.0	0.007886966780302006
12.5	0.007029266559397825
13.0	0.00626484041954555
13.5	0.005583544901805502
14.0	0.004976339631912965
14.5	0.004435167365419296
15.0	0.00395284707521041
15.5	0.0035229786640805115
16.0	0.003139858039386956
16.5	0.002798401423210393
17.0	0.0024940778937110725
17.5	0.0022228492625486255
18.0	0.0019811164905763788
18.5	0.001765671930778432
19.0	0.001573656764742704
19.5	0.0014025230678774377
20.0	0.001249999999999988
