-20.0	47.80843484835528
-19.5	41.9525216170664
-19.0	36.77837572901051
-18.5	32.209258894883604
-18.0	28.176918824537523
-17.5	24.620658299455204
-17.0	21.486505930501423
-16.5	18.72647751857276
-16.0	16.297918142533316
-15.5	14.162916174252118
-15.0	12.287781379065708
-14.5	10.642580114127313
-14.0	9.200721398387836
-13.5	7.938588306377175
-13.0	6.835209742602099
-12.5	5.871968192215236
-12.0	5.0323395238568995
-11.5	4.301661348565862
-11.0	3.666926820082798
-10.5	3.116601101798728
-10.0	2.6404580285386974
-9.5	2.229434761317099
-9.0	1.87550247373398
-8.5	1.5715513229855034
-8.0	1.3112881493354431
-7.5	1.0891455178641403
-7.0	0.9002008675853408
-6.5	0.740104667575358
-6.0	0.6050165993221058
-5.5	0.4915488906268638
-5.0	0.3967160204203947
-4.5	0.31789009700425075
-4.0	0.2527612855609564
-3.5	0.1993027252543482
-3.0	0.1557394327511825
-2.5	0.12052073835789004
-2.0	0.09229584400252633
-1.5	0.06989212981871498
-1.0	0.052295868993961256
-0.5	0.0386350397835807
0.0	0.028163950236422517
0.5	0.020249416403787333
1.0	0.014358259862332357
1.5	0.010045916538708377
2.0	0.006945977216300632
2.5	0.004760511555435529
3.0	0.003251062233752087
3.5	0.002230233358348259
4.0	0.0015538360070424012
4.5	0.0011135908728261731
5.0	8.304197692769583e-4
5.5	6.483799269714077e-4
6.0	5.293036417987198e-4
6.5	4.481984145161423e-4
7.0	3.8943932575951615e-4
7.5	3.437493862960172e-4
8.0	3.0592153123051635e-4
8.5	2.731962895460069e-4
9.0	2.4418021994561596e-4
9.5	2.1817752311158138e-4
10.0	1.9481192059292646e-4
10.5	1.7383440929146947e-4
11.0	1.550382527639869e-4
11.5	1.382291677656069e-4
12.0	1.2321884066647328e-4
12.5	1.0982740975041513e-4
13.0	9.78867240950137e-5
13.5	8.724253393784799e-5
14.0	7.775522958138761e-5
14.5	6.929947590462486e-5
15.0	6.176323339065859e-5
15.5	5.5046541359843084e-5
16.0	4.906028183953055e-5
16.5	4.372502223578359e-5
17.0	3.896996708919544e-5
17.5	3.4732019727365675e-5
18.0	3.09549451652869e-5
18.5	2.758862391843728e-5
19.0	2.4588386949102862e-5
19.5	2.191442293560122e-5
20.0	1.9531250000062264e-5
