-20.0	8.539242488318042
-19.5	7.6123020902893535
-19.0	6.786118879313904
-18.5	6.049732769681722
-18.0	5.393375404432952
-17.5	4.808340547094187
-17.0	4.286868568198439
-16.5	3.822043493948357
-16.0	3.4077012510976177
-15.5	3.038347890763676
-15.0	2.709086706300666
-14.5	2.415553278478139
-14.0	2.153857586443123
-13.5	1.920532416792538
-13.0	1.7124873867374144
-12.5	1.5269679719557758
-12.0	1.361518996254608
-11.5	1.2139520994990816
-11.0	1.0823167532007536
-10.5	0.9648744403690256
-10.0	0.8600756583385988
-9.5	0.7665394408269062
-9.0	0.6830351289101317
-8.5	0.6084661503187874
-8.0	0.541855592779191
-7.5	0.48233338030599343
-7.0	0.4291248815751458
-6.5	0.3815407968928001
-6.0	0.3389681848990869
-5.5	0.30086250204061615
-5.0	0.2667405370737295
-4.5	0.2361741295497883
-4.0	0.20878456569604914
-3.5	0.18423754793918554
-3.0	0.16223863653932347
-2.5	0.14252906493349918
-2.0	0.12488183644137145
-1.5	0.10909802127392121
-1.0	0.09500319143835459
-0.5	0.08244395835436438
0.0	0.0712846131213275
0.5	0.061403909034085914
1.0	0.05269206380162437
1.5	0.045048086442318155
2.0	0.038377542310135286
2.5	0.03259085322661188
3.0	0.027602187983183053
3.5	0.023328938353726267
4.0	0.019691710054057635
4.5	0.01661470207945203
5.0	0.014026314446545464
5.5	0.011859820009736897
6.0	0.010053959139673222
6.5	0.00855335839321927
7.0	0.007308724371185673
7.5	0.006276810741682143
8.0	0.005420192003192195
8.5	0.004706898024268109
9.0	0.004109968198109031
9.5	0.0036069751374130043
10.0	0.0031795491891052057
10.5	0.002812912884910977
11.0	0.002495416973378358
11.5	0.0022180648685608557
12.0	0.0019740229268896585
12.5	0.0017581342359465916
13.0	0.0015664706497028635
13.5	0.0013959589807057777
14.0	0.0012441024234426357
14.5	0.0011087954112646303
15.0	9.882123723693086e-4
15.5	8.807447487586746e-4
16.0	7.849645188103102e-4
16.5	6.996003565483041e-4
17.0	6.235194734739025e-4
17.5	5.557123156392067e-4
18.0	4.952791226441607e-4
18.5	4.4141798269461193e-4
19.0	3.93414191185676e-4
19.5	3.5063076696936155e-4
20.0	3.1250000000000093e-4
