-20.0	0.39062500000000067
-19.5	0.3481448977084915
-19.0	0.31028446668917004
-18.5	0.27654132202505655
-18.0	0.2464677126875766
-17.5	0.21966458015248197
-17.0	0.19577626313565388
-16.5	0.17448577818397135
-16.0	0.1555106134974606
-15.5	0.13859898016936556
-15.0	0.12352647110032716
-14.5	0.11009308325251765
-14.0	0.09812056373084382
-13.5	0.08745004447532546
-13.0	0.07793993417847178
-12.5	0.06946403945464454
-12.0	0.06190989033051112
-11.5	0.05517724783682486
-11.0	0.04917677389820888
-10.5	0.04382884587116946
-10.0	0.03906249999999952
-9.5	0.03481448977084973
-9.0	0.031028446668918155
-8.5	0.02765413220250593
-8.0	0.02464677126875836
-7.5	0.02196645801524867
-7.0	0.01957762631356532
-6.5	0.01744857781839606
-6.0	0.015551061349745297
-5.5	0.013859898016935915
-5.0	0.012352647110032873
-4.5	0.011009308325252418
-4.0	0.009812056373084998
-3.5	0.008745004447532814
-3.0	0.007793993417846529
-2.5	0.006946403945463919
-2.0	0.006190989033051595
-1.5	0.005517724783683278
-1.0	0.0049176773898209625
-0.5	0.004382884587116418
0.0	0.003906250000000046
0.5	0.0034814489770855126
1.0	0.003102844666891292
1.5	0.0027654132202502863
2.0	0.0024646771268762918
2.5	0.002196645801524304
3.0	0.001957762631356936
3.5	0.0017448577818394016
4.0	0.001555106134974893
4.5	0.001385989801693307
5.0	0.001235264711003686
5.5	0.0011009308325248734
6.0	9.812056373081923e-4
6.5	8.745004447535357e-4
7.0	7.793993417850667e-4
7.5	6.946403945467681e-4
8.0	6.19098903305426e-4
8.5	5.517724783684746e-4
9.0	4.917677389818529e-4
9.5	4.382884587118058e-4
10.0	3.906249999997973e-4
10.5	3.4814489770865865e-4
11.0	3.102844656805814e-4
11.5	2.765413198400172e-4
12.0	2.464677118844377e-4
12.5	2.1966457998118203e-4
13.0	1.9577626311079844e-4
13.5	1.7448577818142194e-4
14.0	1.5551061349728017e-4
14.5	1.38598980169353e-4
15.0	1.235264711003253e-4
15.5	1.1009308325251598e-4
16.0	9.812056373084238e-5
16.5	8.745004447532477e-5
17.0	7.793993417847102e-5
17.5	6.946403945464455e-5
18.0	6.190989033051184e-5
18.5	5.5177247836826e-5
19.0	4.91767738982095e-5
19.5	4.382884587116993e-5
20.0	3.906249999999963e-5
