-20.0	2.1359296612361383
-19.5	1.904262943807821
-19.0	1.6977893009097709
-18.5	1.513768953175604
-18.0	1.349760062934673
-17.5	1.2035863325379734
-17.0	1.0733081262462565
-16.5	0.9571967324872304
-16.0	0.8537114249594887
-15.5	0.7614790182012721
-15.0	0.6792756463422049
-14.5	0.6060105232578479
-14.0	0.5407114686397098
-13.5	0.4825120079276641
-13.0	0.43063987493704625
-12.5	0.38440676462847956
-12.0	0.34319920005937776
-11.5	0.3064703923429808
-11.0	0.2737329856235996
-10.5	0.24455259082198072
-10.0	0.2185420223794244
-9.5	0.19535616156345487
-9.0	0.17468737822052854
-8.5	0.15626145028194147
-8.0	0.139833926943868
-7.5	0.12518688734567487
-7.0	0.11212605183275759
-6.5	0.10047820758696425
-6.0	0.09008891459760772
-5.5	0.08082046168991193
-5.0	0.07255004566386516
-4.5	0.06516814958065126
-4.0	0.058577098896017324
-3.5	0.05268977650874948
-3.0	0.04742847991152187
-2.5	0.04272390549976659
-2.0	0.03851424675489743
-1.5	0.0347443944608042
-1.0	0.031365228368332915
-0.5	0.02833299077473752
0.0	0.025608733357987322
0.5	0.02315782928690384
1.0	0.020949543124185385
1.5	0.018956651360611587
2.0	0.017155106599535057
2.5	0.015523738469908219
3.0	0.01404398434843794
3.5	0.012699643036253892
4.0	0.01147664474266969
4.5	0.010362831226174443
5.0	0.009347740923456922
5.5	0.008422395359279015
6.0	0.0075790852657669425
6.5	0.006811157411332695
7.0	0.006112805997275254
7.5	0.005478875159682588
8.0	0.004904681007033618
8.5	0.004385862177484726
9.0	0.003918266615165138
9.5	0.0034978790547310137
10.0	0.0031207889757070145
10.5	0.0027831935223523244
11.0	0.0024814244221303475
11.5	0.002211992259503401
12.0	0.0019716195119754906
12.5	0.0017572769607012428
13.0	0.0015661986649092643
13.5	0.001395883339021381
14.0	0.0012440842808356528
14.5	0.0011087917261136254
15.0	9.8821175125232e-4
15.5	8.807446638549044e-4
16.0	7.849645096362073e-4
16.5	6.996003557873595e-4
17.0	6.235194734273489e-4
17.5	5.557123156374744e-4
18.0	4.952791226441669e-4
18.5	4.414179826946335e-4
19.0	3.9341419118565923e-4
19.5	3.5063076696925655e-4
20.0	3.125000000002501e-4
