-20.0	0.13795869519222745
-19.5	0.12299879506864939
-19.0	0.10966571935044599
-18.5	0.09778254630164998
-18.0	0.08719159353390689
-17.5	0.07775232566208296
-17.0	0.06933948949154897
-16.5	0.06184145199246043
-16.0	0.05515871900738915
-15.5	0.04920261503696498
-15.0	0.04389410658571243
-14.5	0.03916275345540274
-14.0	0.03494577407114023
-13.5	0.03118721243889854
-13.0	0.027837195681938393
-12.5	0.024851272305951907
-12.0	0.022189822414299308
-11.5	0.01981753204995627
-11.0	0.017702924692394525
-10.5	0.015817943696545142
-10.0	0.014137580137934194
-9.5	0.012639541131465811
-9.0	0.011303954229468961
-8.5	0.010113103984608358
-8.0	0.009051197191293629
-7.5	0.008104153701256224
-7.0	0.007259420049650055
-6.5	0.006505803432013042
-6.0	0.005833323843451745
-5.5	0.005233082433163221
-5.0	0.004697144342115041
-4.5	0.004218434482668497
-4.0	0.003790644887660473
-3.5	0.003408152404371214
-3.0	0.003065945638190766
-2.5	0.0027595601611760654
-2.0	0.002485021094436878
-1.5	0.0022387922497319637
-1.0	0.0020177310771754596
-0.5	0.001819048712689171
0.0	0.0016402744545206704
0.5	0.0014792240255262204
1.0	0.001333971002436225
1.5	0.0012028208219572378
2.0	0.0010842868156110993
2.5	9.770677885101585e-4
3.0	8.800267500964107e-4
3.5	7.92170533638756e-4
4.0	7.126302017249797e-4
4.5	6.40642316364997e-4
5.0	5.755313354394338e-4
5.5	5.166935426041495e-4
6.0	4.635829977810632e-4
6.5	4.156999678288091e-4
7.0	3.7258215265982943e-4
7.5	3.337987716385501e-4
8.0	2.989472625881031e-4
8.5	2.6765204757878136e-4
9.0	2.395646138876415e-4
9.5	2.1436410598065078e-4
10.0	1.9175773847725447e-4
10.5	1.7148058092522622e-4
11.0	1.5329449102232436e-4
11.5	1.3698664179024374e-4
12.0	1.223668444387837e-4
12.5	1.0926542872752819e-4
13.0	9.75306647282661e-5
13.5	8.702640532666419e-5
14.0	7.763000522023698e-5
14.5	6.923054591531554e-5
15.0	6.172738936410446e-5
15.5	5.502904816909659e-5
16.0	4.905232894965436e-5
16.5	4.372168238589522e-5
17.0	3.89686836977203e-5
17.5	3.473157325563966e-5
18.0	3.0954806225017006e-5
18.5	2.758858575832926e-5
19.0	2.458837783836723e-5
19.5	2.1914421076707404e-5
20.0	1.9531249682055562e-5
