-20.0	8.543718644944553
-19.5	7.617051775231284
-19.0	6.7911572036390835
-18.5	6.055075812702416
-18.0	5.399040251738692
-17.5	4.814345330151894
-17.0	4.293232504985026
-16.5	3.8287869299489214
-16.0	3.414845699837955
-15.5	3.0459160728050882
-15.0	2.7171025853688198
-14.5	2.4240420930313915
-14.0	2.162845874558839
-13.5	1.9300480317106563
-13.0	1.722559499748185
-12.5	1.5376270585139182
-12.0	1.372796800237511
-11.5	1.2258815693719232
-11.0	1.0949319424943984
-10.5	0.9782103632879229
-10.0	0.8741680895176976
-9.5	0.7814246462538195
-9.0	0.6987495128821142
-8.5	0.6250458011277659
-8.0	0.559335707775472
-7.5	0.5007475493826995
-7.0	0.44850420733103036
-6.5	0.401912830347857
-6.0	0.3603556583904309
-5.5	0.3232818467596477
-5.0	0.29020018265546066
-4.5	0.26067259832260503
-4.0	0.2343083955840693
-3.5	0.21075910603499792
-3.0	0.18971391964608747
-2.5	0.17089562199906635
-2.0	0.15405698701958973
-1.5	0.1389775778432168
-1.0	0.12546091347333166
-0.5	0.11333196309895008
0.0	0.10243493343194929
0.5	0.09263131714761536
1.0	0.08379817249674154
1.5	0.07582660544244635
2.0	0.06862042639814023
2.5	0.062094953879632875
3.0	0.05617593739375176
3.5	0.05079857214501557
4.0	0.04590657897067876
4.5	0.04145132490469777
5.0	0.03739096369382769
5.5	0.03368958143711606
6.0	0.03031634106306777
6.5	0.02724462964533078
7.0	0.024451223989101017
7.5	0.02191550063873035
8.0	0.01961872402813447
8.5	0.017543448709938902
9.0	0.01567306646066055
9.5	0.013991516218924055
10.0	0.012483155902828058
10.5	0.011132774089409297
11.0	0.00992569768852139
11.5	0.008847969038013603
12.0	0.007886478047901962
12.5	0.007029107842804971
13.0	0.006264794659637057
13.5	0.005583533356085524
14.0	0.004976337123342611
14.5	0.004435166904454502
15.0	0.00395284700500928
15.5	0.0035229786554196174
16.0	0.0031398580385448294
16.5	0.002798401423149438
17.0	0.0024940778937093955
17.5	0.0022228492625498975
18.0	0.0019811164905766676
18.5	0.001765671930778534
19.0	0.001573656764742637
19.5	0.0014025230678770262
20.0	0.0012500000000010003
