-20.0	0.759546732691186
-19.5	0.6775484378356074
-19.0	0.6044666708387221
-18.5	0.5393316821479329
-18.0	0.48127917141195975
-17.5	0.4295388188117001
-17.0	0.3834240634747003
-16.5	0.34232299334252586
-16.0	0.30569022561106246
-15.5	0.27303967000940926
-15.0	0.24393807889899038
-14.5	0.21799929861808587
-14.0	0.19487914580343868
-13.5	0.17427084071861287
-13.0	0.15590093701174465
-12.5	0.13952569391943104
-12.0	0.12492784280866838
-11.5	0.1119137051889163
-11.0	0.10031062399889665
-10.5	0.08996467413811665
-10.0	0.08073862193106346
-9.5	0.07251010652793435
-9.0	0.06517001920579038
-8.5	0.05862105917699141
-8.0	0.05277644687183812
-7.5	0.047558777771857526
-7.0	0.04289900175445101
-6.5	0.038735514593013026
-6.0	0.035013349759091525
-5.5	0.03168346001346153
-5.0	0.028702079459455007
-4.5	0.0260301577815857
-4.0	0.02363285930799974
-3.5	0.021479120318649014
-3.0	0.01954125868114837
-2.5	0.017794630420057155
-2.0	0.016217328222900316
-1.5	0.014789917145198526
-1.0	0.013495202911060176
-0.5	0.01231802821630147
0.0	0.011245092363210495
0.5	0.010264789426119867
1.0	0.00936706003347288
1.5	0.008543251846596123
2.0	0.007785984037937879
2.5	0.007089011634586673
3.0	0.006447086607231377
3.5	0.00585581412550695
4.0	0.005311504419136582
4.5	0.004811023024082305
5.0	0.004351644563124117
5.5	0.0039309170988405685
6.0	0.003546545057117007
6.5	0.0031962982153882864
7.0	0.0028779521118630557
7.5	0.0025892616192537818
8.0	0.0023279649662995144
8.5	0.002091811231048013
9.0	0.001878601377554372
9.5	0.001686232107422224
10.0	0.001512733338777589
10.5	0.0013562934398919507
11.0	0.0012152698097701465
11.5	0.001088189158099967
12.0	9.737327125703037e-4
12.5	8.707222659452077e-4
13.0	7.781005172576025e-4
13.5	6.949123400605949e-4
14.0	6.202882325933041e-4
14.5	5.534307023063872e-4
15.0	4.936040377965054e-4
15.5	4.401274246098605e-4
16.0	3.9237091410272446e-4
16.5	3.497534199765357e-4
17.0	3.1174176923274254e-4
17.5	2.7784990721504803e-4
18.0	2.4763761615883943e-4
18.5	2.2070845710626258e-4
19.0	1.9670696804251382e-4
19.5	1.7531535746057297e-4
20.0	1.5624999554897292e-4
