-20.0	4.414678246151278
-19.5	3.9359614421967803
-19.0	3.5093030192142716
-18.5	3.1290414816527994
-18.0	2.7901309930850204
-17.5	2.4880744211866546
-17.0	2.218863663729567
-16.5	1.9789264637587338
-16.0	1.7650790082364527
-15.5	1.5744836811828793
-15.0	1.4046114107427978
-14.5	1.2532081105728876
-14.0	1.1182647702764874
-13.5	0.9979907980447533
-13.0	0.8907902618220286
-12.5	0.795240713790461
-12.0	0.7100743172575779
-11.5	0.6341610255986007
-11.0	0.5664935901566248
-10.5	0.5061741982894445
-10.0	0.4524025644138942
-9.5	0.40446531620690596
-9.0	0.36172653534300675
-8.5	0.32361932750746747
-8.0	0.2896383101213961
-7.5	0.2593329184401992
-7.0	0.23230144158880175
-6.5	0.20818570982441734
-6.0	0.18666636299045583
-5.5	0.16745863786122306
-5.0	0.1503086189476813
-4.5	0.1349899034453919
-4.0	0.12130063640513514
-3.5	0.10906087693987884
-3.0	0.09811026042210451
-2.5	0.0883059251576341
-2.0	0.0795206750219801
-1.5	0.07164135199142284
-1.0	0.06456739446961471
-0.5	0.05820955880605347
0.0	0.05248878254466145
0.5	0.04733516881683905
1.0	0.0426870720779592
1.5	0.03849026630263161
2.0	0.03469717809955518
2.5	0.03126616923232507
3.0	0.02816085600308514
3.5	0.025349457076440193
4.0	0.02280416645519935
4.5	0.020500554123679904
5.0	0.018417002734061882
5.5	0.016534193363332783
6.0	0.014834655928994023
6.5	0.013302398970521892
7.0	0.011922628885114542
7.5	0.010681560692433603
8.0	0.0095663124028193
8.5	0.008564865522521004
9.0	0.007666067644404528
9.5	0.006859651391380825
10.0	0.006136247631272143
10.5	0.005487378589607239
11.0	0.00490542371271438
11.5	0.0043835725372878
12.0	0.003915739022041079
12.5	0.003496493719280902
13.0	0.0031209812713045154
13.5	0.002784844970453254
14.0	0.0024841601670475832
14.5	0.0022153774692900974
15.0	0.001975276459651343
15.5	0.001760929541411091
16.0	0.0015696745263889395
16.5	0.0013990938363486471
17.0	0.0012469978783270497
17.5	0.001111410344180469
18.0	9.905537992005442e-4
18.5	8.828347442665363e-4
19.0	7.868280908277514e-4
19.5	7.012614744546369e-4
20.0	6.24999989825778e-4
