-20.0	0.019056354393444004
-19.5	0.017020918490379514
-19.0	0.015206778562490985
-18.5	0.013589862178261908
-18.0	0.012148713969244418
-17.5	0.010864210937106529
-17.0	0.009719308711530818
-16.5	0.008698815392379242
-16.0	0.0077891899756847415
-15.5	0.006978362689347302
-15.0	0.006255574855339296
-14.5	0.005611236154482599
-14.0	0.005036797401043434
-13.5	0.004524637140474356
-13.0	0.004067960567417529
-12.5	0.003660709424971938
-12.0	0.0032974816924700567
-11.5	0.0029734599994619137
-11.0	0.002684347820158921
-10.5	0.0024263126065937565
-10.0	0.002195935111817519
-9.5	0.0019901642376505403
-9.0	0.0018062768159937078
-8.5	0.0016418417994665084
-8.0	0.001494688396931435
-7.5	0.0013628777431383922
-7.0	0.0012446777397178467
-6.5	0.0011385407476473465
-6.0	0.0010430838493588385
-5.5	9.570714321225134e-4
-5.0	8.793998730794039e-4
-4.5	8.09084130367137e-4
-4.0	7.452460637632359e-4
-3.5	6.871043216706581e-4
-3.0	6.339656388441115e-4
-2.5	5.852173901578496e-4
-2.0	5.403212400698655e-4
-1.5	4.988077150322621e-4
-1.0	4.6027150818694614e-4
-0.5	4.2436730394401767e-4
0.0	3.908058882840189e-4
0.5	3.5935029384740987e-4
1.0	3.2981172406443493e-4
1.5	3.02045015951644e-4
2.0	2.7594344531546686e-4
2.5	2.51432757189482e-4
3.0	2.2846442046456543e-4
3.5	2.0700825374377036e-4
4.0	1.87044733162903e-4
4.5	1.685574457363712e-4
5.0	1.5152625941716396e-4
5.5	1.3592180493174962e-4
6.0	1.2170177940207339e-4
6.5	1.0880937962208581e-4
7.0	9.717388097693318e-5
7.5	8.67130543707235e-5
8.0	7.733683713585992e-5
8.5	6.89515219190537e-5
9.0	6.146374334353853e-5
9.5	5.478371661227969e-5
10.0	4.8827451989896586e-5
10.5	4.351794295345376e-5
11.0	3.8785507717159265e-5
11.5	3.4567652752552974e-5
12.0	3.080846188241863e-5
12.5	2.7458072218766348e-5
13.0	2.44720328608002e-5
13.5	2.18107222703241e-5
14.0	1.943882668712087e-5
14.5	1.7324872521201122e-5
15.0	1.5440808887561514e-5
15.5	1.376163540657371e-5
16.0	1.2265070466370849e-5
16.5	1.0931255559430843e-5
17.0	9.74249177232502e-6
17.5	8.68300493184186e-6
18.0	7.738736291321511e-6
18.5	6.897155979609137e-6
19.0	6.147096737275722e-6
19.5	5.478605733900122e-6
20.0	4.88281250001519e-6
