-20.0	0.02441406249999991
-19.5	0.021759056106781277
-19.0	0.0193927791680735
-18.5	0.017283832626565965
-18.0	0.015404232042973382
-17.5	0.013729036259529906
-17.0	0.012236016445978633
-16.5	0.01090536113649826
-16.0	0.009719413343591325
-15.5	0.00866243626058523
-15.0	0.007720404443770517
-14.5	0.006880817703282474
-14.0	0.006132535233177705
-13.5	0.005465627779707896
-13.0	0.004871245886154586
-12.5	0.004341502465915313
-12.0	0.0038693681456569433
-11.5	0.003448577989801637
-11.0	0.003073548368637997
-10.5	0.0027393028669481486
-10.0	0.0024414062499999614
-9.5	0.0021759056106781284
-9.0	0.0019392779168073623
-8.5	0.0017283832626566265
-8.0	0.001540423204297382
-7.5	0.0013729036259530272
-7.0	0.0012236016445978121
-6.5	0.001090536113649764
-6.0	9.71941334359068e-4
-5.5	8.662436260585008e-4
-5.0	7.720404443770473e-4
-4.5	6.880817703282788e-4
-4.0	6.13253523317802e-4
-3.5	5.465627779707786e-4
-3.0	4.871245886154164e-4
-2.5	4.3415024659149994e-4
-2.0	3.869368145657185e-4
-1.5	3.44857798980211e-4
-1.0	3.073548368638091e-4
-0.5	2.739302866947806e-4
0.0	2.4414062500000314e-4
0.5	2.175905610678407e-4
1.0	1.9392779168070639e-4
1.5	1.7283832626564439e-4
2.0	1.540423204297624e-4
2.5	1.3729036259526944e-4
3.0	1.2236016445980885e-4
3.5	1.0905361136496291e-4
4.0	9.719413343592983e-5
4.5	8.662436260583177e-5
5.0	7.72040444377308e-5
5.5	6.880817703280588e-5
6.0	6.132535233176203e-5
6.5	5.4656277797097e-5
7.0	4.87124588615666e-5
7.5	4.3415024659172054e-5
8.0	3.8693681456589376e-5
8.5	3.448577989803011e-5
9.0	3.073548368636563e-5
9.5	2.739302866948743e-5
10.0	2.441406249998723e-5
10.5	2.1759056106790932e-5
11.0	1.9392779105072138e-5
11.5	1.7283832489967282e-5
12.0	1.540423199276815e-5
12.5	1.3729036248822273e-5
13.0	1.223601644442565e-5
13.5	1.090536113633863e-5
14.0	9.719413343581618e-6
14.5	8.662436260584342e-6
15.0	7.720404443770194e-6
15.5	6.880817703282123e-6
16.0	6.13253523317752e-6
16.5	5.465627779707744e-6
17.0	4.871245886154356e-6
17.5	4.341502465915269e-6
18.0	3.869368145656953e-6
18.5	3.4485779898016104e-6
19.0	3.0735483686380767e-6
19.5	2.739302866948094e-6
20.0	2.4414062499999594e-6
