-20.0	4.756294491710055
-19.5	4.230746049899827
-19.0	3.7616242011995435
-18.5	3.3427633983866443
-18.0	2.968670460201816
-17.5	2.6344524160778238
-17.0	2.335752424492155
-16.5	2.0686929188554917
-16.0	1.8298252227790375
-15.5	1.6160849500676142
-15.0	1.4247525613043726
-14.5	1.2534184899021592
-14.0	1.0999522724564887
-13.5	0.9624751223472068
-13.0	0.8393353720887882
-12.5	0.7290861840610915
-12.0	0.6304648997107207
-11.5	0.542373380807235
-11.0	0.4638587166195109
-10.5	0.394093757663231
-10.0	0.33235712002046625
-9.5	0.278012603284595
-9.0	0.23048837237819764
-8.5	0.18925671903249328
-8.0	0.15381564383019955
-7.5	0.12367374899786844
-7.0	0.09833987260778865
-6.5	0.0773184536505971
-6.0	0.06011083565286914
-5.5	0.04622176555977834
-5.0	0.03516948325752166
-4.5	0.02649727742962882
-4.0	0.019784348918792
-3.5	0.014654252056751624
-3.0	0.010779910341196252
-2.5	0.007884992173756966
-2.0	0.005742080158777643
-1.5	0.004168459553955125
-1.0	0.0030204758939165076
-0.5	0.0021873296435055544
0.0	0.0015849770730813535
0.5	0.0011505740839223334
1.0	8.376898791194155e-4
1.5	6.123576185442468e-4
2.0	4.499246615193842e-4
2.5	3.3260792077968417e-4
3.0	2.4763750366128535e-4
3.5	1.8587159053788313e-4
4.0	1.4077729136705548e-4
4.5	1.0768901161308101e-4
5.0	8.327335478931696e-5
5.5	6.514552008525576e-5
6.0	5.159557835335554e-5
6.5	4.1393763837958814e-5
7.0	3.3652234184807406e-5
7.5	2.772701768535801e-5
8.0	2.314849968797884e-5
8.5	1.957217386967473e-5
9.0	1.6743805845856043e-5
9.5	1.4474864155472048e-5
10.0	1.2625247689017849e-5
10.5	1.1091125028821234e-5
11.0	9.796233985440077e-6
11.5	8.685397781974493e-6
12.0	7.719395719584537e-6
12.5	6.87070807403665e-6
13.0	6.119980356276211e-6
13.5	5.453231226783382e-6
14.0	4.859839236462141e-6
14.5	4.331245148715087e-6
15.0	3.8602067898969036e-6
15.5	3.4404094778362215e-6
16.0	3.066267684428353e-6
16.5	2.7328138954976696e-6
17.0	2.4356229434263806e-6
17.5	2.1707512329731593e-6
18.0	1.934684072828995e-6
18.5	1.7242889949008425e-6
19.0	1.5367741843190462e-6
19.5	1.3696514334740762e-6
20.0	1.2207031250000176e-6
