-20.0	183.57188207636617
-19.5	163.779344274438
-19.0	146.13922602555314
-18.5	130.41745334861974
-18.0	116.40540749258886
-17.5	103.91715669203654
-17.0	92.78698890942013
-16.5	82.86721291321432
-16.0	74.02619843897286
-15.5	66.14662947749923
-15.0	59.123947456187615
-14.5	52.864963696380514
-14.0	47.2866226818259
-13.5	42.314899743461346
-13.0	37.883818488634816
-12.5	33.934574934218254
-12.0	30.414756663820455
-11.5	27.277646609784103
-11.0	24.481602149870227
-10.5	21.98950118768647
-10.0	19.76824774808457
-9.5	17.788330348028452
-9.0	16.023427066055163
-8.5	14.45005175463662
-8.0	13.047236291401152
-7.5	11.796244098361054
-7.0	10.680310402343057
-6.5	9.684404841987583
-6.0	8.795012078750508
-5.5	7.999926050592958
-5.0	7.288053518671991
-4.5	6.649222752804187
-4.0	6.073993954098951
-3.5	5.5534699878700895
-3.0	5.079110403079145
-2.5	4.642560490070885
-2.0	4.23552300385973
-1.5	3.8497259076303942
-1.0	3.4770749788494744
-0.5	3.1101153527115892
0.0	2.742928850370545
0.5	2.3724994323817787
1.0	2.000309078909661
1.5	1.6334855409676332
2.0	1.2844681562313705
2.5	0.9684236546558816
3.0	0.6988619595127706
3.5	0.4834023595675999
4.0	0.3219260198281762
4.5	0.2078294630032573
5.0	0.13113562686675584
5.5	0.0815618171263604
6.0	0.05040548964539626
6.5	0.03117025775818666
7.0	0.01940052742616776
7.5	0.012210426335799633
8.0	0.0077995469018096435
8.5	0.005070112665222213
9.0	0.003360823124324392
9.5	0.002274941347328836
10.0	0.0015740206087397554
10.5	0.0011138666160886968
11.0	8.0646685417568e-4
11.5	5.974749067702032e-4
12.0	4.5288621369286695e-4
12.5	3.511158056154587e-4
13.0	2.782518886811261e-4
13.5	2.251846414142639e-4
14.0	1.858506544860434e-4
14.5	1.5614780623817443e-4
15.0	1.3325792560271504e-4
15.5	1.1522054185950862e-4
16.0	1.0066239662277669e-4
16.5	8.862302907613406e-5
17.0	7.843812142680547e-5
17.5	6.965642517750469e-5
18.0	6.197656891690988e-5
18.5	5.5197699663624475e-5
19.0	4.9182240777511784e-5
19.5	4.383009796440656e-5
20.0	3.906274110933961e-5
