-20.0	0.7812499999999989
-19.5	0.6962897954169893
-19.0	0.6205689333783478
-18.5	0.5530826440501112
-18.0	0.4929354253751578
-17.5	0.43932916030497415
-17.0	0.3915525262713236
-16.5	0.3489715563679468
-16.0	0.31102122699492374
-15.5	0.2771979603387336
-15.0	0.24705294220065577
-14.5	0.22018616650503495
-14.0	0.19624112746168304
-13.5	0.17490008895064446
-13.0	0.15587986835692857
-12.5	0.13892807890926379
-12.0	0.12381978066101462
-11.5	0.11035449567364766
-11.0	0.09835354779641782
-10.5	0.08765769174234356
-10.0	0.07812500000001017
-9.5	0.06962897954172467
-9.0	0.062056893337850055
-8.5	0.05530826440501707
-8.0	0.049293542537515125
-7.5	0.04393291603048641
-7.0	0.03915525262709984
-6.5	0.034897155636779705
-6.0	0.031102122699488602
-5.5	0.027719796033882374
-5.0	0.02470529422010371
-4.5	0.022018616650515507
-4.0	0.019624112746164588
-3.5	0.017490008895031987
-3.0	0.015587986835681567
-2.5	0.013892807890938507
-2.0	0.012381978066143984
-1.5	0.011035449567365976
-1.0	0.009835354779597506
-0.5	0.008765769174231282
0.0	0.007812500000052593
0.5	0.006962897954164812
1.0	0.006205689333756179
1.5	0.005530826440536804
2.0	0.004929354253745008
2.5	0.004393291603037031
3.0	0.003915525262745582
3.5	0.003489715563623756
4.0	0.003110212270008756
4.5	0.0027719796033517687
5.0	0.002470529422018638
5.5	0.0022018616650783494
6.0	0.001962411274545252
6.5	0.0017490008894766942
7.0	0.0015587986835830375
7.5	0.0013892807891239464
8.0	0.0012381978066226193
8.5	0.001103544956703284
9.0	9.835354779150728e-4
9.5	8.765769175379245e-4
10.0	7.812499999359825e-4
10.5	6.962897953741443e-4
11.0	6.205687096949297e-4
11.5	5.530825513089636e-4
12.0	4.929354063817788e-4
12.5	4.3932915749345797e-4
13.0	3.9155252595874865e-4
13.5	3.489715563418025e-4
14.0	3.110212269933424e-4
14.5	2.771979603386869e-4
15.0	2.4705294220063803e-4
15.5	2.201861665049945e-4
16.0	1.9624112746162437e-4
16.5	1.7490008895066494e-4
17.0	1.5587986835689446e-4
17.5	1.3892807890927145e-4
18.0	1.2381978066093244e-4
18.5	1.103544956735647e-4
19.0	9.835354779641828e-5
19.5	8.765769174222046e-5
20.0	7.812499999986997e-5
