-20.0	0.6448391230756414
-19.5	0.5754011302644115
-19.0	0.5135136428504401
-18.5	0.4583554527261773
-18.0	0.40919464579219467
-17.5	0.365378889983379
-17.0	0.3263267793221365
-16.5	0.2915201191434733
-16.0	0.26049705012837887
-15.5	0.2328459199139724
-15.0	0.20819982097008738
-14.5	0.18623172227637386
-14.0	0.16665013021487762
-13.5	0.14919522112108774
-13.0	0.13363539419715714
-12.5	0.11976419907670294
-12.0	0.10739759730675968
-11.5	0.096371521452005
-11.0	0.0865396994854768
-10.5	0.07777171566003516
-10.0	0.06995128220692676
-9.5	0.06297469902000363
-9.0	0.056749480995803264
-8.5	0.05119313494369959
-8.0	0.04623206998566781
-7.5	0.041800627159126774
-7.0	0.0378402155402012
-6.5	0.03429854363864926
-6.0	0.03112893609625071
-5.5	0.02828972686284678
-5.0	0.025743721033633232
-4.5	0.02345771842166494
-4.0	0.021402092710238393
-3.5	0.019550420679875447
-3.0	0.01787915653968912
-2.5	0.016367346796940033
-2.0	0.01499638137870208
-1.5	0.013749776860979467
-1.0	0.012612987675612343
-0.5	0.01157324105456417
0.0	0.01061939127222554
0.5	0.009741788500089901
1.0	0.008932157371467242
1.5	0.008183480270242197
2.0	0.007489880542287573
2.5	0.006846501410088475
3.0	0.006249377476051407
3.5	0.005695297410972584
4.0	0.0051816586875821635
4.5	0.004706317855136415
5.0	0.0042674425229936655
5.5	0.0038633733515096927
6.0	0.0034925054154065077
6.5	0.0031531977063075575
7.0	0.002843717075391196
7.5	0.0025622187679689087
8.0	0.002306760588164411
8.5	0.0020753428478539337
9.0	0.0018659628663721187
9.5	0.0016766718606145634
10.0	0.0015056238157641066
10.5	0.001351109704055331
11.0	0.0012115744369673304
11.5	0.0010856211660259726
12.0	9.719986982569817e-4
12.5	8.695885446535351e-4
13.0	7.773855837347604e-4
13.5	6.944793725430221e-4
14.0	6.200376295371068e-4
14.5	5.532928139676749e-4
15.0	4.935323454243953e-4
15.5	4.4009243769555645e-4
16.0	3.92355008271221e-4
16.5	3.497467402729937e-4
17.0	3.117392024497359e-4
17.5	2.778490142716916e-4
18.0	2.476373382784072e-4
18.5	2.2070838078613875e-4
19.0	1.9670694982103915e-4
19.5	1.7531535374287754e-4
20.0	1.5624999491314906e-4
