-20.0	2.1415711902866645
-19.5	1.909897040618322
-19.0	1.7034153951836013
-18.5	1.5193863714047375
-18.0	1.3553680202263145
-17.5	1.2091839231579204
-17.0	1.0788943128028055
-16.5	0.9627703336733275
-16.0	0.8592711017676322
-15.5	0.7670232585230856
-15.0	0.6848027478679608
-14.5	0.611518574596525
-14.0	0.5461983285925631
-13.5	0.487975282867239
-13.0	0.4360768942726214
-12.5	0.38981455437829327
-12.0	0.34857445460484565
-11.5	0.31180944451186643
-11.0	0.2790317753428324
-10.5	0.24980663269976194
-10.0	0.2237463727258629
-9.5	0.20050538554379463
-9.0	0.179775518059631
-8.5	0.16128199570821705
-8.0	0.14477978937769992
-7.5	0.13005037970331929
-7.0	0.11689887622893759
-6.5	0.10515145367089242
-6.0	0.09465307173266989
-5.5	0.08526544866214181
-5.0	0.07686526203998491
-4.5	0.06934255317828641
-4.0	0.06259931400204609
-3.5	0.05654823739008623
-3.0	0.051111613687653684
-2.5	0.04622035745090156
-2.0	0.041813149477425204
-1.5	0.037835679814032096
-1.0	0.034239977779331715
-0.5	0.030983815151372614
0.0	0.02803016869696745
0.5	0.025346728327407628
1.0	0.022905437595721036
1.5	0.020682054282796507
2.0	0.018655720749281887
2.5	0.016808536759491982
3.0	0.015125131687756449
3.5	0.013592238246807942
4.0	0.012198275579333485
4.5	0.010932954859198395
5.0	0.009786924353686909
5.5	0.008751471875961696
6.0	0.007818299954207686
6.5	0.006979382519407017
7.0	0.006226902423721349
7.5	0.005553258549130892
8.0	0.004951122245950894
8.5	0.004413517930558324
9.0	0.003933903285764123
9.5	0.0035062303504274153
10.0	0.003124977768832679
10.5	0.0027851535905414615
11.0	0.002482273628518286
11.5	0.002212329983779099
12.0	0.001971741591951723
12.5	0.0017573166258588457
13.0	0.0015662101034511072
13.5	0.001395886225332904
14.0	0.0012440849079745908
14.5	0.001108791841355844
15.0	9.882117688032668e-4
15.5	8.807446660203597e-4
16.0	7.849645098471358e-4
16.5	6.996003558031316e-4
17.0	6.235194734282093e-4
17.5	5.557123156374952e-4
18.0	4.952791226441669e-4
18.5	4.414179826946335e-4
19.0	3.9341419118565923e-4
19.5	3.5063076696925655e-4
20.0	3.125000000002501e-4
