-20.0	55.349745548234345
-19.5	48.639271142543095
-19.0	42.70566381194705
-18.5	37.46171747293133
-18.0	32.8298571808076
-17.5	28.741083279546174
-17.0	25.134030844371182
-16.5	21.95413185396284
-16.0	19.152868896967874
-15.5	16.687110436594555
-15.0	14.518518743558776
-14.5	12.613022575873268
-14.0	10.940347546946905
-13.5	9.473597892467861
-13.0	8.188884031995421
-12.5	7.064990931963007
-12.0	6.083082821219305
-11.5	5.226440295354949
-11.0	4.480226278436435
-10.5	3.8312776960511337
-10.0	3.2679200569034292
-9.5	2.7798024461053528
-9.0	2.3577507058300533
-8.5	1.993636821734021
-8.0	1.6802627496656681
-7.5	1.4112571095437383
-7.0	1.1809833443638669
-6.5	0.9844580943550575
-6.0	0.8172786712963007
-5.5	0.6755586377042682
-5.0	0.5558706015736904
-4.5	0.4551954310148284
-4.0	0.3708771757826247
-3.5	0.30058305553004355
-3.0	0.2422679388015451
-2.5	0.19414279342262528
-2.0	0.15464663918280752
-1.5	0.12242157868346144
-1.0	0.09629052311864626
-0.5	0.07523726774191006
0.0	0.05838860798519525
0.5	0.04499822264120022
1.0	0.03443208596168598
1.5	0.02615520636003128
2.0	0.01971952553860531
2.5	0.014752847622035634
3.0	0.010948702040037804
3.5	0.008057074824151206
4.0	0.005875968850479557
4.5	0.004243772766986829
5.0	0.0030324298378758504
5.5	0.0021414014453603586
6.0	0.0014924160936787977
6.5	0.0010249846961866828
7.0	6.926483847966637e-4
7.5	4.599080349115631e-4
8.0	2.9976744736586353e-4
8.5	1.918073806890954e-4
9.0	1.2069831525651964e-4
9.5	7.505843371280846e-5
10.0	4.6570791278490874e-5
10.5	2.9288688544908926e-5
11.0	1.9077323682275932e-5
11.5	1.3158482151116123e-5
12.0	9.739370382156536e-6
12.5	7.71565682224268e-6
13.0	6.4417746020428995e-6
13.5	5.561481513595128e-6
14.0	4.889885010004419e-6
14.5	4.3366350966422004e-6
15.0	3.859592997062289e-6
15.5	3.4391819945713247e-6
16.0	3.0654895133212102e-6
16.5	2.732442220727625e-6
17.0	2.435472397924955e-6
17.5	2.1706977609993614e-6
18.0	1.9346673059623795e-6
18.5	1.7242843783718109e-6
19.0	1.5367730813209276e-6
19.5	1.3696512083881624e-6
20.0	1.2207030865011434e-6
