-20.0	0.001058226206731
-19.5	0.0010570374777541984
-19.0	0.001055754503369246
-18.5	0.0010543691060224138
-18.0	0.0010528723734611728
-17.5	0.0010512545987764166
-17.0	0.0010495052178477514
-16.5	0.0010476127447514908
-16.0	0.0010455647059203833
-15.5	0.0010433475741266265
-15.0	0.0010409467037036818
-14.5	0.0010383462688359135
-14.0	0.001035529207236942
-13.5	0.0010324771721143813
-13.0	0.0010291704959858854
-12.5	0.001025588170670568
-12.0	0.001021707848627513
-11.5	0.0010175058717377579
-11.0	0.0010129573346065262
-10.5	0.001008036190463416
-10.0	0.0010027154087077278
-9.5	9.969671940120734e-4
-9.0	9.90763277565293e-4
-8.5	9.840752913872041e-4
-8.0	9.768752365437432e-4
-7.5	9.691360553769627e-4
-7.0	9.608323163839962e-4
-6.5	9.519410179946172e-4
-6.0	9.424425141197701e-4
-5.5	9.323215599751966e-4
-5.0	9.215684714656196e-4
-4.5	9.10180385680563e-4
-4.0	8.981626043822243e-4
-3.5	8.855299976183873e-4
-3.0	8.723084419119185e-4
-2.5	8.585362682425736e-4
-2.0	8.44265700747876e-4
-1.5	8.295642791634744e-4
-1.0	8.145162776179016e-4
-0.5	7.992241600196059e-4
0.0	7.838101476477e-4
0.5	7.684180165716595e-4
1.0	7.532152895698734e-4
1.5	7.383960380764726e-4
2.0	7.241845651773795e-4
2.5	7.108403061394415e-4
3.0	6.986643715525925e-4
3.5	6.880082947666068e-4
4.0	6.79285770681961e-4
4.5	6.729885483120994e-4
5.0	6.697082525233739e-4
5.5	6.701668859670302e-4
6.0	6.752602855051147e-4
6.5	6.861211700343063e-4
7.0	7.042121057099424e-4
7.5	7.314645736521864e-4
8.0	7.704898356026689e-4
8.5	8.249030624178258e-4
9.0	8.998287984887427e-4
9.5	0.0010027012712204022
10.0	0.001144551010741414
10.5	0.0013421021679762585
11.0	0.0016212257075316843
11.5	0.0020226360282696487
12.0	0.002611159878540823
12.5	0.003490150364927457
13.0	0.004821432095190593
13.5	0.006844823579474484
14.0	0.009871850974144258
14.5	0.014190034912745557
15.0	0.019794221142833402
15.5	0.02600503182906209
16.0	0.03141545661412545
16.5	0.03461830155553746
17.0	0.035161429643970316
17.5	0.03364074039811254
18.0	0.03101648494747379
18.5	0.028040453071218673
19.0	0.025122317977341636
19.5	0.022427535798550786
20.0	0.019997536505922977
