-20.0	0.004523993674114582
-19.5	0.0040415425764401824
-19.0	0.0036115431908352
-18.5	0.0032282897133165253
-18.0	0.002886696636531242
-17.5	0.0025822312699060324
-17.0	0.0023108535957824874
-16.5	0.002068962663573702
-16.0	0.0018533488107639437
-15.5	0.0016611510769188936
-15.0	0.0014898192458331974
-14.5	0.0013370800123941812
-14.0	0.0012009068255406023
-13.5	0.0010794930075464849
-13.0	9.712277934278458e-4
-12.5	8.746749731231697e-4
-12.0	7.885538537720032e-4
-11.5	7.117222903482118e-4
-11.0	6.431615605468496e-4
-10.5	5.819628844927721e-4
-10.0	5.273154119206449e-4
-9.5	4.784955192214475e-4
-9.0	4.348572764369599e-4
-8.5	3.958239601420541e-4
-8.0	3.608805023646067e-4
-7.5	3.295667784558318e-4
-7.0	3.0147164824013994e-4
-6.5	2.762276749791641e-4
-6.0	2.535064557319741e-4
-5.5	2.3301450464357083e-4
-5.0	2.1448963749826164e-4
-4.5	1.9769781154105776e-4
-4.0	1.824303789821634e-4
-3.5	1.6850171562517386e-4
-3.0	1.5574718762726992e-4
-2.5	1.4402141928925429e-4
-2.0	1.3319682300888465e-4
-1.5	1.2316234905703237e-4
-1.0	1.13822407969818e-4
-0.5	1.0509591252273477e-4
0.0	9.691538044423643e-5
0.5	8.92260345240469e-5
1.0	8.198483537663029e-5
1.5	7.515938595096015e-5
2.0	6.8726658138999e-5
2.5	6.267151213607751e-5
3.0	5.698500908019754e-5
3.5	5.1662555621565854e-5
4.0	4.670196124465604e-5
4.5	4.210152853511607e-5
5.0	3.7858324294137756e-5
5.5	3.396678551410154e-5
6.0	3.0417792227477986e-5
6.5	2.719828703479397e-5
7.0	2.429144575433808e-5
7.5	2.167732008502343e-5
8.0	1.933380181801293e-5
8.5	1.723771888399809e-5
9.0	1.53658775776092e-5
9.5	1.3695910276184111e-5
10.0	1.220685757000558e-5
10.5	1.0879484373384164e-5
11.0	9.696376633815834e-6
11.5	8.641913134071653e-6
12.0	7.70211546240754e-6
12.5	6.864518053686952e-6
13.0	6.118008215106328e-6
13.5	5.452680567572649e-6
14.0	4.859706671780516e-6
14.5	4.331218130300548e-6
15.0	3.860202221890553e-6
15.5	3.4404088516435207e-6
16.0	3.066267616592868e-6
16.5	2.732813889857826e-6
17.0	2.435622943081409e-6
17.5	2.1707512329605647e-6
18.0	1.9346840728304846e-6
18.5	1.7242889949023758e-6
19.0	1.5367741843189272e-6
19.5	1.369651433475122e-6
20.0	1.2207031250039855e-6
