-20.0	55.90937965884706
-19.5	48.3826513909981
-19.0	41.817310921155936
-18.5	36.09709213201139
-18.0	31.11910556185966
-17.5	26.792353091016285
-17.0	23.036405339221815
-16.5	19.78022389419498
-16.0	16.961112453542103
-15.5	14.523782712411336
-15.0	12.419522390322005
-14.5	10.605454183852805
-14.0	9.043875673648008
-13.5	7.701671321696123
-13.0	6.549788681517802
-12.5	5.562771822644899
-12.0	4.718345752456819
-11.5	3.9970463135154697
-11.0	3.38189065153643
-10.5	2.8580838964448163
-10.0	2.412758183707201
-9.5	2.0347405719701044
-9.0	1.7143467919726931
-8.5	1.4431980962177469
-8.0	1.2140587739411464
-7.5	1.0206921561163507
-7.0	0.8577331646936995
-6.5	0.7205756627596895
-6.0	0.6052730412494614
-5.5	0.5084506362670569
-5.0	0.4272287117165078
-4.5	0.3591548672086065
-4.0	0.30214484318299223
-3.5	0.25443079570104105
-3.0	0.21451620396313437
-2.5	0.1811366556168303
-2.0	0.15322582944773577
-1.5	0.12988606300972277
-1.0	0.1103629549159004
-0.5	0.0940235085006364
0.0	0.08033737588327947
0.5	0.06886080951276984
1.0	0.05922297233880671
1.5	0.05111429801302545
2.0	0.04427662901044921
2.5	0.03849489316694152
3.0	0.0335901076000699
3.5	0.029413523003583644
4.0	0.025841740678079164
4.5	0.02277264959806336
5.0	0.020122042359001748
5.5	0.01782077913511969
6.0	0.015812380954236833
6.5	0.014050950936017565
7.0	0.012499346468757869
7.5	0.011127555215623227
8.0	0.00991125804877315
8.5	0.008830584808867515
9.0	0.00786907764950333
9.5	0.007012870091361793
10.0	0.006250072602658346
10.5	0.005570336475525057
11.0	0.004964555342715056
11.5	0.004424661824757143
12.0	0.003943483496695382
12.5	0.0035146332926969397
13.0	0.0031324202110246976
13.5	0.0027917724509978078
14.0	0.002488169815962193
14.5	0.0022175836827098712
15.0	0.0019764235376052252
15.5	0.0017614893320402668
16.0	0.0015699290196934785
16.5	0.0013992007116052118
17.0	0.001247038946855538
17.5	0.001111424631274322
18.0	9.905582452881929e-4
18.5	8.828359653892301e-4
19.0	7.868283823713525e-4
19.5	7.012615339387238e-4
20.0	6.250000000000015e-4
