-20.0	0.03337390095681466
-19.5	0.0297541084969972
-19.0	0.02652795782671517
-18.5	0.023652639893368813
-18.0	0.021090000983354267
-17.5	0.018806036445905835
-17.0	0.016770439472597758
-16.5	0.014956198945112974
-16.0	0.013339241014992011
-15.5	0.011898109659394876
-15.0	0.010613681974096952
-14.5	0.009468914425903873
-14.0	0.008448616697495465
-13.5	0.007539250123869751
-13.0	0.006728748045891348
-12.5	0.006006355697319993
-12.0	0.0053624875009277775
-11.5	0.004788599880359075
-11.0	0.004277077900368744
-10.5	0.0038211342315934487
-10.0	0.0034147190996785064
-9.5	0.0030524400244289823
-9.0	0.0027294902846957585
-8.5	0.0024415851606553354
-8.0	0.0021849051084979376
-7.5	0.00195604511477617
-7.0	0.0017519695598868373
-6.5	0.0015699719935463165
-6.0	0.0014076392905876206
-5.5	0.001262819713904874
-5.0	0.0011335944634978932
-4.5	0.001018252337197676
-4.0	9.152671702502707e-4
-3.5	8.232777579492106e-4
-3.0	7.410699986175292e-4
-2.5	6.67561023433853e-4
-2.0	6.017851055452724e-4
-1.5	5.428811634500656e-4
-1.0	4.900816932552018e-4
-0.5	4.4270298085527374e-4
0.0	4.001364587185519e-4
0.5	3.618410826078725e-4
1.0	3.2733661131539664e-4
1.5	2.9619767750955605e-4
2.0	2.6804854061773526e-4
2.5	2.4255841359231592e-4
3.0	2.1943725544434282e-4
3.5	1.9843192244146707e-4
4.0	1.7932257410421392e-4
4.5	1.6191923790897567e-4
5.0	1.460584519290144e-4
5.5	1.3159992748873462e-4
6.0	1.1842320727760848e-4
6.5	1.0642433455207336e-4
7.0	9.551259370742585e-5
7.5	8.560742437004043e-5
8.0	7.663564073490028e-5
8.5	6.852909652319884e-5
9.0	6.122291586195528e-5
9.5	5.465436023017209e-5
10.0	4.87623277454221e-5
10.5	4.348739878675507e-5
11.0	3.877225659578668e-5
11.5	3.456237905474064e-5
12.0	3.080655487461704e-5
12.5	2.745745251095692e-5
13.0	2.4471854139207255e-5
13.5	2.1810677172209077e-5
14.0	1.9438816888057075e-5
14.5	1.7324870720525397e-5
15.0	1.54408086133175e-5
15.5	1.376163537273288e-5
16.0	1.226507046306574e-5
16.5	1.0931255559177492e-5
17.0	9.742491772302326e-6
17.5	8.683004931835537e-6
18.0	7.738736291315108e-6
18.5	6.8971559796036485e-6
19.0	6.1470967372759255e-6
19.5	5.4786057338946335e-6
20.0	4.8828125000039075e-6
