-20.0	0.1334256638799694
-19.5	0.11894222016077115
-19.0	0.10603310748927974
-18.5	0.0945270745262769
-18.0	0.08427149069426487
-17.5	0.07513032104834667
-17.0	0.0669823213781006
-16.5	0.05971942959294308
-16.0	0.053245332048400276
-15.5	0.04747418579318244
-15.0	0.04232947978594791
-14.5	0.03774301997622092
-14.0	0.033654024788173795
-13.5	0.030008319012383405
-13.0	0.0267576154177721
-12.5	0.023858874561808997
-12.0	0.02127373431647825
-11.5	0.01896800155467315
-11.0	0.016911199268761775
-10.5	0.015076163130766025
-10.0	0.013438682161540606
-9.5	0.011977178762920409
-9.0	0.010672423889220808
-8.5	0.009507283598731053
-8.0	0.00846649363717486
-7.5	0.007536459067281147
-7.0	0.006705076274611653
-6.5	0.005961574951450002
-6.0	0.005296377889048233
-5.5	0.004700976594384627
-5.0	0.004167820891777024
-4.5	0.0036902207742154423
-4.0	0.003262258839000768
-3.5	0.002878711686549774
-3.0	0.002534978695926929
-2.5	0.0022270166395859247
-2.0	0.001951278694396429
-1.5	0.0017046565824050189
-1.0	0.0014844248662242905
-0.5	0.0012881868492869435
0.0	0.0011138220800207422
0.5	9.594360786575924e-4
1.0	8.233134969003808e-4
1.5	7.038763506612212e-4
2.0	5.996490985958638e-4
2.5	5.092320816658106e-4
3.0	4.312841872372352e-4
3.5	3.6451466177697293e-4
4.0	3.0768296959465054e-4
4.5	2.59604719991438e-4
5.0	2.1916116322727287e-4
5.5	1.8530968765213902e-4
6.0	1.570931115573941e-4
6.5	1.336462248940511e-4
7.0	1.1419881829977615e-4
7.5	9.807516783878348e-5
8.0	8.469050004987804e-5
8.5	7.354528162918921e-5
9.0	6.421825309545361e-5
9.5	5.635898652207819e-5
10.0	4.968045607976884e-5
10.5	4.395176382673401e-5
11.0	3.899089020903684e-5
11.5	3.465726357126337e-5
12.0	3.0844108232650915e-5
12.5	2.7470847436665494e-5
13.0	2.4476103901607242e-5
13.5	2.1811859073527777e-5
14.0	1.9439100366291183e-5
14.5	1.732492830100985e-5
15.0	1.5440818318270447e-5
15.5	1.376163669935429e-5
16.0	1.2265070606411097e-5
16.5	1.0931255571067252e-5
17.0	9.742491773029726e-6
17.5	8.683004931862605e-6
18.0	7.738736291315011e-6
18.5	6.897155979603311e-6
19.0	6.147096737276187e-6
19.5	5.478605733896274e-6
20.0	4.8828125000000145e-6
