-20.0	0.02193749348440103
-19.5	0.019585163044235868
-19.0	0.017488595959941542
-18.5	0.015619972153249333
-18.0	0.013954496238602766
-17.5	0.012470068509553723
-17.0	0.011146991696733421
-16.5	0.009967709606632543
-16.0	0.008916574173571645
-15.5	0.007979637834362483
-15.0	0.007144468471358814
-14.5	0.00639998446920022
-14.0	0.005736307697686507
-13.5	0.005144632471339607
-13.0	0.004617108748535965
-12.5	0.004146738022409717
-12.0	0.0037272805246161876
-11.5	0.003353172513669113
-11.0	0.0030194525540734873
-10.5	0.002721695812461761
-10.0	0.0024559555042223367
-9.5	0.00221871071994479
-9.0	0.002006819946731313
-8.5	0.0018174796761613852
-8.0	0.0016481875593504602
-7.5	0.0014967096310835864
-7.0	0.0013610511799897074
-6.5	0.0012394308908394158
-6.0	0.0011302579286516642
-5.5	0.001032111672767204
-5.0	9.437238423384759e-4
-4.5	8.639627829758545e-4
-4.0	7.918197072669827e-4
-3.5	7.26396699180546e-4
-3.0	6.668963038492069e-4
-2.5	6.126125291603472e-4
-2.0	5.629230841728461e-4
-1.5	5.1728267144466e-4
-1.0	4.7521713710996845e-4
-0.5	4.3631826550325354e-4
0.0	4.0023898780523846e-4
0.5	3.6668876110107674e-4
1.0	3.3542887173817614e-4
1.5	3.0626743239505426e-4
2.0	2.7905388359387935e-4
2.5	2.536728831249981e-4
3.0	2.3003757289589126e-4
3.5	2.0808234751629108e-4
4.0	1.8775539771573955e-4
4.5	1.6901144052409195e-4
5.0	1.5180514613900276e-4
5.5	1.3608579355778e-4
6.0	1.2179361087855773e-4
6.5	1.0885807407081557e-4
7.0	9.719817485567576e-5
7.5	8.672437646261284e-5
8.0	7.734172672728447e-5
8.5	6.895346106823772e-5
9.0	6.146444244284371e-5
9.5	5.4783943134909424e-5
10.0	4.882751711951939e-5
10.5	4.3517959333205076e-5
11.0	3.8785511262847056e-5
11.5	3.4567653401352063e-5
12.0	3.080846198078404e-5
12.5	2.745807223082197e-5
13.0	2.447203286192487e-5
13.5	2.1810722270424604e-5
14.0	1.9438826687117293e-5
14.5	1.732487252119791e-5
15.0	1.544080888755942e-5
15.5	1.3761635406572592e-5
16.0	1.2265070466368978e-5
16.5	1.0931255559429461e-5
17.0	9.74249177232317e-6
17.5	8.68300493184066e-6
18.0	7.73873629132023e-6
18.5	6.8971559796080395e-6
19.0	6.147096737275763e-6
19.5	5.4786057338990246e-6
20.0	4.8828125000129334e-6
