-20.0	0.8206972459271048
-19.5	0.7319074124388764
-19.0	0.6527730423039804
-18.5	0.5822440708315918
-18.0	0.5193846218258471
-17.5	0.4633605890985059
-17.0	0.4134285684133687
-16.5	0.36892599299747597
-16.0	0.3292623417246928
-15.5	0.29391130331222043
-15.0	0.26240379255599794
-14.5	0.23432172593835093
-14.0	0.20929247401809928
-13.5	0.18698391699510358
-13.0	0.16710003784585611
-12.5	0.14937699456209588
-12.0	0.1335796193835187
-11.5	0.11949829858358793
-11.0	0.1069461914212819
-10.5	0.09575675137414198
-10.0	0.08578151678455814
-9.5	0.07688814163086648
-9.0	0.06895864032754635
-8.5	0.06188782330643903
-8.0	0.05558190267038588
-7.5	0.04995724947876975
-7.0	0.04493928624746835
-6.5	0.04046150005344348
-6.0	0.03646456324871719
-5.5	0.032895550233551576
-5.0	0.029707240027795165
-4.5	0.026857495534972936
-4.0	0.024308711425848405
-3.5	0.022027323486530123
-3.0	0.019983373097959833
-2.5	0.018150121233886436
-2.0	0.016503707000029087
-1.5	0.015022846278237172
-1.0	0.01368856649665218
-0.5	0.012483973906821858
0.0	0.011394050018437898
0.5	0.010405474011013067
1.0	0.00950646800938286
1.5	0.008686662079921886
2.0	0.007936975695906285
2.5	0.0072495122493941334
3.0	0.006617462998582874
3.5	0.006035016713566663
4.0	0.005497271286993512
4.5	0.005000143816279064
5.0	0.004540276270574054
5.5	0.004114934854380912
6.0	0.003721902674779955
6.5	0.0033593671690228272
7.0	0.0030258058143734032
7.5	0.0027198755806379944
8.0	0.002440312948652594
8.5	0.00218585167641026
9.0	0.0019551644834587805
9.5	0.0017468323735103358
10.0	0.0015593417318442784
10.5	0.001391105346390099
11.0	0.0012404996069028309
11.5	0.001105911643318587
12.0	9.857792275998391e-4
12.5	8.786285630324742e-4
13.0	7.830964727231996e-4
13.5	6.979409479242332e-4
14.0	6.220419836333972e-4
14.5	5.543958342465322e-4
15.0	4.94105871238602e-4
15.5	4.4037233138618376e-4
16.0	3.9248225476553114e-4
16.5	3.498001778898547e-4
17.0	3.117597367136172e-4
17.5	2.778561578188343e-4
18.0	2.4763956132219274e-4
18.5	2.2070899134741043e-4
19.0	1.9670709559282615e-4
19.5	1.7531538348472195e-4
20.0	1.562500000003176e-4
