-20.0	1.5625000000000022
-19.5	1.3925795908339795
-19.0	1.2411378667566957
-18.5	1.1061652881002257
-18.0	0.9858708507503167
-17.5	0.8786583206099499
-17.0	0.7831050525426478
-16.5	0.6979431127358954
-16.0	0.6220424539898496
-15.5	0.5543959206774678
-15.0	0.49410588440131187
-14.5	0.4403723330100703
-14.0	0.39248225492336614
-13.5	0.3498001779012883
-13.0	0.3117597367138568
-12.5	0.27785615781852707
-12.0	0.24763956132202897
-11.5	0.22070899134729655
-11.0	0.1967070955928356
-10.5	0.17531538348468698
-10.0	0.1562500000000209
-9.5	0.13925795908344918
-9.0	0.12411378667569972
-8.5	0.11061652881003489
-8.0	0.09858708507503061
-7.5	0.0878658320609731
-7.0	0.07831050525419965
-6.5	0.06979431127355955
-6.0	0.062204245398976676
-5.5	0.05543959206776462
-5.0	0.04941058844020792
-4.5	0.04403723330103032
-4.0	0.03924822549232963
-3.5	0.034980017790063794
-3.0	0.031175973671362815
-2.5	0.02778561578187641
-2.0	0.024763956132288927
-1.5	0.022070899134732563
-1.0	0.019670709559194373
-0.5	0.017531538348462293
0.0	0.01562500000010493
0.5	0.0139257959083302
1.0	0.01241137866751088
1.5	0.011061652881073296
2.0	0.009858708507491008
2.5	0.008786583206074325
3.0	0.007831050525490664
3.5	0.006979431127249379
4.0	0.006220424540015174
4.5	0.005543959206702878
5.0	0.004941058844034452
5.5	0.004403723330154756
6.0	0.003924822549088769
6.5	0.0034980017789582873
7.0	0.0031175973671612386
7.5	0.002778561578241079
8.0	0.0024763956132489925
8.5	0.0022070899134054647
9.0	0.0019670709558411922
9.5	0.0017531538350820247
10.0	0.0015624999998785846
10.5	0.001392579590749947
11.0	0.0012411374235343528
11.5	0.001106165103326172
12.0	9.858708128638609e-4
12.5	8.7865831499849e-4
13.0	7.831050519166022e-4
13.5	6.97943112683605e-4
14.0	6.22042453986435e-4
14.5	5.543959206774154e-4
15.0	4.941058844013663e-4
15.5	4.403723330099682e-4
16.0	3.924822549232765e-4
16.5	3.49800177901316e-4
17.0	3.117597367137473e-4
17.5	2.7785615781854983e-4
18.0	2.4763956132194814e-4
18.5	2.207089913471849e-4
19.0	1.9670709559282962e-4
19.5	1.7531538348447562e-4
20.0	1.5624999999971217e-4
