-20.0	58.9726860699148
-19.5	51.82289921572
-19.0	45.50084258921435
-18.5	39.91360030822164
-18.0	34.978518238219934
-17.5	30.622079008613593
-17.0	26.778899870794046
-16.5	23.390840012233447
-16.0	20.40620539827582
-15.5	17.779040512188654
-15.0	15.468497521665507
-14.5	13.438274431595568
-14.0	11.656114702394111
-13.5	10.093361632548348
-13.0	8.72456153436438
-12.5	7.5271103826721415
-12.0	6.4809391963154575
-11.5	5.568233929140895
-11.0	4.773186107881392
-10.5	4.081770864842998
-10.0	3.4815493791175656
-9.5	2.9614930659777756
-9.0	2.5118271444802787
-8.5	2.1238914719329895
-8.0	1.790016764145665
-7.5	1.503414525342673
-7.0	1.2580791938937652
-6.5	1.048701172038072
-6.0	0.8705895516038757
-5.5	0.7196034752632201
-5.0	0.5920911857713677
-4.5	0.48483591543504295
-4.0	0.3950078561150202
-3.5	0.320121527677507
-3.0	0.25799793119271175
-2.5	0.20673093353084193
-2.0	0.16465738353635812
-1.5	0.1303305078838784
-1.0	0.10249617829516132
-0.5	0.08007168227363033
0.0	0.06212666810036313
0.5	0.04786597260638772
1.0	0.03661407800258539
1.5	0.02780098223448728
2.0	0.020949305827476023
2.5	0.01566249628849078
3.0	0.01161402752436827
3.5	0.008537524669332625
4.0	0.006217772260055808
4.5	0.00448258414175134
5.0	0.003195525712506452
5.5	0.0022494828363562158
6.0	0.001561067593475301
6.5	0.0010658403186571694
7.0	7.143119035949801e-4
7.5	4.6867220801353093e-4
8.0	3.0017208391281195e-4
8.5	1.8707084108024268e-4
9.0	1.1305108727471945e-4
9.5	6.600139515084353e-5
10.0	3.7075214046123816e-5
10.5	1.9950439091125046e-5
11.0	1.0234334906262528e-5
11.5	4.978336327750349e-6
12.0	2.2826823849625575e-6
12.5	9.800799144640459e-7
13.0	3.911161877302253e-7
13.5	1.4386696627242423e-7
14.0	4.83246699660902e-8
14.5	1.4668106704008744e-8
15.0	3.976150730808291e-9
15.5	9.499344934029594e-10
16.0	1.9706951946746738e-10
16.5	3.4914083304863945e-11
17.0	5.184507041349118e-12
17.5	6.318450578968521e-13
18.0	6.172461555949402e-14
18.5	4.706948063832304e-15
19.0	2.719743747506312e-16
19.5	1.1516254670700834e-17
20.0	3.441843480723391e-19
