-20.0	1.0707855951433363
-19.5	0.9549485203091619
-19.0	0.8517076975918003
-18.5	0.7596931857023721
-18.0	0.6776840101131583
-17.5	0.6045919615789618
-17.0	0.5394471564014034
-16.5	0.4813851668366655
-16.0	0.42963555088381833
-15.5	0.3835116292615433
-15.0	0.34240137393398073
-14.5	0.3057592872982629
-14.0	0.27309916429628156
-13.5	0.24398764143361878
-13.0	0.21803844713631038
-12.5	0.19490727718914613
-12.0	0.17428722730242255
-11.5	0.1559047222559344
-11.0	0.1395158876714161
-10.5	0.12490331634988083
-10.0	0.11187318636293199
-9.5	0.1002526927718971
-9.0	0.0898877590298151
-8.5	0.08064099785410928
-8.0	0.07238989468885032
-7.5	0.06502518985165998
-7.0	0.05844943811446875
-6.5	0.05257572683544635
-6.0	0.04732653586633441
-5.5	0.042632724331070807
-5.0	0.03843263101999297
-4.5	0.034671276589142506
-4.0	0.0312996570010235
-3.5	0.028274118695042927
-3.0	0.025555806843826523
-2.5	0.023110178725450174
-2.0	0.020906574738713553
-1.5	0.01891783990701666
-1.0	0.017119988889665212
-0.5	0.015491907575686036
0.0	0.014015084348483461
0.5	0.012673364163704383
1.0	0.011452718797859026
1.5	0.010341027141397927
2.0	0.009327860374641929
2.5	0.00840426837974624
3.0	0.007562565843877711
3.5	0.0067961191234058305
4.0	0.0060991377896643904
4.5	0.005466477429598531
5.0	0.004893462176840616
5.5	0.004375735937978898
6.0	0.003909149977102108
6.5	0.0034896912597083933
7.0	0.0031134512118558173
7.5	0.002776629274558632
8.0	0.002475561122979208
8.5	0.0022067589652780446
9.0	0.0019669516428931083
9.5	0.0017531151752198625
10.0	0.0015624888844229107
10.5	0.00139257679527241
11.0	0.0012411368184034668
11.5	0.0011061649925977676
12.0	9.858707960761562e-4
12.5	8.786583129410178e-4
13.0	7.831050517246724e-4
13.5	6.979431126664867e-4
14.0	6.220424539869762e-4
14.5	5.543959206780226e-4
15.0	4.941058844017653e-4
15.5	4.4037233301006534e-4
16.0	3.924822549235332e-4
16.5	3.4980017790155193e-4
17.0	3.117597367139728e-4
17.5	2.7785615781875106e-4
18.0	2.4763956132209733e-4
18.5	2.2070899134726124e-4
19.0	1.9670709559284696e-4
19.5	1.7531538348446174e-4
20.0	1.5624999999989606e-4
