-20.0	46.23146002776545
-19.5	40.56765322275476
-19.0	35.56330700709528
-18.5	31.144190718361962
-18.0	27.244282558212884
-17.5	23.804869057707613
-17.0	20.77374290861556
-16.5	18.104488440071624
-16.0	15.755845187309584
-15.5	13.691141039533862
-15.0	11.877787381212928
-14.5	10.286829467336897
-14.0	8.892546009618604
-13.5	7.672092606897044
-13.0	6.605184237915232
-12.5	5.6738125558946395
-12.0	4.861994188901177
-11.5	4.155546664021925
-11.0	3.5418889423500586
-10.5	3.0098638806076856
-10.0	2.5495802282868842
-9.5	2.1522720303228215
-9.0	1.8101735379944432
-8.5	1.5164079380557656
-8.0	1.2648883947424494
-7.5	1.0502300637184503
-7.0	0.8676718833610547
-6.5	0.7130070789414769
-6.0	0.5825214309148476
-5.5	0.4729384611902584
-5.0	0.3813707822052859
-4.5	0.3052769340586421
-4.0	0.2424231058869328
-3.5	0.19084920003688455
-3.0	0.1488387522428326
-2.5	0.11489226876368848
-2.0	0.08770358306022129
-1.5	0.0661388708927143
-1.0	0.04921799455286908
-0.5	0.03609787523659422
0.0	0.026057618356808934
0.5	0.018485141025134325
1.0	0.01286507521372897
1.5	0.008767745466841967
2.0	0.005839047566153656
2.5	0.0037910850577210255
3.0	0.0023934542725675936
3.5	0.001465104869088946
4.0	8.667404228597949e-4
4.5	4.937595089783603e-4
5.0	2.6976841859097247e-4
5.5	1.4071797337259214e-4
6.0	6.972503180031467e-5
6.5	3.263180494606216e-5
7.0	1.4333119113753996e-5
7.5	5.866589507288233e-6
8.0	2.219710715021793e-6
8.5	7.694281994147344e-7
9.0	2.4189025216918754e-7
9.5	6.81910639014985e-8
10.0	1.7020481610360114e-8
10.5	3.708082730061433e-9
11.0	6.93876318265933e-10
11.5	1.0954061391133911e-10
12.0	1.4296889322868477e-11
12.5	1.508030164927402e-12
13.0	1.253157093093367e-13
13.5	7.97253923560852e-15
14.0	3.7602350209778044e-16
14.5	1.268208851748947e-17
15.0	2.937064768611852e-19
15.5	4.4629088228601264e-21
16.0	4.2162300521040517e-23
16.5	2.2790684589900794e-25
17.0	3.731805119761149e-28
17.5	3.0814879110195774e-29
18.0	2.0719924713695638e-29
18.5	5.965760595733902e-30
19.0	3.0814879110195774e-31
19.5	1.9721522630525295e-31
20.0	3.462359816821597e-29
