-20.0	0.41246419635749965
-19.5	0.3680664925233761
-19.0	0.32849630650467654
-18.5	0.293228567251721
-18.0	0.26179529489728903
-17.5	0.2337793910317331
-17.0	0.20880910416539028
-16.5	0.1865530969435244
-16.0	0.16671604966540024
-15.5	0.1490347417767903
-15.0	0.13327455935015742
-14.5	0.11922638222117943
-14.0	0.10670380949136968
-13.5	0.09554068659989239
-13.0	0.08558890117376874
-12.5	0.0767164184372281
-12.0	0.0688055301463098
-11.5	0.06175129385512608
-11.0	0.05546014185535324
-10.5	0.04984864139123895
-10.0	0.0448423897721935
-9.5	0.04037502980806065
-9.0	0.03638737260343659
-8.5	0.032826616188072866
-8.0	0.029645649747879903
-7.5	0.02680243437350153
-7.0	0.024259452272301675
-6.5	0.021983217308194802
-6.0	0.019943840550006905
-5.5	0.018114645231361994
-5.0	0.016471826154942484
-4.5	0.014994149116599648
-4.0	0.01366268637768499
-3.5	0.012460584573766342
-3.0	0.011372861715029348
-2.5	0.010386230098618832
-2.0	0.00948894202096246
-1.5	0.008670655146579047
-1.0	0.00792231427745064
-0.5	0.007236046094649089
0.0	0.006605063261336497
0.5	0.006023574145695454
1.0	0.005486694431517299
1.5	0.004990357135780288
2.0	0.004531218154108204
2.5	0.004106555483290978
3.0	0.0037141617515358775
3.5	0.0033522315607411
4.0	0.003019247207245679
4.5	0.0027138682705235137
5.0	0.0024348319216232718
5.5	0.002180871120946461
6.0	0.0019506568455552563
6.5	0.0017427680000392841
7.0	0.0015556890671039872
7.5	0.0013878315613621113
8.0	0.0012375719389202755
8.5	0.0011032967456077293
9.0	9.834459932040098e-4
9.5	8.765479226413185e-4
10.0	7.812416633442634e-4
10.5	6.962876987659759e-4
11.0	6.205682558468924e-4
11.5	5.530824682626802e-4
12.0	4.929353937910066e-4
12.5	4.3932915595033817e-4
13.0	3.915525258147909e-4
13.5	3.489715563289378e-4
14.0	3.1102122699380036e-4
14.5	2.7719796033909803e-4
15.0	2.4705294220090605e-4
15.5	2.2018616650513762e-4
16.0	1.9624112746186376e-4
16.5	1.749000889508419e-4
17.0	1.5587986835713125e-4
17.5	1.3892807890942497e-4
18.0	1.2381978066109637e-4
18.5	1.1035449567370521e-4
19.0	9.835354779641307e-5
19.5	8.765769174236097e-5
20.0	7.81250000001588e-5
