-20.0	0.1588116393522204
-19.5	0.1416848419600252
-19.0	0.12642045904770036
-18.5	0.11281594162860854
-18.0	0.10069076614868248
-17.5	0.08988403905516133
-17.0	0.08025236184526227
-16.5	0.0716679282657179
-16.0	0.06401682841460103
-15.5	0.05719753724272718
-15.0	0.05111956739866738
-14.5	0.04570226854260529
-14.0	0.04087375719794564
-13.5	0.036569962942139315
-13.0	0.032733778282213966
-12.5	0.02931430093699699
-12.0	0.026266158474722766
-11.5	0.02354890634816527
-11.0	0.021126491344598364
-10.5	0.018966773336626427
-10.0	0.017041098995173146
-9.5	0.015323921816930191
-9.0	0.013792463435126977
-8.5	0.012426411732635062
-8.0	0.011207651767306197
-7.5	0.010120025958304746
-7.0	0.009149120373946381
-6.5	0.008282074312103626
-6.0	0.007507410677788045
-5.5	0.00681488494374957
-5.0	0.006195350731173025
-4.5	0.005640640273364604
-4.0	0.0051434582273070534
-3.5	0.004697287477661665
-3.0	0.0042963057386522525
-2.5	0.003935311899222197
-2.0	0.003609661179241092
-1.5	0.003315208266028369
-1.0	0.003048257682754118
-0.5	0.0028055206991029202
0.0	0.002584078130755269
0.5	0.002381348384170982
1.0	0.0021950600862126212
1.5	0.002023228594908489
2.0	0.0018641356232525878
2.5	0.0017163111275560379
3.0	0.0015785165292139503
3.5	0.0014497282775366128
4.0	0.001329120743434378
4.5	0.0012160474921682363
5.0	0.001110020156802062
5.5	0.0010106844338592415
6.0	9.177931765505795e-4
6.5	8.311771291350467e-4
7.0	7.507144815438088e-4
7.5	6.763010203088799e-4
8.0	6.078230706261082e-4
8.5	5.451355292902958e-4
9.0	4.880469663414848e-4
9.5	4.3631300202973935e-4
10.0	3.896380412093392e-4
10.5	3.476841963251379e-4
11.0	3.1008503844526844e-4
11.5	2.76462069623438e-4
12.0	2.464390828272274e-4
12.5	2.1965528126096593e-4
13.0	1.957735819811563e-4
13.5	1.7448510168359757e-4
14.0	1.5551046651126883e-4
14.5	1.3859895315970544e-4
15.0	1.2352646698698337e-4
15.5	1.1009308274505811e-4
16.0	9.812056368152544e-5
16.5	8.745004447174647e-5
17.0	7.793993417839356e-5
17.5	6.94640394547268e-5
18.0	6.190989033056868e-5
18.5	5.517724783687017e-5
19.0	4.9176773898205886e-5
19.5	4.382884587119805e-5
20.0	3.90625000001155e-5
