-20.0	0.002954832003987812
-19.5	0.0029543172226758506
-19.0	0.002953770513853859
-18.5	0.002953190367712259
-18.0	0.002952575369462789
-17.5	0.002951924261759191
-17.0	0.002951236026249376
-16.5	0.002950509989366609
-16.0	0.0029497459587583936
-15.5	0.0029489443983580304
-15.0	0.002948106652096259
-14.5	0.0029472352287180275
-14.0	0.0029463341632188903
-13.5	0.002945409474173226
-13.0	0.002944469740845157
-12.5	0.0029435268296327467
-12.0	0.002942596806307297
-11.5	0.0029417010789229065
-11.0	0.002940867826474205
-10.5	0.0029401337807155566
-10.0	0.002939546443423266
-9.5	0.0029391668392735643
-9.0	0.002939072926030507
-8.5	0.0029393638096915226
-8.0	0.0029401649437229243
-7.5	0.0029416345301279878
-7.0	0.0029439713882174127
-6.5	0.0029474246182682557
-6.0	0.0029523054674604377
-5.5	0.0029590019134014206
-5.0	0.00296799662980944
-4.5	0.002979889210330338
-4.0	0.0029954238315337217
-3.5	0.0030155239823045836
-3.0	0.0030413365453371083
-2.5	0.0030742884944599674
-2.0	0.003116160931892709
-1.5	0.003169187382961579
-1.0	0.0032361865854385386
-0.5	0.0033207450858633663
0.0	0.0034274728152795843
0.5	0.0035623671814649094
1.0	0.0037333410175171065
1.5	0.003951002076043201
2.0	0.0042298257383720115
2.5	0.004589954728421269
3.0	0.0050600205774154515
3.5	0.005681669837364329
4.0	0.006517007724822443
4.5	0.007661171574223762
5.0	0.009264185675204656
5.5	0.011570115277235218
6.0	0.014989450360615086
6.5	0.020237216003833117
7.0	0.028604503532520593
7.5	0.042505734705461755
8.0	0.06659601932225456
8.5	0.11002329269456566
9.0	0.19065746640048725
9.5	0.34142596599413416
10.0	0.6133393298234917
10.5	1.0538340528951406
11.0	1.633968157947452
11.5	2.186161826982638
12.0	2.5104210097250195
12.5	2.557973979035756
13.0	2.4217526548152564
13.5	2.2095998445601333
14.0	1.9847914407201301
14.5	1.7728985314668089
15.0	1.5809418698422297
15.5	1.4091645456618287
16.0	1.2559403073154378
16.5	1.1193603279225046
17.0	0.9976311425876621
17.5	0.8891397043599596
18.0	0.7924465962104463
18.5	0.7062687723109659
19.0	0.6294627058959698
19.5	0.5610092270030923
20.0	0.49999998527973694
