-20.0	39.53223228091014
-19.5	31.42705010957713
-19.0	24.98611565738158
-18.5	19.867440233214783
-18.0	15.79933993255838
-17.5	12.565979475806934
-17.0	9.995888885478724
-16.5	7.952841614750935
-16.0	6.328608480963393
-15.5	5.037201637379068
-15.0	4.010302153819058
-14.5	3.193627797967472
-14.0	2.5440476680752275
-13.5	2.02729009187213
-13.0	1.6161217923043194
-12.5	1.2889014105540229
-12.0	1.0284304064651035
-11.5	0.8210401875368107
-11.0	0.6558668927473178
-10.5	0.524275246450896
-10.0	0.4194008322354074
-9.5	0.3357864394646366
-9.0	0.26909314186791955
-8.5	0.21587074455119917
-8.0	0.17337539493982657
-7.5	0.13942466263745323
-7.0	0.11228238660084729
-6.5	0.09056717151501437
-6.0	0.07317967312047044
-5.5	0.05924481144865873
-5.0	0.04806584466456157
-4.5	0.03908786674673766
-4.0	0.031868793118825275
-3.5	0.026056296246340607
-3.0	0.021369469304420755
-2.5	0.01758424713218949
-2.0	0.014521813180487342
-1.5	0.012039379649634963
-1.0	0.010022853936803069
-0.5	0.008381004569188097
0.0	0.00704081931294642
0.5	0.005943811346579395
1.0	0.005043079627098259
1.5	0.004300969517634894
2.0	0.003687211487870134
2.5	0.0031774408961321456
3.0	0.0027520218041597396
3.5	0.0023951134646917754
4.0	0.002093930343921448
4.5	0.0018381559399265506
5.0	0.0016194778208160354
5.5	0.0014312168325013573
6.0	0.0012680279627470354
6.5	0.0011256545332685541
7.0	0.0010007216974683578
7.5	8.905597463394502e-4
8.0	7.930520798467248e-4
8.5	7.065061371313114e-4
9.0	6.295473827838055e-4
9.5	5.610364009416788e-4
10.0	5.000077443061343e-4
10.5	4.4562740103521717e-4
11.0	3.9716453119906155e-4
11.5	3.5397296484258824e-4
12.0	3.1547868257687697e-4
12.5	2.811706637623802e-4
13.0	2.505936169153553e-4
13.5	2.2334179608236114e-4
14.0	1.9905358527711674e-4
14.5	1.7740669461679712e-4
15.0	1.5811388300841948e-4
15.5	1.409191465632225e-4
16.0	1.2559432157547917e-4
16.5	1.119360569284177e-4
17.0	9.976311574844363e-5
17.5	8.891397050194613e-5
18.0	7.924465962305578e-5
18.5	7.062687723113888e-5
19.0	6.294627058970833e-5
19.5	5.610092271509821e-5
20.0	5.000000000000044e-5
