-20.0	12.315560631746028
-19.5	10.806783792950304
-19.0	9.473680118435482
-18.5	8.296475363060203
-18.0	7.257582034238179
-17.5	6.341359499244402
-17.0	5.533900296156572
-16.5	4.822839792568944
-16.0	4.197186647192041
-15.5	3.647171806577351
-15.0	3.1641140162233046
-14.5	2.7403000454092212
-14.0	2.368878021292724
-13.5	2.0437624426279184
-13.0	1.7595495992776862
-12.5	1.5114422625476527
-12.0	1.2951826351284275
-11.5	1.1069926597184787
-11.0	0.9435208837060829
-10.5	0.8017951648653467
-10.0	0.679180581104703
-9.5	0.5733419768606511
-9.0	0.48221064071471365
-8.5	0.4039546640399552
-8.0	0.3369525796608644
-7.5	0.2797699233213374
-7.0	0.23113839972951564
-6.5	0.18993736962419586
-6.0	0.15517740511358313
-5.5	0.12598568789259856
-5.0	0.10159304916221149
-4.5	0.08132247150791545
-4.0	0.06457889189077466
-3.5	0.0508401615080403
-3.0	0.039649032855443814
-2.5	0.030606057027625023
-2.0	0.023363285393990792
-1.5	0.017618679446974914
-1.0	0.01311114110859931
-0.5	0.009616083309629027
0.0	0.0069414675332982335
0.5	0.0049242415217729376
1.0	0.0034271168102504063
1.5	0.0023356325073650686
2.0	0.0015554590810886336
2.5	0.0010099040320067014
3.0	6.375903161421785e-4
3.5	3.902880816232215e-4
4.0	2.3089026877374846e-4
4.5	1.3153218967649588e-4
5.0	7.186338726712719e-5
5.5	3.748574525603932e-5
6.0	1.8573993887180574e-5
6.5	8.692759690058505e-6
7.0	3.818187819139923e-6
7.5	1.5627959580752297e-6
8.0	5.913069132201566e-7
8.5	2.0496734465074496e-7
9.0	6.443694480540933e-8
9.5	1.8165362344828003e-8
10.0	4.534071883746691e-9
10.5	9.87793032756493e-10
11.0	1.8466635207609028e-10
11.5	2.915018834313877e-11
12.0	3.806212252301787e-12
12.5	4.01606640006885e-13
13.0	3.3378910782068995e-14
13.5	2.123709940358855e-15
14.0	1.0016772161044043e-16
14.5	3.3783312438573594e-18
15.0	7.8236708785839e-20
15.5	1.1887614538984084e-21
16.0	1.1206053937451257e-23
16.5	5.890074322258603e-26
17.0	4.1464501330679433e-29
17.5	3.594247499413235e-29
18.0	2.1742978700154138e-29
18.5	5.965760595733902e-30
19.0	3.0814879110195774e-31
19.5	1.9721522630525295e-31
20.0	3.462359816821597e-29
