-20.0	7.826616999144429
-19.5	6.627578727144831
-19.0	5.603408473361195
-18.5	4.730069234384806
-18.0	3.986608113306671
-17.5	3.354789463990899
-17.0	2.8187686499533693
-16.5	2.3648021013934053
-16.0	1.9809898251664904
-15.5	1.6570469383501552
-15.0	1.3841011630905515
-14.5	1.1545135442271042
-14.0	0.9617199372123779
-13.5	0.8000910666753516
-13.0	0.6648091799493049
-12.5	0.5517595187231196
-12.0	0.4574350090832949
-11.5	0.3788527284363019
-11.0	0.313480849742223
-10.5	0.2591748912541976
-10.0	0.21412221541990606
-9.5	0.17679382528859108
-9.0	0.14590260195991828
-8.5	0.12036721337617035
-8.0	0.09928100396290661
-7.5	0.08188524698518473
-7.0	0.06754620759646848
-6.5	0.05573552491353326
-6.0	0.04601347647312558
-5.5	0.038014738483051834
-5.0	0.03143630070149543
-4.5	0.02602723586665763
-4.0	0.021580060640350365
-3.5	0.017923458298381285
-3.0	0.014916163164603874
-2.5	0.012441833305382339
-2.0	0.010404761532879142
-1.5	0.008726295559177722
-1.0	0.007341856441679895
-0.5	0.006198460498207126
0.0	0.005252663871789579
0.5	0.004468861101719727
1.0	0.0038178796056113065
1.5	0.0032758210753784773
2.0	0.0028231085959052357
2.5	0.00244370494266188
3.0	0.002124473113075547
3.5	0.0018546547850541667
4.0	0.0016254461550586814
4.5	0.0014296535814149608
5.0	0.0012614137858776822
5.5	0.0011159652593057275
6.0	9.894592606607409e-4
6.5	8.788006943562573e-4
7.0	7.815114025031635e-4
7.5	6.956109806312354e-4
8.0	6.195127784783998e-4
8.5	5.519347343637694e-4
9.0	4.9182562284268e-4
9.5	4.383070344608793e-4
10.0	3.90630293951563e-4
10.5	3.481462183894628e-4
11.0	3.102847494588088e-4
11.5	2.765413714158405e-4
12.0	2.4646771965327393e-4
12.5	2.1966458092918822e-4
13.0	1.9577626320221503e-4
13.5	1.744857781881501e-4
14.0	1.5551061349766324e-4
14.5	1.3859898016937208e-4
15.0	1.2352647110032818e-4
15.5	1.1009308325251716e-4
16.0	9.812056373084413e-5
16.5	8.745004447532594e-5
17.0	7.79399341784724e-5
17.5	6.946403945464535e-5
18.0	6.19098903305126e-5
18.5	5.517724783682658e-5
19.0	4.917677389820948e-5
19.5	4.382884587117039e-5
20.0	3.906250000000047e-5
