-20.0	1.2420916416675956
-19.5	1.0123463806237538
-19.0	0.8242572803142606
-18.5	0.6704641545864316
-18.0	0.5448650780007356
-17.5	0.4424102079770623
-17.0	0.35892756406340376
-16.5	0.2909761712949155
-16.0	0.23572256689650936
-15.5	0.19083719750239944
-15.0	0.15440770267301107
-14.5	0.12486649474048804
-14.0	0.10093040961572369
-13.5	0.0815505227895726
-13.0	0.06587050372784667
-12.5	0.05319212437373464
-12.0	0.042946747444821715
-11.5	0.03467180131055828
-11.0	0.027991403828963736
-10.5	0.022600430715205726
-10.0	0.018251437625250652
-9.5	0.014743941712768808
-9.0	0.011915650240186699
-8.5	0.009635292928353937
-8.0	0.007796772912827255
-7.5	0.0063144000211473525
-7.0	0.005119010978249059
-6.5	0.00415481528969039
-6.0	0.003376833986534503
-5.5	0.0027488220377413033
-5.0	0.002241584814893098
-4.5	0.001831615185907985
-4.0	0.001499991176836101
-3.5	0.0012314851462724827
-3.0	0.0010138444637627785
-2.5	8.372111070700192e-4
-2.0	6.936536741752851e-4
-1.5	5.767902792463317e-4
-1.0	4.814848632036904e-4
-0.5	4.036027616006401e-4
0.0	3.3981407016237257e-4
0.5	2.874355429625945e-4
1.0	2.443035416841234e-4
1.5	2.0867200202482112e-4
2.0	1.7913055641881809e-4
2.5	1.5453890036062415e-4
3.0	1.339742522459082e-4
3.5	1.1668936508403835e-4
4.0	1.020790278593478e-4
4.5	8.965336632632632e-5
5.0	7.901653882183419e-5
5.5	6.984964581511307e-5
6.0	6.189685932628993e-5
6.5	5.495395723684096e-5
7.0	4.885863773627537e-5
7.5	4.3482193289542054e-5
8.0	3.872232167876767e-5
8.5	3.449700769870756e-5
9.0	3.073948908068652e-5
9.5	2.7394314049357353e-5
10.0	2.441442882294121e-5
10.5	2.1759147493214e-5
11.0	1.9392798741519882e-5
11.5	1.7283836058829884e-5
12.0	1.5404232530357477e-5
12.5	1.3729036314406841e-5
13.0	1.223601645074135e-5
13.5	1.090536113681856e-5
14.0	9.719413343608354e-6
14.5	8.662436260585751e-6
15.0	7.720404443770474e-6
15.5	6.880817703282341e-6
16.0	6.132535233177688e-6
16.5	5.465627779707891e-6
17.0	4.871245886154471e-6
17.5	4.341502465915337e-6
18.0	3.869368145657019e-6
18.5	3.4485779898017e-6
19.0	3.0735483686381013e-6
19.5	2.739302866948153e-6
20.0	2.4414062500000195e-6
