-20.0	0.7019997915008369
-19.5	0.6267252174155485
-19.0	0.5596350707181289
-18.5	0.49983910890398175
-18.0	0.44654387963528935
-17.5	0.3990421923057207
-17.0	0.35670373429547
-16.5	0.3189667074122431
-16.0	0.28533037355429486
-15.5	0.2553484106995999
-15.0	0.22862299108348239
-14.5	0.20479950301440736
-14.0	0.18356184632596814
-13.5	0.16462823908286664
-13.0	0.14774747995315055
-12.5	0.13269561671711044
-12.0	0.11927297678771773
-11.5	0.10730152043741281
-11.0	0.09662248173035146
-10.5	0.08709426599877623
-10.0	0.0785905761351153
-9.5	0.07099874303823306
-9.0	0.06421823829540166
-8.5	0.05815934963716507
-8.0	0.05274200189921507
-7.5	0.04789470819467503
-7.0	0.043553637759670576
-6.5	0.039661788506861445
-6.0	0.0361682537168527
-5.5	0.03302757352855038
-5.0	0.03019916295483173
-4.5	0.027646809055226623
-4.0	0.025338230632543902
-3.5	0.023244694373777276
-3.0	0.021340681723174305
-2.5	0.0196036009331305
-2.0	0.018013538693532023
-1.5	0.01655304548622973
-1.0	0.015206948387518342
-0.5	0.013962184496103845
0.0	0.01280764760976736
0.5	0.01173404035523502
1.0	0.010733723895620148
1.5	0.0098005578366414
2.0	0.00892972427500512
2.5	0.008117532260000178
3.0	0.007361202332667996
3.5	0.006658635120523169
4.0	0.006008172726901303
4.5	0.005408366096770271
5.0	0.00485776467644524
5.5	0.004354745393847005
6.0	0.0038973955481121127
6.5	0.0034834583702709728
7.0	0.0031103415953767513
7.5	0.002775180046796797
8.0	0.0024749352552768692
8.5	0.0022065107541824796
9.0	0.0019668621581820454
9.5	0.0017530861803232408
10.0	0.0015624805478311795
10.5	0.0013925746986642572
11.0	0.0012411363645554348
11.5	0.0011061649095514894
12.0	9.858707834853788e-4
12.5	8.786583113979136e-4
13.0	7.83105051580725e-4
13.5	6.97943112653648e-4
14.0	6.220424539873821e-4
14.5	5.54395920678478e-4
15.0	4.941058844020645e-4
15.5	4.403723330101382e-4
16.0	3.924822549237258e-4
16.5	3.49800177901741e-4
17.0	3.1175973671414194e-4
17.5	2.77856157818902e-4
18.0	2.476395613222092e-4
18.5	2.207089913473185e-4
19.0	1.9670709559285997e-4
19.5	1.7531538348445133e-4
20.0	1.5625000000003397e-4
