-20.0	322.68067158049496
-19.5	287.4531606297472
-19.0	256.03144898844425
-18.5	228.00034273818153
-18.0	202.98977436054187
-17.5	180.66990800056703
-17.0	160.7467812831163
-16.5	142.95842630660658
-16.0	127.07141882175507
-15.5	112.87781029795535
-15.0	100.19240257912288
-14.5	88.85032925614925
-14.0	78.70491166688286
-13.5	69.62576062708155
-13.0	61.49709753868156
-12.5	54.216270398583
-12.0	47.69244137180008
-11.5	41.845422986336786
-11.0	36.60463968044112
-10.5	31.908190524670307
-10.0	27.701987778093812
-9.5	23.938945101208514
-9.0	20.578189609385284
-8.5	17.584274635439872
-8.0	14.926376276110334
-7.5	12.577467391895233
-7.0	10.513477697506916
-6.5	8.712466402712158
-6.0	7.153851178208124
-5.5	5.817749126644936
-5.0	4.684486747448199
-4.5	3.7343231554133918
-4.0	2.947404449461983
-3.5	2.303932347974763
-3.0	1.7844959769138506
-2.5	1.3704916714027031
-2.0	1.0445484200969395
-1.5	0.7908871236419248
-1.0	0.595565490723689
-0.5	0.446589206224953
0.0	0.3338960630266682
0.5	0.24923779452621675
1.0	0.1859927235302607
1.5	0.13894237757008726
2.0	0.10403979290146974
2.5	0.07818939688401569
3.0	0.05905048344177855
3.5	0.04486975788515479
4.0	0.0343437372339976
4.5	0.02650888351647346
5.0	0.020655866044223235
5.5	0.01626386478644103
6.0	0.01295095567066967
6.5	0.010437067096428365
7.0	0.008516568241462437
7.5	0.007038125970344795
8.0	0.005889986946446458
8.5	0.004989279466299524
9.0	0.004274280360123926
9.5	0.0036988607479404227
10.0	0.0032285201157365114
10.5	0.002837554918148532
11.0	0.00250700497014684
11.5	0.002223101398748401
12.0	0.001976022366814223
12.5	0.0017588501154457306
13.0	0.0015666986812773766
13.5	0.0013960226463402543
14.0	0.0012441177497845121
14.5	0.001108798534950152
15.0	9.882129004906385e-4
15.5	8.807448211549123e-4
16.0	7.849645266534351e-4
16.5	6.99600357200797e-4
17.0	6.235194735142702e-4
17.5	5.557123156410007e-4
18.0	4.952791226442185e-4
18.5	4.414179826946154e-4
19.0	3.934141911856758e-4
19.5	3.506307669693634e-4
20.0	3.1250000000000423e-4
