-20.0	1.4039995830016658
-19.5	1.2534504348310955
-19.0	1.1192701414362587
-18.5	0.9996782178079573
-18.0	0.893087759270577
-17.5	0.7980843846114383
-17.0	0.713407468590939
-16.5	0.6379334148244827
-16.0	0.5706607471085853
-15.5	0.5106968213991989
-15.0	0.4572459821669641
-14.5	0.4095990060288141
-14.0	0.36712369265193645
-13.5	0.32925647816573483
-13.0	0.29549495990630176
-12.5	0.2653912334342219
-12.0	0.238545953575436
-11.5	0.21460304087482324
-11.0	0.1932449634607032
-10.5	0.17418853199755271
-10.0	0.15718115227022955
-9.5	0.14199748607646656
-9.0	0.12843647659080404
-8.5	0.11631869927432865
-8.0	0.10548400379842945
-7.5	0.09578941638934953
-7.0	0.08710727551934128
-6.5	0.07932357701372261
-6.0	0.07233650743370651
-5.5	0.06605514705710105
-5.0	0.06039832590966246
-4.5	0.05529361811045469
-4.0	0.050676461265086896
-3.5	0.04648938874755494
-3.0	0.04268136344634924
-2.5	0.03920720186626222
-2.0	0.03602707738706215
-1.5	0.03310609097245824
-1.0	0.03041389677503798
-0.5	0.027924368992208227
0.0	0.02561529521953526
0.5	0.02346808071046891
1.0	0.021467447791243273
1.5	0.019601115673283473
2.0	0.01785944855000828
2.5	0.016235064519999877
3.0	0.01472240466533704
3.5	0.01331727024104263
4.0	0.012016345453807331
4.5	0.010816732193541885
5.0	0.009715529352896176
5.5	0.00870949078769792
6.0	0.007794791096227695
6.5	0.006966916740532196
7.0	0.006220683190763248
7.5	0.005550360093607222
8.0	0.004949870510546206
8.5	0.004413021508367214
9.0	0.003933724316341997
9.5	0.003506172360634203
10.0	0.003124961095649241
10.5	0.002785149397325125
11.0	0.0024822727208222116
11.5	0.002212329817686532
12.0	0.0019717415667701785
12.5	0.0017573166227726061
13.0	0.0015662101031631917
13.5	0.0013958862253071747
14.0	0.0012440849079755067
14.5	0.0011087918413566662
15.0	9.882117688038029e-4
15.5	8.807446660206459e-4
16.0	7.849645098476146e-4
16.5	6.996003558034855e-4
17.0	6.235194734286829e-4
17.5	5.557123156378022e-4
18.0	4.952791226444948e-4
18.5	4.4141798269491453e-4
19.0	3.934141911856488e-4
19.5	3.5063076696953757e-4
20.0	3.1250000000082774e-4
