-20.0	43.3762986656583
-19.5	38.06344169307082
-19.0	33.36911689589821
-18.5	29.22370416907213
-18.0	25.56528222219156
-17.5	22.338784009056127
-17.0	19.495244409594957
-16.5	16.991130109881563
-16.0	14.787742720740768
-15.5	12.850687151119285
-15.0	11.149398121984087
-14.5	9.656718481413042
-14.0	8.348523672206392
-13.5	7.203387318835595
-13.0	6.202283449103287
-12.5	5.328321354740177
-12.0	4.566509530861736
-11.5	3.9035455224974056
-11.0	3.327628852451733
-10.5	2.8282945131479362
-10.0	2.3962647799431833
-9.5	2.0233173483076277
-9.0	1.7021680154793024
-8.5	1.4263663216313593
-8.0	1.1902027387537948
-7.5	0.9886261496561465
-7.0	0.8171704967373409
-6.5	0.671889602241701
-6.0	0.5492992701915024
-5.5	0.4463258764690052
-5.0	0.3602607388253149
-4.5	0.28871963403136347
-4.0	0.22960689591722994
-3.5	0.18108358654129594
-3.0	0.14153928400204122
-2.5	0.10956707518720218
-2.0	0.08394138080213369
-1.5	0.0635982740637569
-1.0	0.047617984301897925
-0.5	0.03520930323501762
0.0	0.025695635861577006
0.5	0.018502460792105806
1.0	0.013145987579368575
1.5	0.00922282233092556
2.0	0.006400478643610791
2.5	0.004408599426365525
3.0	0.003030786719669618
3.5	0.0020969706758902254
4.0	0.0014762839727356172
4.5	0.0010704416004838062
5.0	8.076547992464217e-4
5.5	6.371280400683133e-4
6.0	5.241957855888894e-4
6.5	4.461490478671543e-4
7.0	3.887805573197782e-4
7.5	3.436447146880403e-4
8.0	3.059903486778713e-4
8.5	2.7328835296915207e-4
9.0	2.442500193069314e-4
9.5	2.1822036361384762e-4
10.0	1.9483496070188345e-4
10.5	1.7384557087271236e-4
11.0	1.5504316903292042e-4
11.5	1.3823113739540094e-4
12.0	1.2321955480270957e-4
12.5	1.0982764204277556e-4
13.0	9.78867911079389e-5
13.5	8.724255084926525e-5
14.0	7.775523325598656e-5
14.5	6.929947657986459e-5
15.0	6.176323349349195e-5
15.5	5.504654137252906e-5
16.0	4.906028184076272e-5
16.5	4.372502223587324e-5
17.0	3.896996708919678e-5
17.5	3.47320197273634e-5
18.0	3.095494516528434e-5
18.5	2.7588623918435085e-5
19.0	2.4588386949102943e-5
19.5	2.1914422935599026e-5
20.0	1.953125000005775e-5
