-20.0	13.851056131710715
-19.5	11.481078087682658
-19.0	9.50293111130549
-18.5	7.854592364890658
-18.0	6.483332318445309
-17.5	5.344415992709728
-17.0	4.39997018827666
-16.5	3.6179977814484143
-16.0	2.971522048625985
-15.5	2.4378456922246925
-15.0	1.9979108013292934
-14.5	1.6357474044241669
-14.0	1.3379995725389175
-13.5	1.0935192192102683
-13.0	0.8930188277302253
-12.5	0.7287753236522138
-12.0	0.594378208200887
-11.5	0.4845158819176552
-11.0	0.3947948232367405
-10.5	0.3215869488566452
-10.0	0.2619010768550297
-9.5	0.213274944365918
-9.0	0.17368470407859674
-8.5	0.14146924251297413
-8.0	0.11526703251831054
-7.5	0.09396355714114077
-7.0	0.07664762614421594
-6.5	0.0625751540727839
-6.0	0.051139183672404304
-5.5	0.04184512424290436
-5.0	0.03429033449214699
-4.5	0.028147316696095173
-4.0	0.023149906281118234
-3.5	0.019081940863386663
-3.0	0.01576797759896214
-2.5	0.013065699464987183
-2.0	0.010859711627245706
-1.5	0.009056479959411433
-1.0	0.007580206474890612
-0.5	0.006369472144756974
0.0	0.005374507373401611
0.5	0.004554975209234883
1.0	0.0038781729714345878
1.5	0.0033175750467003807
2.0	0.0028516537163413365
2.5	0.0024629264803394018
3.0	0.0021371878306062123
3.5	0.001862891096320681
4.0	0.0016306520930313502
4.5	0.001432851085213038
5.0	0.0012633132698603403
5.5	0.0011170509123496655
6.0	9.900527861845098e-4
6.5	8.791090680676476e-4
7.0	7.816625923876317e-4
7.5	6.956803860360631e-4
8.0	6.195423568703936e-4
8.5	5.519463268162819e-4
9.0	4.918297577952294e-4
9.5	4.383083613452872e-4
10.0	3.9063067209509295e-4
10.5	3.4814631272409344e-4
11.0	3.1028476972869715e-4
11.5	2.765413750998284e-4
12.0	2.4646772020819077e-4
12.5	2.1966458099690293e-4
13.0	1.9577626320874483e-4
13.5	1.7448577818863066e-4
14.0	1.5551061349769062e-4
14.5	1.3859898016937346e-4
15.0	1.2352647110032837e-4
15.5	1.1009308325251726e-4
16.0	9.812056373084425e-5
16.5	8.745004447532602e-5
17.0	7.79399341784725e-5
17.5	6.94640394546454e-5
18.0	6.190989033051265e-5
18.5	5.5177247836826627e-5
19.0	4.917677389820948e-5
19.5	4.3828845871170424e-5
20.0	3.906250000000053e-5
