-20.0	110.80844905368572
-19.5	91.84862470146126
-19.0	76.02344889044392
-18.5	62.83673891912527
-18.0	51.86665854756247
-17.5	42.75532794167783
-17.0	35.19976150621328
-16.5	28.943982251587315
-16.0	23.77217638900788
-15.5	19.50276553779754
-15.0	15.983286410634348
-14.5	13.085979235393335
-14.0	10.70399658031134
-13.5	8.748153753682146
-13.0	7.144150621841803
-12.5	5.83020258921771
-12.0	4.755025665607096
-11.5	3.8761270553412417
-11.0	3.158358585893924
-10.5	2.5726955908531615
-10.0	2.095208614840238
-9.5	1.706199554927344
-9.0	1.3894776326287739
-8.5	1.131753940103793
-8.0	0.9221362601464843
-7.5	0.7517084571291262
-7.0	0.6131810091537275
-6.5	0.5006012325822712
-6.0	0.40911346937923443
-5.5	0.3347609939432349
-5.0	0.2743226759371759
-4.5	0.22517853356876139
-4.0	0.18519925024894587
-3.5	0.1526555269070933
-3.0	0.12614382079169711
-2.5	0.10452559571989746
-2.0	0.08687769301796565
-1.5	0.07245183967529147
-1.0	0.060641651799124896
-0.5	0.05095577715805579
0.0	0.042996058987212885
0.5	0.036439801673879064
1.0	0.031025383771476702
1.5	0.026540600373603045
2.0	0.022813229730730692
2.5	0.019703411842715214
3.0	0.0170975026448497
3.5	0.014903128770565448
4.0	0.013045216744250802
4.5	0.011462808681704304
5.0	0.010106506158882722
5.5	0.008936407298797324
6.0	0.007920422289476078
6.5	0.007032872544541181
7.0	0.006253300739101054
7.5	0.005565443088288505
8.0	0.004956338854963149
8.5	0.004415570614530255
9.0	0.003934638062361835
9.5	0.0035064668907622974
10.0	0.0031250453767607436
10.5	0.0027851705017927476
11.0	0.002482278157829577
11.5	0.0022123310007986273
12.0	0.001971741761665526
12.5	0.0017573166479752235
13.0	0.0015662101056699586
13.5	0.0013958862255090453
14.0	0.001244084907981525
14.5	0.0011087918413549877
15.0	9.88211768802627e-4
15.5	8.807446660201381e-4
16.0	7.84964509846754e-4
16.5	6.996003558026082e-4
17.0	6.2351947342778e-4
17.5	5.557123156371632e-4
18.0	4.952791226441012e-4
18.5	4.41417982694613e-4
19.0	3.934141911856758e-4
19.5	3.506307669693634e-4
20.0	3.1250000000000423e-4
