-20.0	17.078484976636084
-19.5	15.224604180578707
-19.0	13.572237758627807
-18.5	12.099465539363443
-18.0	10.786750808865904
-17.5	9.616681094188374
-17.0	8.573737136396877
-16.5	7.644086987896714
-16.0	6.815402502195235
-15.5	6.076695781527352
-15.0	5.418173412601332
-14.5	4.831106556956278
-14.0	4.307715172886246
-13.5	3.841064833585076
-13.0	3.424974773474829
-12.5	3.0539359439115517
-12.0	2.723037992509216
-11.5	2.427904198998163
-11.0	2.164633506401507
-10.5	1.9297488807380512
-10.0	1.7201513166771976
-9.5	1.5330788816538123
-9.0	1.3660702578202635
-8.5	1.2169323006375747
-8.0	1.083711185558382
-7.5	0.9646667606119869
-7.0	0.8582497631502916
-6.5	0.7630815937856003
-6.0	0.6779363697981738
-5.5	0.6017250040812323
-5.0	0.533481074147459
-4.5	0.4723482590995766
-4.0	0.4175691313920983
-3.5	0.3684750958783711
-3.0	0.32447727307864693
-2.5	0.28505812986699836
-2.0	0.2497636728827429
-1.5	0.21819604254784242
-1.0	0.19000638287670918
-0.5	0.16488791670872877
0.0	0.142569226242655
0.5	0.12280781806817183
1.0	0.10538412760324874
1.5	0.09009617288463631
2.0	0.07675508462027057
2.5	0.06518170645322376
3.0	0.055204375966366105
3.5	0.046657876707452535
4.0	0.03938342010811527
4.5	0.03322940415890406
5.0	0.028052628893090927
5.5	0.023719640019473794
6.0	0.020107918279346444
6.5	0.01710671678643854
7.0	0.014617448742371347
7.5	0.012553621483364285
8.0	0.01084038400638439
8.5	0.009413796048536219
9.0	0.008219936396218062
9.5	0.0072139502748260085
10.0	0.0063590983782104114
10.5	0.005625825769821954
11.0	0.004990833946756716
11.5	0.004436129737121711
12.0	0.003948045853779317
12.5	0.0035162684718931833
13.0	0.003132941299405727
13.5	0.0027919179614115555
14.0	0.0024882048468852715
14.5	0.0022175908225292606
15.0	0.001976424744738617
15.5	0.0017614894975173491
16.0	0.0015699290376206205
16.5	0.0013992007130966082
17.0	0.001247038946947805
17.5	0.0011114246312784134
18.0	9.905582452883214e-4
18.5	8.828359653892239e-4
19.0	7.86828382371352e-4
19.5	7.012615339387231e-4
20.0	6.250000000000019e-4
