-20.0	0.008622418449514216
-19.5	0.007687424691790587
-19.0	0.006854107459402874
-18.5	0.006111409143853124
-18.0	0.0054494745958691805
-17.5	0.004859520353880185
-17.0	0.004333718093221811
-16.5	0.003865090749528777
-16.0	0.0034474199379618217
-15.5	0.003075163439810311
-15.0	0.002743381661607027
-14.5	0.002447672090962671
-14.0	0.0021841108794462645
-13.5	0.0019492007774311588
-13.0	0.0017398247301211496
-12.5	0.0015532045191219942
-12.0	0.0013868639008937068
-11.5	0.001238595753122267
-11.0	0.0011064327932746578
-10.5	9.886214810340714e-4
-10.0	8.835987586208871e-4
-9.5	7.899713207166132e-4
-9.0	7.064971393418101e-4
-8.5	6.320689990380224e-4
-8.0	5.656998244558518e-4
-7.5	5.06509606328514e-4
-7.0	4.5371375310312843e-4
-6.5	4.066127145008151e-4
-6.0	3.6458274021573404e-4
-5.5	3.270676520727013e-4
-5.0	2.9357152138219004e-4
-4.5	2.636521551667811e-4
-4.0	2.3691530547877956e-4
-3.5	2.1300952527320086e-4
-3.0	1.9162160238692287e-4
-2.5	1.724725100735041e-4
-2.0	1.5531381840230488e-4
-1.5	1.3992451560824773e-4
-1.0	1.2610819232346623e-4
-0.5	1.1369054454307318e-4
0.0	1.025171534075419e-4
0.5	9.245150159538877e-5
1.0	8.337318765226406e-5
1.5	7.517630137232736e-5
2.0	6.776792597569371e-5
2.5	6.106673678188491e-5
3.0	5.5001671881025667e-5
3.5	4.951065835242225e-5
4.0	4.453938760781123e-5
4.5	4.004014477281231e-5
5.0	3.5970708464964614e-5
5.5	3.229334641275934e-5
6.0	2.897393736131645e-5
6.5	2.598124798930057e-5
7.0	2.328638454123934e-5
7.5	2.086242322740938e-5
8.0	1.8684203911756444e-5
8.5	1.6728252973673835e-5
9.0	1.4972788367977594e-5
9.5	1.3397756623790674e-5
10.0	1.1984858654828405e-5
10.5	1.0717536307826639e-5
11.0	9.580905688895273e-6
11.5	8.561665111890234e-6
12.0	7.647927777423982e-6
12.5	6.829089295470512e-6
13.0	6.095666545516632e-6
13.5	5.439150332916512e-6
14.0	4.851875326264811e-6
14.5	4.3269091197072214e-6
15.0	3.857961835256529e-6
15.5	3.439315510568537e-6
16.0	3.0657705593533974e-6
16.5	2.7326051491184515e-6
17.0	2.435542731107519e-6
17.5	2.1707233284774786e-6
18.0	1.934675389063563e-6
18.5	1.7242866098955787e-6
19.0	1.536773614897952e-6
19.5	1.3696513172942128e-6
20.0	1.2207031051284726e-6
