-20.0	0.6970634535816227
-19.5	0.6217953827063594
-19.0	0.5547122382285278
-18.5	0.49492386795348675
-18.0	0.4416369170051023
-17.5	0.39414430051326554
-17.0	0.3518158210584889
-16.5	0.31408980637440637
-16.0	0.280465656347167
-15.5	0.2504972004180126
-15.0	0.22378677724844567
-14.5	0.19997995809306443
-14.0	0.17876084386722146
-13.5	0.15984787351073937
-13.0	0.14299008803452262
-12.5	0.12796380068602392
-12.0	0.11456962906043361
-11.5	0.10262984978963668
-11.0	0.09198604072602294
-10.5	0.08249697935571779
-10.0	0.0740367695819811
-9.5	0.066493172055436
-9.0	0.05976611593618739
-8.5	0.05376637238917317
-8.0	0.048414372269611816
-7.5	0.0436391523817359
-7.0	0.039377416413013136
-6.5	0.035572698183424165
-6.0	0.032174616223673846
-5.5	0.029138209927849375
-5.0	0.026423348625726456
-4.5	0.02399420590729659
-4.0	0.021818792414768275
-3.5	0.019868541102607815
-3.0	0.018117939669059283
-2.5	0.016544205475888005
-2.0	0.015126998811319275
-1.5	0.013848170802154709
-1.0	0.01269154265289504
-0.5	0.011642713166548408
0.0	0.010688891688160018
0.5	0.00981875369479364
1.0	0.009022316233027943
1.5	0.008290830279729933
2.0	0.007616686893975663
2.5	0.0069933337566141455
3.0	0.006415198410764825
3.5	0.0058776143112865215
4.0	0.005376745744822845
4.5	0.004909507917874985
5.0	0.00447347917499685
5.5	0.004066803441751614
6.0	0.003688082695728197
6.5	0.003336261400701067
7.0	0.0030105072222412913
7.5	0.0027100945810363446
8.0	0.0024342991712204866
8.5	0.002182311970244209
9.0	0.0019531800713968863
9.5	0.0017457787965827502
10.0	0.001558815353839664
10.5	0.0013908596389970674
11.0	0.0012403933048216595
11.5	0.0011058694001020303
12.0	9.85763963405886e-4
12.5	8.786236043734005e-4
13.0	7.830950428574833e-4
13.5	6.979405871310046e-4
14.0	6.220419052411826e-4
14.5	5.543958198413919e-4
15.0	4.94105869044823e-4
15.5	4.4037233111554955e-4
16.0	3.924822547392449e-4
16.5	3.4980017788794216e-4
17.0	3.1175973671358857e-4
17.5	2.778561578188829e-4
18.0	2.476395613222474e-4
18.5	2.2070899134745726e-4
19.0	1.967070955928244e-4
19.5	1.7531538348476879e-4
20.0	1.5625000000041387e-4
