-20.0	7.409557654026149e-4
-19.5	7.407709455088659e-4
-19.0	7.405700856332181e-4
-18.5	7.40351615054285e-4
-18.0	7.401137935898797e-4
-17.5	7.398546919610309e-4
-17.0	7.395721697618194e-4
-16.5	7.392638507405336e-4
-16.0	7.389270950673795e-4
-15.5	7.385589682344576e-4
-15.0	7.381562062073765e-4
-14.5	7.377151764278768e-4
-14.0	7.372318342587742e-4
-13.5	7.367016744731512e-4
-13.0	7.36119677429539e-4
-12.5	7.354802496574411e-4
-12.0	7.347771587215279e-4
-11.5	7.340034624622041e-4
-11.0	7.331514330559326e-4
-10.5	7.322124768390247e-4
-10.0	7.311770515398588e-4
-9.5	7.300345835203907e-4
-9.0	7.287733888977965e-4
-8.5	7.273806040622298e-4
-8.0	7.258421331834916e-4
-7.5	7.241426228495137e-4
-7.0	7.222654770164364e-4
-6.5	7.201929289422268e-4
-6.0	7.179061906276702e-4
-5.5	7.153857043255044e-4
-5.0	7.126115246354679e-4
-4.5	7.095638632331e-4
-4.0	7.062238309841532e-4
-3.5	7.025744136885234e-4
-3.0	6.986017177065368e-4
-2.5	6.942965202255619e-4
-2.0	6.896561563023696e-4
-1.5	6.846867719656483e-4
-1.0	6.794059710608854e-4
-0.5	6.738458851668603e-4
0.0	6.680567031593855e-4
0.5	6.621107123168409e-4
1.0	6.561069287467724e-4
1.5	6.501764341923244e-4
2.0	6.444885932400479e-4
2.5	6.392584076471325e-4
3.0	6.347553884597735e-4
3.5	6.313145198938415e-4
4.0	6.293501985439826e-4
4.5	6.293745308971387e-4
5.0	6.320221722927756e-4
5.5	6.380851589017435e-4
6.0	6.485631836054856e-4
6.5	6.6473793317097e-4
7.0	6.882852031261495e-4
7.5	7.214469314765834e-4
8.0	7.672996389065017e-4
8.5	8.301809585218167e-4
9.0	9.163815269584242e-4
9.5	0.0010352944419228269
10.0	0.001201377474946002
10.5	0.0014376057306830414
11.0	0.0017817512475527058
11.5	0.002298216215509934
12.0	0.003101174455557736
12.5	0.0044015605415137216
13.0	0.00660595300079793
13.5	0.010530863178774295
14.0	0.017873561366108844
14.5	0.032224310603912724
15.0	0.061021922505425256
15.5	0.11815359706261513
16.0	0.2226942878180983
16.5	0.38126391682129634
17.0	0.5559280388690678
17.5	0.6762029234256297
18.0	0.7095309036335599
18.5	0.6795502118891694
19.0	0.6222054866548034
19.5	0.5593428381593717
20.0	0.49967968398019835
