-20.0	0.011748027532611355
-19.5	0.011594269401528372
-19.0	0.011434002520492679
-18.5	0.011267107250962532
-18.0	0.011093480755823441
-17.5	0.010913039561095142
-17.0	0.010725722267122933
-16.5	0.010531492394651036
-16.0	0.010330341345776164
-15.5	0.010122291453685867
-15.0	0.009907399088307074
-14.5	0.009685757777571618
-14.0	0.009457501296033613
-13.5	0.009222806664175767
-13.0	0.008981896993104982
-12.5	0.00873504410070904
-12.0	0.008482570817048962
-11.5	0.008224852889184236
-11.0	0.007962320389252726
-10.5	0.007695458525000107
-10.0	0.0074248077496971935
-9.5	0.007150963069176183
-9.0	0.00687457244826484
-8.5	0.006596334227903806
-8.0	0.006316993478354479
-7.5	0.006037337233683649
-7.0	0.005758188578516966
-6.5	0.005480399589986827
-6.0	0.005204843175623843
-5.5	0.004932403890977193
-5.0	0.004663967867814407
-4.5	0.004400412033089049
-4.0	0.004142592848129336
-3.5	0.0038913348437713603
-3.0	0.003647419267030865
-2.5	0.003411573184644001
-2.0	0.003184459404588088
-1.5	0.0029666675749402804
-1.0	0.0027587067972150176
-0.5	0.0025610000468294977
0.0	0.0023738806263826503
0.5	0.0021975907898901426
1.0	0.002032282572347784
1.5	0.0018780207459684903
2.0	0.00173478771153624
2.5	0.0016024900315838458
3.0	0.0014809662327442208
3.5	0.001369995456731555
4.0	0.0012693065269187948
4.5	0.0011785870159418358
5.0	0.0010974919337407687
5.5	0.00102565167768537
6.0	9.626788597297759e-4
6.5	9.081735075697822e-4
7.0	8.617258872237808e-4
7.5	8.229157841746835e-4
8.0	7.913065049507494e-4
8.5	7.664311689702896e-4
9.0	7.477682115697569e-4
9.5	7.347027982531022e-4
10.0	7.2647183790519e-4
10.5	7.220938114983016e-4
11.0	7.202924743926299e-4
11.5	7.194369260216769e-4
12.0	7.175379075038938e-4
12.5	7.123530023838008e-4
13.0	7.016442221550643e-4
13.5	6.835810586773035e-4
14.0	6.571921812996152e-4
14.5	6.226867008481958e-4
15.0	5.814700377326796e-4
15.5	5.358069295707021e-4
16.0	4.882644007635427e-4
16.5	4.411674101394909e-4
17.0	3.962533921541801e-4
17.5	3.545777268847816e-4
18.0	3.166067989662838e-4
18.5	2.823941204334568e-4
19.0	2.517549519454386e-4
19.5	2.243968286662297e-4
20.0	1.999986795426827e-4
