-20.0	56.01799972976482
-19.5	49.23551427191002
-19.0	43.237726243827005
-18.5	37.93657792434043
-18.0	33.25373533474538
-17.5	29.119522316797646
-17.0	25.471970998634895
-16.5	22.255975966361596
-16.0	19.42254083984193
-15.5	16.928107181864902
-15.0	14.733956766624743
-14.5	12.805679210857244
-14.0	11.112697842120546
-13.5	9.627847455003796
-13.0	8.32699829799075
-12.5	7.18872125027549
-12.0	6.193989697411837
-11.5	5.3259141044022265
-11.0	4.569505721311096
-10.5	3.9114662454300677
-10.0	3.34000061062625
-9.5	2.8446503833234567
-9.0	2.4161455196943824
-8.5	2.0462724837047777
-8.0	1.7277569438400096
-7.5	1.4541594605684516
-7.0	1.219782749331898
-6.5	1.0195892574012255
-6.0	0.8491279292495745
-5.5	0.7044691559785928
-5.0	0.5821470113494034
-4.5	0.4791079715556794
-4.0	0.3926653993269934
-3.5	0.32045914646656887
-3.0	0.26041969367288764
-2.5	0.2107363035651671
-2.0	0.16982871338123298
-1.5	0.13632193895977665
-1.0	0.10902380256027311
-0.5	0.0869048349787445
0.0	0.06908023846340944
0.5	0.05479363216395701
1.0	0.043402337099928315
1.5	0.03436399340589062
2.0	0.027224338935928898
2.5	0.021606014643200118
3.0	0.017198297386705717
3.5	0.013747693393526085
4.0	0.011049353657509147
4.5	0.008939294303833365
5.0	0.007287419019081611
5.5	0.005991346208012596
6.0	0.004971040674779851
6.5	0.004164238992002096
7.0	0.0035226408143487218
7.5	0.003008817363508017
8.0	0.002593766148167971
8.5	0.002255021543531764
9.0	0.0019752182899385167
9.5	0.0017410026847611895
10.0	0.0015421954159481753
10.5	0.0013711286575124068
11.0	0.0012221029610364976
11.5	0.00109093521522649
12.0	9.745744456406304e-4
12.5	8.707917569941924e-4
13.0	7.779313704900493e-4
13.5	6.947226301983353e-4
14.0	6.201456318713078e-4
14.5	5.533410517267112e-4
15.0	4.935540000416928e-4
15.5	4.4010207591539023e-4
16.0	3.92359169674222e-4
16.5	3.4974844296492807e-4
17.0	3.117398490110259e-4
17.5	2.778492381005025e-4
18.0	2.4763740780644236e-4
18.5	2.2070839987058707e-4
19.0	1.9670695437666306e-4
19.5	1.7531535467231221e-4
20.0	1.5624999507210535e-4
