-20.0	1.522646094369197e-4
-19.5	1.5194251526923292e-4
-19.0	1.515968012148521e-4
-18.5	1.5122560762436557e-4
-18.0	1.5082692739714149e-4
-17.5	1.503985964906364e-4
-17.0	1.499382845159394e-4
-16.5	1.4944348563854926e-4
-16.0	1.4891151006293706e-4
-15.5	1.483394764497901e-4
-15.0	1.4772430569686722e-4
-14.5	1.470627166087556e-4
-14.0	1.463512240877385e-4
-13.5	1.4558614059686232e-4
-13.0	1.4476358177555978e-4
-12.5	1.4387947722477933e-4
-12.0	1.4292958761755366e-4
-11.5	1.4190952942481355e-4
-11.0	1.4081480866463266e-4
-10.5	1.396408651719049e-4
-10.0	1.3838312892672057e-4
-9.5	1.370370899513008e-4
-9.0	1.355983831613267e-4
-8.5	1.3406288930909834e-4
-8.0	1.3242685275365802e-4
-7.5	1.3068701620973117e-4
-7.0	1.2884077184337276e-4
-6.5	1.2688632709157005e-4
-6.0	1.2482288240143067e-4
-5.5	1.226508167580947e-4
-5.0	1.2037187548397548e-4
-4.5	1.1798935347512516e-4
-4.0	1.1550826596957886e-4
-3.5	1.1293549833384053e-4
-3.0	1.1027992644757377e-4
-2.5	1.0755250029947188e-4
-2.0	1.0476628557254042e-4
-1.5	1.019364613990513e-4
-1.0	9.908027707450332e-5
-0.5	9.621697613995966e-5
0.0	9.336770250545309e-5
0.5	9.055540969111421e-5
1.0	8.780480025951369e-5
1.5	8.514232765752787e-5
2.0	8.259629683913725e-5
2.5	8.019710360829873e-5
3.0	7.797765680950365e-5
3.5	7.597403454157106e-5
4.0	7.422643893111814e-5
4.5	7.278053847549034e-5
5.0	7.168932884538298e-5
5.5	7.101571047238429e-5
6.0	7.083608514854419e-5
6.5	7.124542985775573e-5
7.0	7.236453796729274e-5
7.5	7.435046309246046e-5
8.0	7.741171712037684e-5
8.5	8.183054519782846e-5
9.0	8.799573546343125e-5
9.5	9.645102015439457e-5
10.0	1.0796615368575348e-4
10.5	1.2363966322483433e-4
11.0	1.450419691332837e-4
11.5	1.743989756621479e-4
12.0	2.1478421570021654e-4
12.5	2.702009821375828e-4
13.0	3.4524984211425507e-4
13.5	4.437939898523102e-4
14.0	5.659243840751047e-4
14.5	7.034445022969102e-4
15.0	8.369105658457024e-4
15.5	9.397948347590275e-4
16.0	9.91032228393369e-4
16.5	9.864821414461485e-4
17.0	9.384840786445462e-4
17.5	8.657856129119052e-4
18.0	7.84289542567002e-4
18.5	7.037657909666445e-4
19.0	6.287954358434329e-4
19.5	5.608569571333182e-4
20.0	4.999707724073775e-4
