-20.0	40.40163350614186
-19.5	35.583522584051444
-19.0	31.320874900417476
-18.5	27.551344174145243
-18.0	24.219467293091594
-17.5	21.275910132751214
-17.0	18.676795742902062
-16.5	16.383105927289613
-16.0	14.360148218276457
-15.5	12.577081118786479
-15.0	11.006491259640832
-14.5	9.62401681152303
-14.0	8.408012106822488
-13.5	7.339248975441995
-13.0	6.400650787775071
-12.5	5.577055633829784
-12.0	4.855005455883392
-11.5	4.2225582980490595
-11.0	3.6691211445687695
-10.5	3.1853010934377006
-10.0	2.7627728569101984
-9.5	2.394160798766646
-9.0	2.0729339128480144
-8.5	1.793312320916866
-8.0	1.5501840226868493
-7.5	1.339030768956462
-7.0	1.1558620520178027
-6.5	0.997156317534818
-6.0	0.859808600348524
-5.5	0.7410838744572465
-5.0	0.6385754858845506
-4.5	0.5501681072913613
-4.0	0.47400471590834375
-3.5	0.4084571524417216
-3.0	0.3520998687402071
-2.5	0.30368651681457254
-2.0	0.2621290718217008
-1.5	0.22647921734968077
-1.0	0.1959117531996536
-0.5	0.16970981423861298
0.0	0.14725171412231366
0.5	0.12799925001841048
1.0	0.11148732407192649
1.5	0.09731475430371421
2.0	0.08513616183590288
2.5	0.07465483256686155
3.0	0.06561645933925621
3.5	0.05780367497388448
4.0	0.05103128731296041
4.5	0.045142125359712314
5.0	0.040003402579680616
5.5	0.03550350254327583
6.0	0.03154909727649257
6.5	0.028062523357020173
7.0	0.02497936587767276
7.5	0.022246232519513916
8.0	0.019818731283223836
8.5	0.017659685994160935
9.0	0.015737626055116978
9.5	0.014025570344990761
10.0	0.012500096803261251
10.5	0.011140660876239479
11.0	0.009929108090864665
11.5	0.008849323177981261
12.0	0.007886966922360725
12.5	0.0070292665767327945
13.0	0.006264840421217168
13.5	0.00558354490192853
14.0	0.004976339631919971
14.5	0.0044351673654196445
15.0	0.003952847075210463
15.5	0.0035229786640805336
16.0	0.003139858039386988
16.5	0.002798401423210414
17.0	0.002494077893711098
17.5	0.00222284926254864
18.0	0.0019811164905763927
18.5	0.0017656719307784427
19.0	0.001573656764742704
19.5	0.0014025230678774462
20.0	0.0012500000000000037
