-20.0	1.4043858557668274
-19.5	1.252949568100019
-19.0	1.1179803136891622
-18.5	0.9976871348741102
-18.0	0.8904738172041545
-17.5	0.7949177087950791
-17.0	0.7097508427968369
-16.5	0.6338431124859992
-16.0	0.5661872757394413
-15.5	0.5058855899233817
-15.0	0.45213789986907776
-14.5	0.40423102089445967
-14.0	0.3615292760183163
-13.5	0.3234660618397006
-13.0	0.28953633120890176
-12.5	0.259289892996134
-12.0	0.23232544011542805
-11.5	0.20828522664092128
-11.0	0.18685032348437344
-10.5	0.1677363897981518
-10.0	0.15068990413799022
-9.5	0.135484805547938
-9.0	0.12191950020159364
-8.5	0.109814194120691
-8.0	0.09900851685750593
-7.5	0.08935940493098429
-7.0	0.08073921729465221
-6.5	0.07303405823166229
-6.0	0.06614228585534224
-5.5	0.0599731868763083
-5.0	0.05444580049308824
-4.5	0.04948787620325064
-4.0	0.045034952018238136
-3.5	0.04102954099852446
-3.0	0.03742041522083749
-2.5	0.03416197721699719
-2.0	0.031213709601602396
-1.5	0.028539694006177993
-1.0	0.02610819058667252
-0.5	0.023891269270865642
0.0	0.021864483635436034
0.5	0.02000657792620977
1.0	0.018299217404940123
1.5	0.016726732116838318
2.0	0.015275864580225451
2.5	0.013935513044675149
3.0	0.012696464083282785
3.5	0.011551111536479535
4.0	0.010493163106718745
4.5	0.009517340879218718
5.0	0.008619087086117784
5.5	0.007794290450350261
6.0	0.007039050472523515
6.5	0.006349495921695844
7.0	0.005721669187254252
7.5	0.0051514803872226905
8.0	0.004634725554463925
8.5	0.004167154078901947
9.0	0.0037445642439264907
9.5	0.0033629039680367874
10.0	0.0030183571545416956
10.5	0.0027074031439472818
11.0	0.002426844246737477
11.5	0.0021738103241259396
12.0	0.0019457314108272854
12.5	0.0017403108105987428
13.0	0.001555486100992363
13.5	0.001389391712603617
14.0	0.001240325862130411
14.5	0.0011067235162740621
15.0	9.871363832209008e-4
15.5	8.80219862305417e-4
16.0	7.847259223739455e-4
16.5	6.995001602495294e-4
17.0	6.234809716824784e-4
17.5	5.556989214867396e-4
18.0	4.952749544372467e-4
18.5	4.414168378924013e-4
19.0	3.9341391786355297e-4
19.5	3.506307112034505e-4
20.0	3.12499990462122e-4
