-20.0	0.6405354908937497
-19.5	0.5720213335999456
-19.0	0.5109562995725174
-18.5	0.45653009610424694
-18.0	0.4080205245556438
-17.5	0.36478389742684564
-17.0	0.32624649727781396
-16.5	0.2918969641748376
-16.0	0.2612795106660387
-15.5	0.23398787427260892
-15.0	0.20965992727506566
-14.5	0.1879728723004311
-14.0	0.16863895999758266
-13.5	0.15140167202440874
-13.0	0.13603231875595756
-12.5	0.12232700663843835
-12.0	0.1101039350352672
-11.5	0.09920098680099136
-11.0	0.08947358074017417
-10.5	0.08079275760692559
-10.0	0.07304347443047866
-9.5	0.06612308474928928
-9.0	0.05993998483966645
-8.5	0.05441240826767362
-8.0	0.04946735310094219
-7.5	0.045039627918510614
-7.0	0.041071004367204275
-6.5	0.03750946545209716
-6.0	0.03430854002527297
-5.5	0.03142671506146379
-5.0	0.02882691827730436
-4.5	0.026476064466241372
-4.0	0.024344659571130182
-3.5	0.022406456986899862
-3.0	0.020638160869732587
-2.5	0.019019171301077827
-2.0	0.01753136601933416
-1.5	0.016158913082764632
-1.0	0.014888108303827847
-0.5	0.01370723064950708
0.0	0.012606408153314947
0.5	0.01157748638715623
1.0	0.010613891411915157
1.5	0.009710479619182318
2.0	0.008863368258398006
2.5	0.00806974290670893
3.0	0.007327641747466902
3.5	0.006635721120040872
4.0	0.005993011883109819
4.5	0.0053986808746329
5.0	0.004851815093048861
5.5	0.004351246969826979
6.0	0.003895436476615515
6.5	0.003482419555359863
7.0	0.003109823325968449
7.5	0.002774938508843305
8.0	0.002474830943989379
8.5	0.0022064693856676813
9.0	0.001966847244052488
9.5	0.001753081347834334
10.0	0.0015624791583926673
10.5	0.0013925743492278677
11.0	0.0012411362847697663
11.5	0.0011061648950022188
12.0	9.858707812866272e-4
12.5	8.786583111291164e-4
13.0	7.831050515576029e-4
13.5	6.979431126514432e-4
14.0	6.220424539878297e-4
14.5	5.543959206784016e-4
15.0	4.941058844019461e-4
15.5	4.403723330103468e-4
16.0	3.924822549238472e-4
16.5	3.4980017790177224e-4
17.0	3.117597367143809e-4
17.5	2.778561578189267e-4
18.0	2.476395613222747e-4
18.5	2.2070899134748068e-4
19.0	1.9670709559282355e-4
19.5	1.753153834847922e-4
20.0	1.56250000000462e-4
