-20.0	0.1025871557408881
-19.5	0.09148842655485954
-19.0	0.08159663028799755
-18.5	0.07278050885394897
-18.0	0.06492307772823089
-17.5	0.05792007363731324
-17.0	0.05167857105167109
-16.5	0.046115749124684496
-16.0	0.0411577927155866
-15.5	0.036738912914027554
-15.0	0.03280047406949974
-14.5	0.029290215742293867
-14.0	0.02616155925226241
-13.5	0.023372989624387948
-13.0	0.020887504730732014
-12.5	0.018672124320261985
-12.0	0.016697452422939837
-11.5	0.014937287322948491
-11.0	0.013368273927660237
-10.5	0.011969593921767748
-10.0	0.010722689598069768
-9.5	0.00961101770385831
-9.0	0.008619830040943294
-8.5	0.0077359779133048786
-8.0	0.006947737833798235
-7.5	0.0062446561848462185
-7.0	0.005617410780933544
-6.5	0.005057687506680435
-6.0	0.004558070406089649
-5.5	0.004111943779193947
-5.0	0.0037134050034743956
-4.5	0.003357186941871617
-4.0	0.0030385889282310507
-3.5	0.0027534154358162654
-3.0	0.002497921637244979
-2.5	0.0022687651542358045
-2.0	0.002062963375003636
-1.5	0.0018778557847796465
-1.0	0.0017110708120815226
-0.5	0.0015604967383527322
0.0	0.0014242562523047373
0.5	0.0013006842513766334
1.0	0.0011883085011728575
1.5	0.0010858327599902358
2.0	9.921219619882856e-4
2.5	9.061890311742667e-4
3.0	8.271828748228592e-4
3.5	7.543770891958329e-4
4.0	6.87158910874189e-4
4.5	6.25017977034883e-4
5.0	5.675345338217567e-4
5.5	5.14366856797614e-4
6.0	4.652378343474944e-4
6.5	4.199208961278534e-4
7.0	3.782257267966754e-4
7.5	3.399844475797493e-4
8.0	3.0503911858157425e-4
8.5	2.732314595512825e-4
9.0	2.4439556043234756e-4
9.5	2.1835404668879197e-4
10.0	1.949177164805348e-4
10.5	1.7388816829876238e-4
11.0	1.5506245086285386e-4
11.5	1.3823895541482337e-4
12.0	1.232224034499799e-4
12.5	1.0982857037905927e-4
13.0	9.788705909039995e-5
13.5	8.724261849052915e-5
14.0	7.775524795417465e-5
14.5	6.929947928081652e-5
15.0	6.176323390482525e-5
15.5	5.504654142327297e-5
16.0	4.906028184569139e-5
16.5	4.372502223623184e-5
17.0	3.896996708920215e-5
17.5	3.473201972735429e-5
18.0	3.095494516527409e-5
18.5	2.7588623918426303e-5
19.0	2.458838694910327e-5
19.5	2.1914422935590244e-5
20.0	1.95312500000397e-5
