-20.0	2.207339123075639
-19.5	1.9679807210983902
-19.0	1.7546515096071358
-18.5	1.5645207408263997
-18.0	1.3950654965425102
-17.5	1.2440372105933273
-17.0	1.1094318318647836
-16.5	0.9894632318793669
-16.0	0.8825395041182263
-15.5	0.7872418405914396
-15.0	0.7023057053713989
-14.5	0.6266040552864438
-14.0	0.5591323851382437
-13.5	0.49899539902237666
-13.0	0.4453951309110143
-12.5	0.3976203568952305
-12.0	0.35503715862878893
-11.5	0.31708051279930033
-11.0	0.2832467950783124
-10.5	0.25308709914472227
-10.0	0.2262012822069471
-9.5	0.20223265810345298
-9.0	0.18086326767150337
-8.5	0.16180966375373373
-8.0	0.14481915506069806
-7.5	0.1296664592200996
-7.0	0.11615072079440088
-6.5	0.10409285491220867
-6.0	0.09333318149522792
-5.5	0.08372931893061153
-5.0	0.07515430947384065
-4.5	0.06749495172269596
-4.0	0.06065031820256757
-3.5	0.05453043846993942
-3.0	0.049055130211052254
-2.5	0.04415296257881705
-2.0	0.03976033751099005
-1.5	0.03582067599571142
-1.0	0.032283697234807354
-0.5	0.029104779403026734
0.0	0.026244391272330726
0.5	0.023667584408419526
1.0	0.0213435360389796
1.5	0.019245133151315805
2.0	0.01734858904977759
2.5	0.015633084616162536
3.0	0.01408042800154257
3.5	0.012674728538220097
4.0	0.011402083227599676
4.5	0.010250277061839952
5.0	0.009208501367030941
5.5	0.008267096681666392
6.0	0.007417327964497011
6.5	0.006651199485260946
7.0	0.005961314442557271
7.5	0.005340780346216802
8.0	0.00478315620140965
8.5	0.004282432761260502
9.0	0.003833033822202264
9.5	0.0034298256956904125
10.0	0.0030681238156360716
10.5	0.0027436892948036196
11.0	0.00245271185635719
11.5	0.0021917862686439
12.0	0.0019578695110205394
12.5	0.001748246859640451
13.0	0.0015604906356522577
13.5	0.001392422485226627
14.0	0.0012420800835237916
14.5	0.0011076887346450487
15.0	9.876382298256714e-4
15.5	8.804647707055455e-4
16.0	7.848372631944697e-4
16.5	6.995469181743236e-4
17.0	6.234989391635248e-4
17.5	5.557051720902345e-4
18.0	4.952768996002721e-4
18.5	4.4141737213326815e-4
19.0	3.934140454138757e-4
19.5	3.5063073722731847e-4
20.0	3.12499994912889e-4
