-20.0	0.6944945516956675
-19.5	0.6190723769652076
-19.0	0.5518263259112692
-18.5	0.4918657497585779
-18.0	0.43839678601430176
-17.5	0.3907118348416942
-17.0	0.34818018169108217
-16.5	0.3102396420759994
-16.0	0.2763891180035644
-15.5	0.24618196774927334
-15.0	0.21922010150338536
-14.5	0.19514872513608067
-14.0	0.1736516629656288
-13.5	0.15444719812396004
-13.0	0.1372843759419382
-12.5	0.12193972180374259
-12.0	0.10821433015162271
-11.5	0.09593128578023082
-11.0	0.08493338221996517
-10.5	0.07508110482463128
-10.0	0.06625084809816041
-9.5	0.05833333777887671
-9.0	0.05123222825538671
-8.5	0.04486284513402461
-8.0	0.039151041530315636
-7.5	0.03403213549505428
-7.0	0.029449895832608142
-6.5	0.02535554566475264
-6.0	0.021706758841716644
-5.5	0.018466634892833532
-5.0	0.015602654040645132
-4.5	0.013085633779750003
-4.0	0.010888729554347784
-3.5	0.008986539144678354
-3.0	0.00735437759006028
-2.5	0.0059677820296377875
-2.0	0.004802282369761761
-1.5	0.0038334378599487735
-1.0	0.0030370998739189985
-0.5	0.002389828035300284
0.0	0.001869369217513408
0.5	0.0014551107808248576
1.0	0.0011284383811210723
1.5	8.729577467642678e-4
2.0	6.745703198999209e-4
2.5	5.21417481929638e-4
3.0	4.037234676437964e-4
3.5	3.1357273225441544e-4
4.0	2.446555850800617e-4
4.5	1.9200941469549275e-4
5.0	1.517746689954834e-4
5.5	1.2097696584761894e-4
6.0	9.734040428063124e-5
6.5	7.913267261456325e-5
7.0	6.503978036878387e-5
7.5	5.406682136080348e-5
8.0	4.54607009643901e-5
8.5	3.865086794546011e-5
9.0	3.320449440372666e-5
9.5	2.8793040277743553e-5
10.0	2.5167592556288188e-5
10.5	2.2140733942490484e-5
11.0	1.9573003124321487e-5
11.5	1.7362350037164182e-5
12.0	1.5435441719915792e-5
12.5	1.3740217338556109e-5
13.0	1.2239578923458338e-5
13.5	1.0906355867000485e-5
14.0	9.719652814760594e-6
14.5	8.662485068035453e-6
15.0	7.720412695661779e-6
15.5	6.880818834473377e-6
16.0	6.132535355726475e-6
16.5	5.465627789902998e-6
17.0	4.871245886785182e-6
17.5	4.341502465943316e-6
18.0	3.869368145657893e-6
18.5	3.448577989801679e-6
19.0	3.0735483686380924e-6
19.5	2.7393028669481494e-6
20.0	2.4414062500000293e-6
