-20.0	0.08006693636171872
-19.5	0.0715026666999932
-19.0	0.06386953744656468
-18.5	0.05706626201303087
-18.0	0.051002565569455476
-17.5	0.045597987178355705
-17.0	0.040780812159726745
-16.5	0.0364871205218547
-16.0	0.03265993883325484
-15.5	0.029248484284076115
-15.0	0.026207490909383208
-14.5	0.02349660903755389
-14.0	0.021079869999697833
-13.5	0.018925209003051092
-13.0	0.017004039844494695
-12.5	0.015290875829804793
-12.0	0.0137629918794084
-11.5	0.01240012335012392
-11.0	0.011184197592521771
-10.5	0.010099094700865698
-10.0	0.009130434303809833
-9.5	0.00826538559366116
-9.0	0.007492498104958306
-8.5	0.006801551033459203
-8.0	0.006183419137617774
-7.5	0.005629953489813827
-7.0	0.005133875545900534
-6.5	0.004688683181512145
-6.0	0.004288567503159121
-5.5	0.003928339382682974
-5.0	0.003603364784663045
-4.5	0.0033095080582801716
-4.0	0.003043082446391273
-3.5	0.0028008071233624828
-3.0	0.0025797701087165734
-2.5	0.0023773964126347284
-2.0	0.00219142075241677
-1.5	0.002019864135345579
-1.0	0.001861013537978481
-0.5	0.001713403831188385
0.0	0.0015758010191643684
0.5	0.0014471857983945288
1.0	0.0013267364264893946
1.5	0.0012138099523977897
2.0	0.0011079210322997508
2.5	0.0010087178633386162
3.0	9.159552184333627e-4
3.5	8.29465140005109e-4
4.0	7.491264853887274e-4
4.5	6.748351093291125e-4
5.0	6.064768866311076e-4
5.5	5.439058712283723e-4
6.0	4.8692955957693935e-4
6.5	4.353024444199829e-4
7.0	3.8872791574605614e-4
7.5	3.468673136054131e-4
8.0	3.093538679986724e-4
8.5	2.7580867320846017e-4
9.0	2.45855905506561e-4
9.5	2.1913516847929174e-4
10.0	1.9530989479908342e-4
10.5	1.7407179365348346e-4
11.0	1.5514203559622078e-4
11.5	1.3827061187527735e-4
12.0	1.232338476608284e-4
12.5	1.0983228889113955e-4
13.0	9.788813144470036e-5
13.5	8.72428890814304e-5
14.0	7.775530674847871e-5
14.5	6.92994900848002e-5
15.0	6.176323555024326e-5
15.5	5.504654162629335e-5
16.0	4.90602818654809e-5
16.5	4.372502223772153e-5
17.0	3.896996708929761e-5
17.5	3.473201972736584e-5
18.0	3.095494516528434e-5
18.5	2.7588623918435085e-5
19.0	2.4588386949102943e-5
19.5	2.1914422935599026e-5
20.0	1.953125000005775e-5
