-20.0	17.132569522293316
-19.5	15.279176324946576
-19.0	13.62732316146881
-18.5	12.1550909712379
-18.0	10.842944161810516
-17.5	9.673471385263364
-17.0	8.631154502422444
-16.5	7.70216266938662
-16.0	6.874168814141058
-15.5	6.136186068184685
-15.0	5.478421982943686
-14.5	4.8921485967722
-14.0	4.369586628740505
-13.5	3.903802262937912
-13.0	3.4886151541809713
-12.5	3.118516435026346
-12.0	2.788595636838765
-11.5	2.4944755560949314
-11.0	2.2322542027426593
-10.5	1.9984530615980955
-10.0	1.7899709818069032
-9.5	1.604043084350357
-9.0	1.438204144477048
-8.5	1.2902559656657364
-8.0	1.1582383150215994
-7.5	1.0404030376265543
-7.0	0.9351910098315007
-6.5	0.8412116293671393
-6.0	0.7572245738613591
-5.5	0.6821235892971345
-5.0	0.6149220963198793
-4.5	0.5547404254262913
-4.0	0.5007945120163687
-3.5	0.4523858991206898
-3.0	0.4088929095012295
-2.5	0.3697628596072125
-2.0	0.33450519581940164
-1.5	0.30268543851225677
-1.0	0.2739198222346537
-0.5	0.2478705212109809
0.0	0.2242413495757396
0.5	0.20277382661926102
1.0	0.18324350076576829
1.5	0.16545643426237205
2.0	0.1492457659942551
2.5	0.13446829407593586
3.0	0.12100105350205159
3.5	0.10873790597446353
4.0	0.09758620463466788
4.5	0.08746363887358716
5.0	0.07829539482949527
5.5	0.07001177500769357
6.0	0.06254639963366149
6.5	0.05583506015525613
7.0	0.04981521938977079
7.5	0.044426068393047136
8.0	0.03960897796760715
8.5	0.03530814344446659
9.0	0.031471226286112985
9.5	0.028049842803419323
10.0	0.024999822150661433
10.5	0.022281228724331692
11.0	0.01985818902814629
11.5	0.01769863987023279
12.0	0.015773932735613783
12.5	0.014058533006870766
13.0	0.012529680827608858
13.5	0.011167089802663233
14.0	0.009952679263796727
14.5	0.008870334730846752
15.0	0.007905694150426135
15.5	0.007045957328162877
16.0	0.006279716078777087
16.5	0.005596802846425053
17.0	0.004988155787425674
17.5	0.0044456985250999614
18.0	0.003962232981153335
18.5	0.003531343861557068
19.0	0.003147313529485274
19.5	0.0028050461357540524
20.0	0.0025000000000020006
