-20.0	55.40422452684286
-19.5	45.92431235073063
-19.0	38.01172444522196
-18.5	31.418369459562633
-18.0	25.933329273781236
-17.5	21.377663970838913
-17.0	17.59988075310664
-16.5	14.471991125793657
-16.0	11.88608819450394
-15.5	9.75138276889877
-15.0	7.991643205317174
-14.5	6.5429896176966675
-14.0	5.35199829015567
-13.5	4.374076876841073
-13.0	3.5720753109209014
-12.5	2.915101294608855
-12.0	2.377512832803548
-11.5	1.9380635276706208
-11.0	1.579179292946962
-10.5	1.2863477954265807
-10.0	1.047604307420119
-9.5	0.853099777463672
-9.0	0.6947388163143869
-8.5	0.5658769700518965
-8.0	0.46106813007324216
-7.5	0.3758542285645631
-7.0	0.30659050457686376
-6.5	0.2503006162911356
-6.0	0.20455673468961721
-5.5	0.16738049697161744
-5.0	0.13716133796858795
-4.5	0.11258926678438069
-4.0	0.09259962512447294
-3.5	0.07632776345354665
-3.0	0.06307191039584856
-2.5	0.05226279785994873
-2.0	0.043438846508982824
-1.5	0.03622591983764573
-1.0	0.030320825899562448
-0.5	0.025477888579027896
0.0	0.021498029493606442
0.5	0.018219900836939532
1.0	0.015512691885738351
1.5	0.013270300186801523
2.0	0.011406614865365346
2.5	0.009851705921357607
3.0	0.00854875132242485
3.5	0.007451564385282724
4.0	0.006522608372125401
4.5	0.005731404340852152
5.0	0.005053253079441361
5.5	0.004468203649398662
6.0	0.003960211144738039
6.5	0.0035164362722705906
7.0	0.003126650369550527
7.5	0.0027827215441442524
8.0	0.0024781694274815746
8.5	0.0022077853072651277
9.0	0.0019673190311809176
9.5	0.0017532334453811487
10.0	0.0015625226883803718
10.5	0.0013925852508963738
11.0	0.0012411390789147886
11.5	0.0011061655003993137
12.0	9.85870880832763e-4
12.5	8.786583239876117e-4
13.0	7.831050528349793e-4
13.5	6.979431127545226e-4
14.0	6.220424539907625e-4
14.5	5.543959206774938e-4
15.0	4.941058844013135e-4
15.5	4.4037233301006903e-4
16.0	3.92482254923377e-4
16.5	3.498001779013041e-4
17.0	3.1175973671389e-4
17.5	2.778561578185816e-4
18.0	2.476395613220506e-4
18.5	2.207089913473065e-4
19.0	1.967070955928379e-4
19.5	1.753153834846817e-4
20.0	1.5625000000000212e-4
