-20.0	3.282788983708419
-19.5	2.9276296497555054
-19.0	2.6110921692159215
-18.5	2.328976283326367
-18.0	2.0775384873033884
-17.5	1.8534423563940237
-17.0	1.653714273653475
-16.5	1.4757039719899039
-16.0	1.3170493668987713
-15.5	1.1756452132488817
-15.0	1.0496151702239918
-14.5	0.9372869037534037
-14.0	0.8371698960723971
-13.5	0.7479356679804143
-13.0	0.6684001513834245
-12.5	0.5975079782483835
-12.0	0.5343184775340748
-11.5	0.4779931943343517
-11.0	0.4277847656851276
-10.5	0.38302700549656793
-10.0	0.34312606713823257
-9.5	0.3075525665234659
-9.0	0.2758345613101854
-8.5	0.2475512932257561
-8.0	0.22232761068154352
-7.5	0.199828997915079
-7.0	0.1797571449898734
-6.5	0.16184600021377393
-6.0	0.14585825299486876
-5.5	0.1315822009342063
-5.0	0.11882896011118066
-4.5	0.10742998213989174
-4.0	0.09723484570339362
-3.5	0.08810929394612049
-3.0	0.07993349239183933
-2.5	0.07260048493554574
-2.0	0.06601482800011635
-1.5	0.06009138511294869
-1.0	0.05475426598660872
-0.5	0.04993589562728743
0.0	0.04557620007375159
0.5	0.04162189604405227
1.0	0.03802587203753144
1.5	0.034746648319687545
2.0	0.03174790278362514
2.5	0.028998048997576534
3.0	0.026469851994331495
3.5	0.024140066854266652
4.0	0.021989085147974048
4.5	0.020000575265116255
5.0	0.018161105082296215
5.5	0.01645973941752365
6.0	0.01488761069911982
6.5	0.013437468676091309
7.0	0.012103223257493613
7.5	0.010879502322551977
8.0	0.009761251794610376
8.5	0.00874340670564104
9.0	0.007820657933835122
9.5	0.006987329494041343
10.0	0.006237366927377114
10.5	0.005564421385560396
11.0	0.0049619984276113235
11.5	0.004423646573274348
12.0	0.003943116910399357
12.5	0.0035145142521298967
13.0	0.0031323858908927985
13.5	0.002791763791696933
14.0	0.002488167934533589
14.5	0.0022175833369861286
15.0	0.001976423484954408
15.5	0.001761489325544735
16.0	0.0015699290190621246
16.5	0.0013992007115594188
17.0	0.0012470389468544688
17.5	0.0011114246312753373
18.0	9.90558245288771e-4
18.5	8.828359653896417e-4
19.0	7.868283823713046e-4
19.5	7.012615339388878e-4
20.0	6.250000000012704e-4
