-20.0	0.3021690546612555
-19.5	0.26960568020348574
-19.0	0.24058331758596915
-18.5	0.21471685789745393
-18.0	0.19166306919477186
-17.5	0.17111604203716763
-17.0	0.15280313027116457
-16.5	0.13648133320355207
-16.0	0.12193407115701133
-15.5	0.10896831162367838
-15.0	0.09741200788389073
-14.5	0.08711181610454978
-14.0	0.07793106062703156
-13.5	0.0697479204487331
-13.0	0.06245381283801124
-12.5	0.055951952639484985
-12.0	0.050156068159059895
-11.5	0.04498925659708664
-11.0	0.040382963852289365
-10.5	0.03627607517094982
-10.0	0.03261410459002416
-9.5	0.029348472436931568
-9.0	0.026435861321334086
-8.5	0.023837642100611893
-8.0	0.021519362234515636
-7.5	0.01945028977948026
-7.0	0.01760300701858586
-6.5	0.01595304839045484
-6.0	0.014478577977445674
-5.5	0.013160102349286365
-5.0	0.011980215037087462
-4.5	0.010923369343269665
-4.0	0.00997567657822909
-3.5	0.009124727157333042
-3.0	0.008359432298691936
-2.5	0.007669884328694591
-2.0	0.007047233834893458
-1.5	0.006483582097546431
-1.0	0.005971887385038594
-0.5	0.005505883805671659
0.0	0.0050800114702258025
0.5	0.004689356728814535
1.0	0.0043296012003808775
1.5	0.003996978214792984
2.0	0.003688235146263848
2.5	0.003400599943514577
3.0	0.0031317499849506446
3.5	0.0028797812547882076
4.0	0.0026431757940974226
4.5	0.002420765497035963
5.0	0.002211690676656974
5.5	0.0020153524411398206
6.0	0.0018313588557196893
6.5	0.0016594660372298735
7.0	0.0014995166390711035
7.5	0.0013513794156675538
8.0	0.001214894419073203
8.5	0.0010898285953098352
9.0	9.758458811752329e-4
9.5	8.724943069435305e-4
10.0	7.792102851681016e-4
10.5	6.953376792261469e-4
11.0	6.201567891303904e-4
11.5	5.529188588448064e-4
12.0	4.928762576302106e-4
12.5	4.3930994268954766e-4
13.0	3.9154698522909806e-4
13.5	3.4897015826804156e-4
14.0	3.1102092322351084e-4
14.5	2.7719790451876834e-4
15.0	2.4705293369974436e-4
15.5	2.2018616545628695e-4
16.0	1.962411273597651e-4
16.5	1.7490008894325388e-4
17.0	1.5587986835678355e-4
17.5	1.3892807890945966e-4
18.0	1.2381978066114418e-4
18.5	1.103544956737462e-4
19.0	9.835354779641156e-5
19.5	8.765769174240196e-5
20.0	7.812500000024304e-5
