-20.0	6.9255280658553575
-19.5	5.740539043841329
-19.0	4.751465555652745
-18.5	3.927296182445329
-18.0	3.2416661592226546
-17.5	2.672207996354864
-17.0	2.19998509413833
-16.5	1.8089988907242072
-16.0	1.4857610243129924
-15.5	1.2189228461123462
-15.0	0.9989554006646467
-14.5	0.8178737022120834
-14.0	0.6689997862694588
-13.5	0.5467596096051341
-13.0	0.44650941386511267
-12.5	0.3643876618261069
-12.0	0.2971891041004435
-11.5	0.2422579409588276
-11.0	0.19739741161837024
-10.5	0.1607934744283226
-10.0	0.13095053842751486
-9.5	0.106637472182959
-9.0	0.08684235203929837
-8.5	0.07073462125648707
-8.0	0.05763351625915527
-7.5	0.046981778570570384
-7.0	0.03832381307210797
-6.5	0.03128757703639195
-6.0	0.025569591836202152
-5.5	0.02092256212145218
-5.0	0.017145167246073494
-4.5	0.014073658348047587
-4.0	0.011574953140559117
-3.5	0.009540970431693331
-3.0	0.00788398879948107
-2.5	0.006532849732493591
-2.0	0.005429855813622853
-1.5	0.004528239979705717
-1.0	0.003790103237445306
-0.5	0.003184736072378487
0.0	0.0026872536867008053
0.5	0.0022774876046174415
1.0	0.0019390864857172939
1.5	0.0016587875233501903
2.0	0.0014258268581706683
2.5	0.0012314632401697009
3.0	0.0010685939153031062
3.5	9.314455481603405e-4
4.0	8.153260465156751e-4
4.5	7.16425542606519e-4
5.0	6.316566349301702e-4
5.5	5.585254561748328e-4
6.0	4.950263930922549e-4
6.5	4.395545340338238e-4
7.0	3.9083129619381585e-4
7.5	3.4784019301803155e-4
8.0	3.097711784351968e-4
8.5	2.7597316340814096e-4
9.0	2.459148788976147e-4
9.5	2.191541806726436e-4
10.0	1.9531533604754648e-4
10.5	1.7407315636204672e-4
11.0	1.5514238486434857e-4
11.5	1.382706875499142e-4
12.0	1.2323386010409539e-4
12.5	1.0983229049845147e-4
13.0	9.788813160437241e-5
13.5	8.724288909431533e-5
14.0	7.775530674884531e-5
14.5	6.929949008468673e-5
15.0	6.176323555016418e-5
15.5	5.504654162625863e-5
16.0	4.9060281865422124e-5
16.5	4.372502223766301e-5
17.0	3.896996708923625e-5
17.5	3.47320197273227e-5
18.0	3.0954945165256325e-5
18.5	2.7588623918413313e-5
19.0	2.458838694910474e-5
19.5	2.1914422935585212e-5
20.0	1.9531250000000265e-5
