-20.0	2.1348106220795104
-19.5	1.9030755225723384
-19.0	1.696529719828476
-18.5	1.5124331924204304
-18.0	1.348343851108238
-17.5	1.2020851367735468
-17.0	1.0717171420496097
-16.5	0.9555108734870893
-16.0	0.8519253127744044
-15.5	0.759586972690919
-15.0	0.6772716765751665
-14.5	0.6038883196195347
-14.0	0.5384643966107807
-13.5	0.4801331041981345
-13.0	0.4281218466843536
-12.5	0.38174199298894396
-12.0	0.340379749063652
-11.5	0.3034880248747704
-11.0	0.2705791883001884
-10.5	0.2412186100922564
-10.0	0.2150189145846497
-9.5	0.19163486020672654
-9.0	0.17075878222753293
-8.5	0.15211653757969684
-8.0	0.13546389819479776
-7.5	0.12058334507649836
-7.0	0.10728122039378644
-6.5	0.09538519922320003
-6.0	0.08474204622477173
-5.5	0.07521562551015404
-5.0	0.06668513426843238
-4.5	0.05904353238744708
-4.0	0.052196141424012285
-3.5	0.046059386984796384
-3.0	0.04055965913483087
-2.5	0.035632266233374794
-2.0	0.031220459110342862
-1.5	0.027274505318480302
-1.0	0.023750797859588647
-0.5	0.020610989588591096
0.0	0.017821153280331875
0.5	0.015350977258521479
1.0	0.013173015950406092
1.5	0.011262021610579539
2.0	0.009594385577533822
2.5	0.00814771330665297
3.0	0.006900546995795763
3.5	0.005832234588431567
4.0	0.004922927513514409
4.5	0.004153675519863008
5.0	0.003506578611636366
5.5	0.0029649550024342243
6.0	0.0025134897849183055
6.5	0.0021383395983048175
7.0	0.0018271810927964183
7.5	0.0015692026854205357
8.0	0.0013550480007980487
8.5	0.0011767245060670273
9.0	0.0010274920495272578
9.5	9.017437843532511e-4
10.0	7.948872972763014e-4
10.5	7.032282212277442e-4
11.0	6.238542433445895e-4
11.5	5.545162171402139e-4
12.0	4.935057317224146e-4
12.5	4.395335589866479e-4
13.0	3.9161766242571587e-4
13.5	3.4898974517644444e-4
14.0	3.1102560586065894e-4
14.5	2.771988528161576e-4
15.0	2.4705309309232715e-4
15.5	2.2018618718966864e-4
16.0	1.9624112970257756e-4
16.5	1.7490008913707603e-4
17.0	1.558798683684756e-4
17.5	1.3892807890980168e-4
18.0	1.2381978066104018e-4
18.5	1.1035449567365298e-4
19.0	9.8353547796419e-5
19.5	8.765769174234039e-5
20.0	7.812500000000023e-5
