-20.0	3.462763819788936
-19.5	2.8702693612677392
-19.0	2.3757326570144786
-18.5	1.9636480005782753
-18.0	1.6208330117534424
-17.5	1.3361039474881788
-17.0	1.0999925092857052
-16.5	0.9044994172589715
-16.0	0.7428804912949131
-15.5	0.6094614076015293
-15.0	0.4994776889057359
-14.5	0.40893684267374486
-14.0	0.33449988692335064
-13.5	0.27337980023566744
-13.0	0.22325470358043542
-12.5	0.1821938284569244
-12.0	0.14859455025350418
-11.5	0.12112896916717122
-11.0	0.09869870485233383
-10.5	0.08039673651750064
-10.0	0.06547526870727156
-9.5	0.05331873572379889
-9.0	0.043421175753117804
-8.5	0.035367310435295486
-8.0	0.02881675799010001
-7.5	0.023490889184593206
-7.0	0.019161906463463843
-6.5	0.015643788465936052
-6.0	0.012784795880530754
-5.5	0.010461281033758546
-5.0	0.008572583603707733
-4.5	0.007036829160193517
-4.0	0.005787476560400376
-3.5	0.004770485208803843
-3.0	0.003941994394731293
-2.5	0.003266424862692381
-2.0	0.002714927904296697
-1.5	0.002264119988079728
-1.0	0.0018950516174771471
-0.5	0.001592368035318593
0.0	0.0013436268427450668
0.5	0.001138743801890641
1.0	9.69543242572214e-4
1.5	8.293937614807643e-4
2.0	7.12913428954961e-4
2.5	6.157316199986105e-4
3.0	5.342969575954236e-4
3.5	4.657227740443868e-4
4.0	4.076630232355391e-4
4.5	3.5821277128973163e-4
5.0	3.1582831745714725e-4
5.5	2.792627280829379e-4
6.0	2.4751319654370415e-4
6.5	2.1977726701566906e-4
7.0	1.9541564809629833e-4
7.5	1.7392009650872906e-4
8.0	1.5488558921748197e-4
8.5	1.3798658170402817e-4
9.0	1.2295743944878927e-4
9.5	1.0957709033631376e-4
10.0	9.765766802377215e-5
10.5	8.703657818102352e-5
11.0	7.757119243234247e-5
11.5	6.913534377482108e-5
12.0	6.161693005206355e-5
12.5	5.4916145249164835e-5
13.0	4.8944065802150476e-5
13.5	4.362144454721231e-5
14.0	3.8877653374429966e-5
14.5	3.464974504234283e-5
15.0	3.088161777508186e-5
15.5	2.752327081312934e-5
16.0	2.4530140932710733e-5
16.5	2.1862511118831546e-5
17.0	1.9484983544617866e-5
17.5	1.7366009863661336e-5
18.0	1.5477472582628064e-5
18.5	1.3794311959206787e-5
19.0	1.2294193474552402e-5
19.5	1.0957211467792604e-5
20.0	9.765625000000071e-6
