-20.0	12.87842763210221
-19.5	11.488412248633246
-19.0	10.249559721526799
-18.5	9.145431219060148
-18.0	8.161375613738148
-17.5	7.284335070725223
-17.0	6.5026717763762765
-16.5	5.806013510706855
-16.0	5.1851160120704165
-15.5	4.631740309433507
-15.0	4.138543392591938
-14.5	3.6989807710017386
-14.0	3.3072196264197853
-13.5	2.9580614075008085
-13.0	2.6468728377027806
-12.5	2.369524420959193
-12.0	2.1223356271833995
-11.5	1.9020260289986612
-11.0	1.705671738925829
-10.5	1.5306665659372283
-10.0	1.3746873720452373
-9.5	1.235663163326787
-9.0	1.1117474981414284
-8.5	1.0012938360636248
-8.0	0.9028334869746002
-7.5	0.8150558494062763
-7.0	0.7367906517577202
-6.5	0.6669919286351318
-6.0	0.6047234781244981
-5.5	0.5491455538354179
-5.0	0.4995025497772322
-4.5	0.45511143829214523
-4.0	0.4153507275306144
-3.5	0.3796497263248501
-3.0	0.34747796294486527
-2.5	0.318334739628081
-2.0	0.29173908335476906
-1.5	0.2672208752293582
-1.0	0.24431483125289075
-0.5	0.2225603581816912
0.0	0.20151200678910894
0.5	0.18076661211976716
1.0	0.16001248098891277
1.5	0.13910010298529224
2.0	0.1181199043460846
2.5	0.09745247282278248
3.0	0.07774366812269996
3.5	0.05977374257657865
4.0	0.044245783046897434
4.5	0.03158227034036391
5.0	0.021828701409297675
5.5	0.014698971213813142
6.0	0.009713386029454782
6.5	0.006346636766915534
7.0	0.0041294288548979555
7.5	0.002692341798178991
8.0	0.0017682398659115519
8.5	0.0011747640860530816
9.0	7.920920484594841e-4
9.5	5.43352025691963e-4
10.0	3.7987809328927143e-4
10.5	2.710261117508309e-4
11.0	1.9749043563847417e-4
11.5	1.4704965552970824e-4
12.0	1.1190461557731168e-4
12.5	8.70262477622353e-5
13.0	6.913207172243146e-5
13.5	5.605055823574646e-5
14.0	4.6324285418316435e-5
14.5	3.896053313886456e-5
15.0	3.32735202064269e-5
15.5	2.878405802427188e-5
16.0	2.515531136999697e-5
16.5	2.21510546100456e-5
17.0	1.960754374316321e-5
17.5	1.741334124409218e-5
18.0	1.5493877414664106e-5
18.5	1.3799343735023788e-5
19.0	1.229553849858638e-5
19.5	1.0957519522370474e-5
20.0	9.765684320547354e-6
