-20	0.019020086939872713
-19	0.019026008709768193
-18	0.01904552567769674
-17	0.019083544920788044
-16	0.01914642792998384
-15	0.019242422247056672
-14	0.019382239297612246
-13	0.01957983971011087
-12	0.01985351854162385
-11	0.02022743170736464
-10	0.02073378217652227
-9	0.021416007025684664
-8	0.022333500059493992
-7	0.023568705641207135
-6	0.025237866961632386
-5	0.027507306693569947
-4	0.030617662181591437
-3	0.03491807486645
-2	0.04090778721178535
-1	0.04926472664388545
0	0.060787829317867664
1	0.07606327212653628
2	0.09454251659141022
3	0.11305610667740579
4	0.12540451353148124
5	0.12585249167607115
6	0.11446176687356101
7	0.09681675010084591
8	0.07866514469184498
9	0.0628658203503238
10	0.04999271087720742
11	0.03971602428163246
12	0.031547856690725844
13	0.025059361558236584
14	0.019905358527177442
15	0.015811388300841358
16	0.012559432157547887
17	0.00997631157484439
18	0.007924465962305555
19	0.006294627058959747
20	0.004999999852797369
