-20.0	3.497017369226922
-19.5	3.1187829816272132
-19.0	2.781678795308016
-18.5	2.4812316462787543
-18.0	2.2134547881268993
-17.5	1.9747949905600852
-17.0	1.7620853905090565
-16.5	1.5725034701663136
-16.0	1.4035336043749842
-15.5	1.2529336804193845
-15.0	1.1187053473115736
-14.5	0.9990674998391915
-14.0	0.892432645567999
-13.5	0.7973858412645521
-13.0	0.7126659193053286
-12.5	0.6371487550486363
-12.0	0.5698323532423083
-11.5	0.5098235557033104
-11.0	0.456326194049266
-10.5	0.4086305304647926
-10.0	0.36610384662080064
-9.5	0.32818205614346024
-9.0	0.2943622296631099
-8.5	0.2641959336411329
-8.0	0.2372832950320337
-7.5	0.21326771353835314
-7.0	0.19183115187480326
-6.5	0.17268994218950717
-6.0	0.15559105368772935
-5.5	0.1403087726563051
-5.0	0.12664175154110713
-4.5	0.11441038856602584
-4.0	0.10345450362304436
-3.5	0.09363127982969031
-3.0	0.0848134432904305
-2.5	0.0768876561726971
-2.0	0.06975310026839421
-1.5	0.06332022971767035
-1.0	0.05750967258603204
-0.5	0.052251261512155076
0.0	0.047483173816781805
0.5	0.04315116140859933
1.0	0.039207850781914085
1.5	0.0356120936918002
2.0	0.032328350134352736
2.5	0.029326087436339486
3.0	0.026579182953645385
3.5	0.024065323360165265
4.0	0.021765400602764003
4.5	0.01966291277211278
5.0	0.017743386413018272
5.5	0.015993843384685777
6.0	0.014402338795310027
6.5	0.012957594897876061
7.0	0.011648748593339663
7.5	0.010465217882154619
8.0	0.009396677377738472
8.5	0.00843311845696837
9.0	0.0075649595549465015
9.5	0.006783169416919539
10.0	0.006079371447164285
10.5	0.005445908702914282
11.0	0.0048758607302918505
11.5	0.004363028600695845
12.0	0.0039018669075345028
12.5	0.003487423948947521
13.0	0.0031152618031217785
13.5	0.002781381230312671
14.0	0.0024821553425980053
14.5	0.0022142743625803984
15.0	0.001974702920674462
15.5	0.0017606496460966584
16.0	0.0015695472797369117
16.5	0.001399040398720311
17.0	0.0012469773440629967
17.5	0.0011114032006336177
18.0	9.905515761570866e-4
18.5	8.828341337055456e-4
19.0	7.86827945055954e-4
19.5	7.012614447130736e-4
20.0	6.249999847391871e-4
