-20.0	0.008365512462057283
-19.5	0.00746053531491532
-19.0	0.006653966387435943
-18.5	0.005935103013299756
-18.0	0.005294406329009041
-17.5	0.004723374699835627
-17.0	0.004214430909385959
-16.5	0.0037608216159114357
-16.0	0.0033565277412798133
-15.5	0.002996184603605803
-15.0	0.002675010733859222
-14.5	0.002388744432017676
-14.0	0.0021335872210646997
-13.5	0.0019061534487001524
-13.0	0.0017034253682524274
-12.5	0.001522713103040208
-12.0	0.0013616189633001783
-11.5	0.0012180056426244782
-11.0	0.001089967872432939
-10.5	9.758071589834451e-4
-10.0	8.740092684604019e-4
-9.5	7.832241622804478e-4
-9.0	7.022481174204336e-4
-8.5	6.300077957352229e-4
-8.0	5.655460522566403e-4
-7.5	5.08009295716091e-4
-7.0	4.5663623526928746e-4
-6.5	4.107478659019235e-4
-6.0	3.6973856145574175e-4
-5.5	3.3306815883649143e-4
-5.0	3.0025492984369105e-4
-4.5	2.708693483526813e-4
-4.0	2.4452857032049253e-4
-3.5	2.2089155230502433e-4
-3.0	1.996547409673972e-4
-2.5	1.8054827129258423e-4
-2.0	1.633326151461922e-4
-1.5	1.4779562427356287e-4
-1.0	1.337499132005145e-4
-0.5	1.2103052793504927e-4
0.0	1.094928464725291e-4
0.5	9.901065752893605e-5
1.0	8.94743656082853e-5
1.5	8.078927454217385e-5
2.0	7.287390917688237e-5
2.5	6.565834671676556e-5
3.0	5.908254565529863e-5
3.5	5.309468065159352e-5
4.0	4.764951398177143e-5
4.5	4.270685491874373e-5
5.0	3.8230173256589487e-5
5.5	3.4185437015475374e-5
6.0	3.054023419612377e-5
6.5	2.726321296643366e-5
7.0	2.432383759266152e-5
7.5	2.1692416207542547e-5
8.0	1.934032127324568e-5
8.5	1.724030441624345e-5
9.0	1.5366809710016106e-5
9.5	1.3696212306357091e-5
10.0	1.2206944409502653e-5
10.5	1.0879506213052584e-5
11.0	9.696381361399555e-6
11.5	8.641913999137105e-6
12.0	7.702115593561417e-6
12.5	6.864518069761116e-6
13.0	6.118008216605888e-6
13.5	5.4526805677066565e-6
14.0	4.859706671775745e-6
14.5	4.3312181302962655e-6
15.0	3.860202221887761e-6
15.5	3.44040885164203e-6
16.0	3.0662676165903744e-6
16.5	2.732813889855983e-6
17.0	2.4356229430789425e-6
17.5	2.1707512329589655e-6
18.0	1.934684072828777e-6
18.5	1.7242889949009121e-6
19.0	1.5367741843189814e-6
19.5	1.3696514334736584e-6
20.0	1.2207031250009769e-6
