-20.0	0.5337026555198776
-19.5	0.4757688806430846
-19.0	0.424132429957119
-18.5	0.3781082981051076
-18.0	0.3370859627770595
-17.5	0.3005212841933867
-17.0	0.2679292855124024
-16.5	0.23887771837177232
-16.0	0.2129813281936011
-15.5	0.18989674317272975
-15.0	0.16931791914379163
-14.5	0.15097207990488368
-14.0	0.13461609915269518
-13.5	0.12003327604953362
-13.0	0.1070304616710884
-12.5	0.09543549824723599
-12.0	0.085094937265913
-11.5	0.0758720062186926
-11.0	0.0676447970750471
-10.5	0.0603046525230641
-10.0	0.053754728646162424
-9.5	0.047908715051681636
-9.0	0.042689695556883234
-8.5	0.03802913439492421
-8.0	0.03386597454869944
-7.5	0.03014583626912459
-7.0	0.02682030509844661
-6.5	0.023846299805800008
-6.0	0.021185511556192933
-5.5	0.01880390637753851
-5.0	0.016671283567108095
-4.5	0.01476088309686177
-4.0	0.013049035356003071
-3.5	0.011514846746199096
-3.0	0.010139914783707717
-2.5	0.008908066558343699
-2.0	0.007805114777585716
-1.5	0.0068186263296200755
-1.0	0.005937699464897162
-0.5	0.005152747397147774
0.0	0.004455288320082969
0.5	0.0038377443146303696
1.0	0.003293253987601523
1.5	0.0028155054026448847
2.0	0.0023985963943834554
2.5	0.0020369283266632424
3.0	0.0017251367489489408
3.5	0.0014580586471078917
4.0	0.0012307318783786022
4.5	0.001038418879965752
5.0	8.766446529090915e-4
5.5	7.412387506085561e-4
6.0	6.283724462295764e-4
6.5	5.345848995762044e-4
7.0	4.567952731991046e-4
7.5	3.923006713551339e-4
8.0	3.3876200019951217e-4
8.5	2.9418112651675684e-4
9.0	2.5687301238181445e-4
9.5	2.2543594608831277e-4
10.0	1.9872182431907536e-4
10.5	1.7580705530693605e-4
11.0	1.5596356083614736e-4
11.5	1.3862905428505348e-4
12.0	1.2337643293060366e-4
12.5	1.0988338974666198e-4
13.0	9.790441560642897e-5
13.5	8.724743629411111e-5
14.0	7.775640146516473e-5
14.5	6.92997132040394e-5
15.0	6.176327327308179e-5
15.5	5.504654679741716e-5
16.0	4.906028242564439e-5
16.5	4.3725022284269006e-5
17.0	3.89699670921189e-5
17.5	3.473201972745042e-5
18.0	3.0954945165260045e-5
18.5	2.7588623918413246e-5
19.0	2.458838694910475e-5
19.5	2.1914422935585097e-5
20.0	1.9531250000000058e-5
