-20.0	13.383525462364089
-19.5	11.75891526485421
-19.0	10.322574768890362
-18.5	9.053359839648
-18.0	7.932462065705515
-17.5	6.943152665513382
-17.0	6.070554359279698
-16.5	5.301438158812557
-16.0	4.624042359671785
-15.5	4.027911315677986
-15.0	3.5037518393944054
-14.5	3.0433053070381453
-14.0	2.6392337556125764
-13.5	2.285018446591749
-13.0	1.9748695367462104
-12.5	1.7036456448618924
-12.0	1.4667822351581163
-11.5	1.260227855889969
-11.0	1.0803873765178806
-10.5	0.9240714602763368
-10.0	0.7884515922944152
-9.5	0.6710200576423786
-9.0	0.5695543298249779
-8.5	0.48208538918092597
-8.0	0.4068695431327979
-7.5	0.3423633669941753
-7.0	0.28720142564589446
-6.5	0.24017647341767798
-6.0	0.20022186241238682
-5.5	0.16639591873755452
-5.0	0.13786807199414408
-4.5	0.1139065462982407
-4.0	0.09386744133878322
-3.5	0.07718504976241494
-3.0	0.06336327281120474
-2.5	0.05196800977750832
-2.0	0.04262040877143944
-1.5	0.03499087667737701
-1.0	0.02879375529276572
-0.5	0.023782578696997743
0.0	0.019745834212291858
0.5	0.016503156165224825
1.0	0.013901888372343098
1.5	0.01181395818767082
2.0	0.010133012380856146
2.5	0.008771773266960783
3.0	0.0076595824903611266
3.5	0.00674010959975015
4.0	0.0059692126401085805
4.5	0.005312947802763712
5.0	0.004745733848995581
5.5	0.004248683424895545
6.0	0.0038081166267706517
6.5	0.0034142714653564036
7.0	0.0030602211864567646
7.5	0.0027410003757993694
8.0	0.002452931810430029
8.5	0.0021931360560870135
9.0	0.0019591977445273744
9.5	0.0017489576927278514
10.0	0.0015603990219253908
10.5	0.0013915977489691949
11.0	0.0012407123957315258
11.5	0.0011059961589018888
12.0	9.858097597939576e-4
12.5	8.78638480752228e-4
13.0	7.830993324880111e-4
13.5	6.979416695128142e-4
14.0	6.220421404179266e-4
14.5	5.543958630568161e-4
15.0	4.941058756261601e-4
15.5	4.403723319274522e-4
16.0	3.9248225481810367e-4
16.5	3.4980017789367976e-4
17.0	3.1175973671367443e-4
17.5	2.778561578187372e-4
18.0	2.4763956132208345e-4
18.5	2.2070899134731675e-4
19.0	1.9670709559282962e-4
19.5	1.7531538348462827e-4
20.0	1.5625000000012504e-4
