-20.0	43.301855709711944
-19.5	37.99702692340206
-19.0	33.3098573057196
-18.5	29.170821696433716
-18.0	25.518083425559364
-17.5	22.29665086574902
-17.0	19.45762611497999
-16.5	16.957535768507007
-16.0	14.757734832421423
-15.5	12.823875805536755
-15.0	11.12543582476596
-14.5	9.635295543033696
-14.0	8.329364098519855
-13.5	7.186245148706467
-13.0	6.1869394905335
-12.5	5.314580276175959
-12.0	4.55419726907671
-11.5	3.892506972646703
-11.0	3.3177258096339526
-10.5	2.8194038381463926
-10.0	2.3882767647891963
-9.5	2.0161342599559418
-9.0	1.6957027982440864
-8.5	1.4205414411316866
-8.0	1.18494915198787
-7.5	0.9838823874881911
-7.0	0.8128818465620535
-6.5	0.6680073799079024
-6.0	0.5457801714362892
-5.5	0.44313139915162253
-5.0	0.35735666817007755
-4.5	0.2860755839032238
-4.0	0.22719589987317976
-3.5	0.17888173303614202
-3.0	0.13952539068704797
-2.5	0.10772239773444178
-2.0	0.08224935212436443
-1.5	0.0620442701890561
-1.0	0.046189113513106936
-0.5	0.033894215407313126
0.0	0.02448434923778547
0.5	0.01738620373702566
1.0	0.012117053163956408
1.5	0.008274433927062206
2.0	0.00552666507021114
2.5	0.0036040785853236326
3.0	0.0022908570966005785
3.5	0.0014174105457949381
4.0	8.532586242507526e-4
4.5	5.004193385299455e-4
5.0	2.873328507454552e-4
5.5	1.6336971169679385e-4
6.0	9.398023408080531e-5
6.5	5.653476858510117e-5
7.0	3.6883144096117816e-5
7.5	2.6628611418252816e-5
8.0	2.1073284321883074e-5
8.5	1.77560736143259e-5
9.0	1.547800383436036e-5
9.5	1.3698643912407293e-5
10.0	1.2192128885005717e-5
10.5	1.0868603845303958e-5
11.0	9.690807261700832e-6
11.5	8.639542259414376e-6
12.0	7.701234727446731e-6
12.5	6.864228951697778e-6
13.0	6.117924554271881e-6
13.5	5.452659435078892e-6
14.0	4.859702078829306e-6
14.5	4.331217286252672e-6
15.0	3.8602020933435055e-6
15.5	3.44040883578307e-6
16.0	3.06626761504767e-6
16.5	2.7328138897420773e-6
17.0	2.435622943074799e-6
17.5	2.1707512329602124e-6
18.0	1.934684072830271e-6
18.5	1.7242889949021928e-6
19.0	1.536774184318934e-6
19.5	1.369651433474939e-6
20.0	1.2207031250036094e-6
