-20.0	12.32390414571646
-19.5	10.81422235463506
-19.0	9.480312138735455
-18.5	8.302388550563812
-18.0	7.262854559061475
-17.5	6.346061030301568
-17.0	5.538092925624761
-16.5	4.826578859814602
-16.0	4.2005214730917615
-15.5	3.65014634797729
-15.0	3.1667674492215223
-14.5	2.7426672852008367
-14.0	2.3709901854760167
-13.5	2.0456472641193093
-13.0	1.761231794314901
-12.5	1.512943858664455
-12.0	1.2965232634532178
-11.5	1.108189815475712
-11.0	0.9445901583776142
-10.5	0.8027504530928541
-10.0	0.6800342650792875
-9.5	0.5741050906471323
-9.0	0.48289301669206375
-8.5	0.40456506340223
-8.0	0.33749880871174026
-7.5	0.28025893710717725
-7.0	0.23157639438825317
-6.5	0.19032986467804228
-6.0	0.15552931680064183
-5.5	0.12630139451417927
-5.0	0.101876449317373
-4.5	0.08157703599316084
-4.0	0.06480770995961697
-3.5	0.05104598211120392
-3.0	0.03983430141679167
-2.5	0.03077294825252531
-2.0	0.023513732554947247
-1.5	0.017754400545090292
-1.0	0.013233662268093017
-0.5	0.009726759725391063
0.0	0.007041502257633052
0.5	0.005014702345318651
1.0	0.0035089514628281167
1.5	0.0024096823765376607
2.0	0.0016224716189384488
2.5	0.0010705439936033677
3.0	6.924499461420032e-4
3.5	4.3989633866489854e-4
4.0	2.757211513676934e-4
4.5	1.7201220326166456e-4
5.0	1.083781719151241e-4
5.5	7.038586902174177e-5
6.0	4.817991066545593e-5
6.5	3.529893434684145e-5
7.0	2.7696406436592315e-5
7.5	2.29647045755066e-5
8.0	1.9750255078659735e-5
8.5	1.733726789161325e-5
9.0	1.5370183488582256e-5
9.5	1.3681766545878035e-5
10.0	1.2195122662556452e-5
10.5	1.0872841222802399e-5
11.0	9.693250795960908e-6
11.5	8.640624856642423e-6
12.0	7.701642936954601e-6
12.5	6.864363692203038e-6
13.0	6.117963625508727e-6
13.5	5.452669312894228e-6
14.0	4.859704226837628e-6
14.5	4.331217681203642e-6
15.0	3.860202153530735e-6
15.5	3.4404088432128743e-6
16.0	3.066267615769796e-6
16.5	2.7328138897946984e-6
17.0	2.4356229430746057e-6
17.5	2.170751232958857e-6
18.0	1.934684072828831e-6
18.5	1.7242889949004784e-6
19.0	1.536774184319117e-6
19.5	1.3696514334723573e-6
20.0	1.220703124999188e-6
