-20.0	3.0595137510273864
-19.5	2.466003461765904
-19.0	1.9864537454097135
-18.5	1.5992810059904436
-18.0	1.2869181625714896
-17.5	1.0350837580856964
-17.0	0.8321803092816366
-16.5	0.6687998840150882
-16.0	0.5373184575900862
-15.5	0.43156362746349275
-15.0	0.3465428282184468
-14.5	0.278221350831494
-14.0	0.22334128908445708
-13.5	0.17927406155285164
-13.0	0.14390043372195477
-12.5	0.11551302939952314
-12.0	0.09273720655114806
-11.5	0.07446690817031311
-11.0	0.05981270799058771
-10.5	0.04805977432049243
-10.0	0.038633890526038106
-9.5	0.03107401248290407
-9.0	0.025010124131658023
-8.5	0.020145382566392863
-8.0	0.01624173263488421
-7.5	0.013108325147237681
-7.0	0.010592198573443007
-6.5	0.0085707866193684
-6.0	0.006945897496727788
-5.5	0.005638878509409373
-5.0	0.0045867346223641275
-4.5	0.0037390143099678193
-4.0	0.0030553121282020914
-3.5	0.0025032667009220045
-3.0	0.0020569564491742325
-2.5	0.001695614481245875
-2.0	0.0014025994622028646
-1.5	0.0011645716974635887
-1.0	9.708336666499626e-4
-0.5	8.128022956056911e-4
0.0	6.835867324654874e-4
0.5	5.776506028960343e-4
1.0	4.905419066126752e-4
1.5	4.1867708067275613e-4
2.0	3.591684542670731e-4
2.5	3.096864817493326e-4
3.0	2.683498656934593e-4
3.5	2.336380485201425e-4
4.0	2.0432162212198564e-4
4.5	1.7940703224713806e-4
5.0	1.5809258748535358e-4
5.5	1.397332740164351e-4
6.0	1.2381228510748092e-4
6.5	1.099175568602639e-4
7.0	9.772200169934575e-5
7.5	8.696655586333917e-5
8.0	7.744556775681925e-5
8.5	6.899437767441793e-5
9.0	6.147910738048277e-5
9.5	5.47886695640684e-5
10.0	4.882886946288759e-5
10.5	4.351829793438646e-5
11.0	3.8785598116389325e-5
11.5	3.456767223285243e-5
12.0	3.080846507804731e-5
12.5	2.745807263096112e-5
13.0	2.4472032901705268e-5
13.5	2.1810722273623885e-5
14.0	1.9438826687213892e-5
14.5	1.732487252117181e-5
15.0	1.5440808887541066e-5
15.5	1.3761635406564662e-5
16.0	1.2265070466355545e-5
16.5	1.093125555941576e-5
17.0	9.742491772309072e-6
17.5	8.68300493183068e-6
18.0	7.738736291314086e-6
18.5	6.897155979603332e-6
19.0	6.147096737276185e-6
19.5	5.478605733896306e-6
20.0	4.882812500000072e-6
