-20.0	3.922201129373333
-19.5	3.498206101200572
-19.0	3.1203201405853123
-18.5	2.7835289264975964
-18.0	2.4833634404380245
-17.5	2.215840664987513
-17.0	1.9774107314391134
-16.5	1.7649098149493376
-16.0	1.5755181521827604
-15.5	1.4067226244156334
-15.0	1.2562834094614004
-14.5	1.1222042599813309
-14.0	1.002706013619515
-13.5	0.8962029835221376
-13.0	0.8012819157183939
-12.5	0.7166832341372967
-12.0	0.6412843241348153
-11.5	0.5740846325340687
-11.0	0.5141923861317101
-10.5	0.4608127520259912
-10.0	0.413237282095291
-9.5	0.37083450081764757
-9.0	0.33304151053249126
-8.5	0.2993565013796927
-8.0	0.26933206474159477
-7.5	0.24256921902219536
-7.0	0.2187120652978572
-6.5	0.1974429976675206
-6.0	0.17847839920085312
-5.5	0.16156475919507388
-5.0	0.14647515111305406
-4.5	0.1330060132498962
-4.0	0.12097417621038857
-3.5	0.11021408344522422
-3.0	0.10057515490087977
-2.5	0.09191925217556512
-2.0	0.08411822154715135
-1.5	0.07705152751307509
-1.0	0.07060405736075927
-0.5	0.06466429484629577
0.0	0.059123246697232276
0.5	0.05387476295247393
1.0	0.048818174085120646
1.5	0.043864314007561654
2.0	0.038945667011830436
2.5	0.03403007296483551
3.0	0.029134826039060525
3.5	0.024334733879842644
4.0	0.019756116723766363
4.5	0.0155521637714614
5.0	0.011864392086575727
5.5	0.00878492590036442
6.0	0.006336110742635064
6.5	0.004474482581895479
7.0	0.0031127779125481674
7.5	0.00214685238696713
8.0	0.0014768701947750471
8.5	0.0010188781101582482
9.0	7.08166193241593e-4
9.5	4.977369647809627e-4
10.0	3.548016988627752e-4
10.5	2.570731920481941e-4
11.0	1.896356485135605e-4
11.5	1.4258220624162934e-4
12.0	1.0934367566476234e-4
12.5	8.555165040233225e-5
13.0	6.828302392407924e-5
13.5	5.556447146776839e-5
14.0	4.6049494477241656e-5
14.5	3.880840811906487e-5
15.0	3.3191836798202895e-5
15.5	2.8741976114930124e-5
16.0	2.513475564778328e-5
16.5	2.2141653998133366e-5
17.0	1.9603571467859482e-5
17.5	1.7411811304812594e-5
18.0	1.5493347808372745e-5
18.5	1.3799181376091392e-5
19.0	1.2295495107364957e-5
19.5	1.0957509584965874e-5
20.0	9.765682406982778e-6
