-20.0	19.405347956024183
-19.5	16.911550140958468
-19.0	14.717321644064214
-18.5	12.788395168366721
-18.0	11.094319222642632
-17.5	9.60803796605664
-17.0	8.305517038688418
-16.5	7.165410362924658
-16.0	6.168763447249264
-15.5	5.298749211084176
-15.0	4.54043278343974
-14.5	3.8805621150396656
-14.0	3.3073815883781754
-13.5	2.810466117457818
-13.0	2.3805735027910853
-12.5	2.0095130512836517
-12.0	1.6900286880389999
-11.5	1.4156949808525268
-11.0	1.1808246706980428
-10.5	0.9803864551538237
-10.0	0.8099319084585004
-9.5	0.6655305435043288
-9.0	0.5437121291530207
-8.5	0.4414154721740766
-8.0	0.3559429580919632
-7.5	0.284920220371691
-7.0	0.22626037364169962
-6.5	0.17813230491534607
-6.0	0.13893256782762428
-5.5	0.1072604695047673
-5.0	0.08189597856189343
-4.5	0.06178011663403417
-4.0	0.04599752558500601
-3.5	0.033760928980873316
-3.0	0.02439723053603534
-2.5	0.01733501510316274
-2.0	0.01209324052965138
-1.5	0.00827093247992517
-1.0	0.005537720157566576
-0.5	0.003625079484755057
0.0	0.0023181819357852526
0.5	0.0014482813424124311
1.0	8.856061032001981e-4
1.5	5.327578093016487e-4
2.0	3.1864591607614376e-4
2.5	1.9300785770977704e-4
3.0	1.2157135827779296e-4
3.5	8.190841842038363e-5
4.0	6.000869696029189e-5
4.5	4.7566922417614525e-5
5.0	3.994060433678024e-5
5.5	3.469845100260238e-5
6.0	3.0654053234388545e-5
6.5	2.7268544508721634e-5
7.0	2.4310964225195357e-5
7.5	2.1682567310347838e-5
8.0	1.9335243469793185e-5
8.5	1.7238140648479096e-5
9.0	1.5366006906131637e-5
9.5	1.3695949375081505e-5
10.0	1.2206868536140552e-5
10.5	1.0879487110375914e-5
11.0	9.6963772250639e-6
11.5	8.641913242213596e-6
12.0	7.702115478801956e-6
12.5	6.864518055696225e-6
13.0	6.118008215293773e-6
13.5	5.4526805675894e-6
14.0	4.8597066717799195e-6
14.5	4.331218130300013e-6
15.0	3.860202221890204e-6
15.5	3.4404088516433344e-6
16.0	3.0662676165925563e-6
16.5	2.7328138898575957e-6
17.0	2.4356229430811008e-6
17.5	2.170751232960365e-6
18.0	1.934684072830271e-6
18.5	1.7242889949021928e-6
19.0	1.536774184318934e-6
19.5	1.369651433474939e-6
20.0	1.2207031250036094e-6
