-20.0	4.999999999999981
-19.5	4.456254690668805
-19.0	3.9716411736214523
-18.5	3.5397289219207098
-18.0	3.1547867224009485
-17.5	2.8117066259517247
-17.0	2.505936168136424
-16.5	2.2334179607548434
-16.0	1.9905358527675034
-15.5	1.774066946167855
-15.0	1.581138830084202
-14.5	1.4091914656322506
-14.0	1.255943215754794
-13.5	1.119360569284177
-13.0	0.9976311574844592
-12.5	0.889139705019456
-12.0	0.792446596230542
-11.5	0.7062687723113752
-11.0	0.6294627058970618
-10.5	0.5610092271509808
-10.0	0.4999999999999921
-9.5	0.4456254690668807
-9.0	0.3971641173621478
-8.5	0.3539728921920771
-8.0	0.31547867224010384
-7.5	0.28117066259518
-7.0	0.2505936168136319
-6.5	0.2233417960754717
-6.0	0.19905358527673714
-5.5	0.17740669461678096
-5.0	0.15811388300841928
-4.5	0.1409191465632315
-4.0	0.12559432157548583
-3.5	0.11193605692841546
-3.0	0.09976311574843728
-2.5	0.0889139705019392
-2.0	0.07924465962305914
-1.5	0.07062687723114722
-1.0	0.06294627058970811
-0.5	0.05610092271509106
0.0	0.05000000000000064
0.5	0.04456254690669377
1.0	0.03971641173620867
1.5	0.03539728921920397
2.0	0.03154786722401534
2.5	0.02811706625951118
3.0	0.025059361681368852
3.5	0.022334179607544406
4.0	0.01990535852767843
4.5	0.017740669461674345
5.0	0.015811388300847266
5.5	0.014091914656318644
6.0	0.012559432157544865
6.5	0.011193605692845466
7.0	0.00997631157484884
7.5	0.008891397050198436
8.0	0.007924465962309505
8.5	0.007062687723116566
9.0	0.00629462705896768
9.5	0.005610092271511025
10.0	0.004999999999997385
10.5	0.0044562546906707825
11.0	0.003971641160718774
11.5	0.0035397288939452995
12.0	0.003154786712118917
12.5	0.0028117066237588013
13.0	0.002505936167818373
13.5	0.0022334179607221517
14.0	0.001990535852765515
14.5	0.0017740669461676732
15.0	0.0015811388300841357
15.5	0.0014091914656321788
16.0	0.001255943215754756
16.5	0.001119360569284146
17.0	9.976311574844121e-4
17.5	8.891397050194471e-4
18.0	7.92446596230544e-4
18.5	7.062687723113698e-4
19.0	6.294627058970781e-4
19.5	5.610092271509696e-4
20.0	4.999999999999917e-4
