-20.0	0.09765624999999986
-19.5	0.08703622442712367
-19.0	0.07757111667229348
-18.5	0.0691353305062639
-18.0	0.06161692817189472
-17.5	0.05491614503812177
-17.0	0.04894406578391545
-16.5	0.04362144454599335
-16.0	0.03887765337436547
-15.5	0.0346497450423417
-15.0	0.03088161777508197
-14.5	0.02752327081312937
-14.0	0.02453014093271038
-13.5	0.021862511118830558
-13.0	0.019484983544616072
-12.5	0.017366009863657973
-12.0	0.015477472582626828
-11.5	0.013794311959205958
-11.0	0.012294193474552228
-10.5	0.010957211467792945
-10.0	0.009765625000001272
-9.5	0.008703622442715584
-9.0	0.007757111667231257
-8.5	0.006913533050627134
-8.0	0.006161692817189391
-7.5	0.005491614503810801
-7.0	0.00489440657838748
-6.5	0.004362144454597463
-6.0	0.0038877653374360752
-5.5	0.0034649745042352968
-5.0	0.0030881617775129636
-4.5	0.0027523270813144384
-4.0	0.0024530140932705734
-3.5	0.0021862511118789984
-3.0	0.001948498354460196
-2.5	0.0017366009863673134
-2.0	0.001547747258267998
-1.5	0.001379431195920747
-1.0	0.0012294193474496882
-0.5	0.0010957211467789102
0.0	9.765625000065742e-4
0.5	8.703622442706015e-4
1.0	7.757111667195224e-4
1.5	6.913533050671005e-4
2.0	6.16169281718126e-4
2.5	5.491614503796288e-4
3.0	4.894406578431977e-4
3.5	4.362144454529695e-4
4.0	3.887765337510945e-4
4.5	3.464974504189711e-4
5.0	3.0881617775232973e-4
5.5	2.752327081347937e-4
6.0	2.453014093181565e-4
6.5	2.1862511118458678e-4
7.0	1.948498354478797e-4
7.5	1.736600986404933e-4
8.0	1.547747258278274e-4
8.5	1.379431195879105e-4
9.0	1.229419347393841e-4
9.5	1.0957211469224057e-4
10.0	9.765624999199781e-5
10.5	8.703622442176803e-5
11.0	7.757108871186622e-5
11.5	6.913531891362045e-5
12.0	6.161692579772235e-5
12.5	5.4916144686682246e-5
13.0	4.894406574484358e-5
13.5	4.362144454272531e-5
14.0	3.88776533741678e-5
14.5	3.464974504233586e-5
15.0	3.0881617775079754e-5
15.5	2.7523270813124313e-5
16.0	2.4530140932703046e-5
16.5	2.1862511118833118e-5
17.0	1.9484983544611808e-5
17.5	1.736600986365893e-5
18.0	1.5477472582616555e-5
18.5	1.3794311959195588e-5
19.0	1.2294193474552285e-5
19.5	1.0957211467777558e-5
20.0	9.765624999983746e-6
