-20.0	0.07238389878583332
-19.5	0.06466468122304292
-19.0	0.0577846910533632
-18.5	0.051652635413064404
-18.0	0.04618714618449987
-17.5	0.04131570031849652
-17.0	0.0369736575325198
-16.5	0.033103402617179235
-16.0	0.0296535809722231
-15.5	0.026578417230702298
-15.0	0.02383710793333116
-14.5	0.0213932801983069
-14.0	0.019214509208649637
-13.5	0.017271888120743758
-13.0	0.015539644694845534
-12.5	0.013994799569970715
-12.0	0.01261686166035205
-11.5	0.011387556645571388
-11.0	0.010290584968749593
-10.5	0.009311406151884354
-10.0	0.008437046590730319
-9.5	0.00765592830754316
-9.0	0.006957716422991358
-8.5	0.006333183362272865
-8.0	0.005774088037833707
-7.5	0.005273068455293309
-7.0	0.004823546371842239
-6.5	0.004419642799666626
-6.0	0.004056103291711586
-5.5	0.0037282320742971333
-5.0	0.0034318341999721863
-4.5	0.003163164984656924
-4.0	0.002918886063714614
-3.5	0.0026960274500027817
-3.0	0.0024919550020363187
-2.5	0.0023043427086280686
-2.0	0.0021311491681421544
-1.5	0.001970597584912518
-1.0	0.001821158527517088
-0.5	0.0016815346003637563
0.0	0.001550646087107783
0.5	0.0014276165523847504
1.0	0.0013117573660260846
1.5	0.0012025501752153623
2.0	0.001099626530223984
2.5	0.0010027441941772401
3.0	9.117601452831607e-4
3.5	8.266008899450537e-4
4.0	7.472313799144967e-4
4.5	6.736244565618572e-4
5.0	6.057331887062041e-4
5.5	5.434685682256246e-4
6.0	4.866846756396478e-4
6.5	4.351725925567035e-4
7.0	3.8866313206940926e-4
7.5	3.468371213603749e-4
8.0	3.093408290882069e-4
8.5	2.7580350214396945e-4
9.0	2.458540412417472e-4
9.5	2.1913456441894578e-4
10.0	1.9530972112008927e-4
10.5	1.7407174997414662e-4
11.0	1.5514202614105334e-4
11.5	1.3827061014514645e-4
12.0	1.2323384739852065e-4
12.5	1.0983228885899123e-4
13.0	9.788813144170124e-5
13.5	8.724288908116239e-5
14.0	7.775530674848825e-5
14.5	6.929949008480877e-5
15.0	6.176323555024885e-5
15.5	5.504654162629633e-5
16.0	4.906028186548589e-5
16.5	4.372502223772522e-5
17.0	3.8969967089302546e-5
17.5	3.4732019727369036e-5
18.0	3.095494516528775e-5
18.5	2.7588623918438013e-5
19.0	2.4588386949102835e-5
19.5	2.1914422935601953e-5
20.0	1.953125000006377e-5
