-20.0	20.724784138723404
-19.5	18.061516077625644
-19.0	15.71816998467326
-18.5	13.658150724909403
-18.0	11.848938169612419
-17.5	10.261638501330193
-17.0	8.870584628410377
-16.5	7.652980353356431
-16.0	6.588583523021561
-15.5	5.6594239088608616
-15.0	4.849552029053047
-14.5	4.144815537491462
-14.0	3.532660172855603
-13.5	3.0019525891382757
-13.0	2.5428226814382744
-12.5	2.146523281439283
-12.0	1.8053053291859502
-11.5	1.5123068346559225
-11.0	1.2614541268799957
-10.5	1.0473740524447992
-10.0	0.865315931242835
-9.5	0.7110822072137242
-9.0	0.5809668472397804
-8.5	0.4717006437889912
-8.0	0.38040266765893443
-7.5	0.3045371974223703
-7.0	0.24187552294732756
-6.5	0.19046208258501104
-6.0	0.1485844481432256
-5.5	0.11474671939373247
-5.0	0.08764593138162963
-4.5	0.06615111401801793
-4.0	0.049284675196054374
-3.5	0.03620580690837317
-3.0	0.02619563960051034
-2.5	0.018643894408527133
-2.0	0.013036807220082668
-1.5	0.008946123883714518
-1.0	0.006018993471653468
-0.5	0.003968617060015842
0.0	0.002565543268108871
0.5	0.0016295382280822036
1.0	0.0010219951493227002
1.5	6.388845018325321e-4
2.0	4.0427640970985677e-4
2.5	2.6448797258668956e-4
3.0	1.8291611578456795e-4
3.5	1.3560883812888526e-4
4.0	1.0760453130317414e-4
4.5	9.003375474541799e-5
5.0	7.793691055782133e-5
5.5	6.87129747134045e-5
6.0	6.108682135244624e-5
6.5	5.447104337207516e-5
7.0	4.86034584672563e-5
7.5	4.3360115142932235e-5
8.0	3.8669087765485274e-5
8.5	3.447586621353407e-5
9.0	3.073188535210843e-5
9.5	2.7391859742434708e-5
10.0	2.441372611368295e-5
10.5	2.1758971484236786e-5
11.0	1.9392753858916128e-5
11.5	1.728382637628706e-5
12.0	1.540423094120955e-5
12.5	1.3729036109383177e-5
13.0	1.22360164304001e-5
13.5	1.090536113516205e-5
14.0	9.719413343560435e-6
14.5	8.662436260600561e-6
15.0	7.720404443780757e-6
15.5	6.880817703286855e-6
16.0	6.132535233185424e-6
16.5	5.465627779715422e-6
17.0	4.87124588616251e-6
17.5	4.34150246592093e-6
18.0	3.869368145660756e-6
18.5	3.4485779898045686e-6
19.0	3.073548368637861e-6
19.5	2.739302866950061e-6
20.0	2.441406250007595e-6
