-20.0	0.010523687898117617
-19.5	0.009389655580581415
-19.0	0.008378935935117352
-18.5	0.0074781173450252526
-18.0	0.006675246518705249
-17.5	0.005959669877975926
-17.0	0.0053218921931293345
-16.5	0.004753450588956819
-16.0	0.004246802249985152
-15.5	0.003795224334966119
-15.0	0.003392724772692393
-14.5	0.003033962755653154
-14.0	0.0027141778767502795
-13.5	0.002429126969069829
-13.0	0.0021750278109500627
-12.5	0.0019485089498028898
-12.0	0.0017465649794099509
-11.5	0.001566516677909888
-11.0	0.0014059754783411213
-10.5	0.0012628118012430552
-10.0	0.0011351268302806396
-9.5	0.001021227357765411
-9.0	9.196033679421881e-4
-8.5	8.289080625316022e-4
-8.0	7.479400657376624e-4
-7.5	6.756275751923354e-4
-7.0	6.110142514650571e-4
-6.5	5.532466621443781e-4
-6.0	5.015631173743893e-4
-5.5	4.552837523515698e-4
-5.0	4.1380172875138556e-4
-4.5	3.765754415882052e-4
-4.0	3.4312163061998017e-4
-3.5	3.130093060870131e-4
-3.0	2.8585440742271773e-4
-2.5	2.6131512035498924e-4
-2.0	2.3908778265236937e-4
-1.5	2.1890331143803487e-4
-1.0	2.0052408569491096e-4
-0.5	1.837412163281015e-4
0.0	1.6837213351518404e-4
0.5	1.5425841768120928e-4
1.0	1.4126379745263518e-4
1.5	1.2927223694266687e-4
2.0	1.1818603775312734e-4
2.5	1.0792389009707851e-4
3.0	9.841882435697498e-5
3.5	8.961604046259651e-5
4.0	8.147062688235575e-5
4.5	7.394522105270136e-5
5.0	6.70077036410356e-5
5.5	6.062905138035019e-5
6.0	5.478148946615832e-5
6.5	4.943707552465218e-5
7.0	4.456680991420564e-5
7.5	4.014030438734573e-5
8.0	3.612596379215917e-5
8.5	3.249156161956959e-5
9.0	2.920503897137003e-5
9.5	2.6235342536194977e-5
10.0	2.355314369558558e-5
10.5	2.1131338093976343e-5
11.0	1.8945285627625537e-5
11.5	1.6972861938194863e-5
12.0	1.5194253153676753e-5
12.5	1.3591749609007082e-5
13.0	1.2149442454929233e-5
13.5	1.0852931475350239e-5
14.0	9.689066879705565e-6
14.5	8.645738844568015e-6
15.0	7.711722945584732e-6
15.5	6.87658100662707e-6
16.0	6.1306091363921385e-6
16.5	5.464818909357487e-6
17.0	4.870935064773243e-6
17.5	4.3413943360551675e-6
18.0	3.869334496070551e-6
18.5	3.4485687479089016e-6
19.0	3.073546162131372e-6
19.5	2.7393024167547094e-6
20.0	2.441406173001641e-6
