-20.0	152.20142373472177
-19.5	135.38387359679447
-19.0	120.3719744383854
-18.5	106.96842874837262
-18.0	94.99745472645812
-17.5	84.30247731449036
-17.0	74.74407758374896
-16.5	66.19817340337573
-16.0	58.5544071289292
-15.5	51.714718402163655
-15.0	45.59208196173992
-14.5	40.109391676869095
-14.0	35.19847271860764
-13.5	30.799203915110617
-13.0	26.85873190684122
-12.5	23.330757889954928
-12.0	20.174876790743063
-11.5	17.35594818583152
-11.0	14.843478931824349
-10.5	12.611000245223392
-10.0	10.63542784065492
-9.5	8.89640330510704
-9.0	7.375627916102324
-8.5	6.056215009039785
-8.0	4.922100602566386
-7.5	3.95755996793179
-7.0	3.1468759234492367
-6.5	2.474190516819107
-6.0	1.9235467408918125
-5.5	1.4790964979129069
-5.0	1.125423464240693
-4.5	0.8479128777481222
-4.0	0.633099165401344
-3.5	0.46893606581605196
-3.0	0.34495713091828006
-2.5	0.2523197495602229
-2.0	0.18374656508088458
-1.5	0.133390705726564
-1.0	0.09665522860532824
-0.5	0.06999454859217774
0.0	0.05071926633860331
0.5	0.03681837068551467
1.0	0.026806076131821295
1.5	0.019595443793415896
2.0	0.014397589168620294
2.5	0.010643453464949893
3.0	0.007924400117161131
3.5	0.00594789089721226
4.0	0.004504873323745775
4.5	0.0034460483716185924
5.0	0.0026647473532581427
5.5	0.0020846566427281843
6.0	0.0016510585073073773
6.5	0.001324600442814682
7.0	0.001076871493913837
7.5	8.872645659314563e-4
8.0	7.407519900153229e-4
8.5	6.263095638295913e-4
9.0	5.358017870673934e-4
9.5	4.6319565297510553e-4
10.0	4.0400792604857117e-4
10.5	3.549160009222795e-4
11.0	3.1347948753408247e-4
11.5	2.779327290231838e-4
12.0	2.470206630267052e-4
12.5	2.198626583691728e-4
13.0	1.9583937140083875e-4
13.5	1.7450339925706822e-4
14.0	1.5551485556678852e-4
14.5	1.385998447588828e-4
15.0	1.2352661727670091e-4
15.5	1.1009310329075909e-4
16.0	9.812056590170729e-5
16.5	8.745004465592543e-5
17.0	7.793993418964418e-5
17.5	6.94640394551411e-5
18.0	6.190989033052784e-5
18.5	5.517724783682696e-5
19.0	4.917677389820948e-5
19.5	4.382884587117044e-5
20.0	3.906250000000056e-5
