-20.0	0.04209475159247047
-19.5	0.03755862232232566
-19.0	0.03351574374046941
-18.5	0.02991246938010101
-18.0	0.026700986074820996
-17.5	0.023838679511903705
-17.0	0.021287568772517338
-16.5	0.019013802355827277
-16.0	0.01698720899994061
-15.5	0.015180897339864476
-15.0	0.013570899090769572
-14.5	0.012135851022612616
-14.0	0.010856711507001118
-13.5	0.009716507876279316
-13.0	0.00870011124380025
-12.5	0.007794035799211559
-12.0	0.006986259917639803
-11.5	0.006266066711639552
-11.0	0.005623901913364485
-10.5	0.005051247204972221
-10.0	0.004540507321122558
-9.5	0.004084909431061644
-9.0	0.0036784134717687523
-8.5	0.003315632250126409
-8.0	0.0029917602629506495
-7.5	0.0027025103007693417
-7.0	0.0024440570058602284
-6.5	0.0022129866485775126
-6.0	0.002006252469497557
-5.5	0.0018211350094062791
-5.0	0.0016552069150055422
-4.5	0.0015063017663528209
-4.0	0.0013724865224799207
-3.5	0.0012520372243480524
-3.0	0.001143417629690871
-2.5	0.001045260481419957
-2.0	9.563511306094775e-4
-1.5	8.756132457521395e-4
-1.0	8.020963427796438e-4
-0.5	7.34964865312406e-4
0.0	6.734885340607361e-4
0.5	6.170336707248371e-4
1.0	5.650551898105407e-4
1.5	5.170889477706675e-4
2.0	4.7274415101250934e-4
2.5	4.3169556038831405e-4
3.0	3.936752974278999e-4
3.5	3.5846416185038603e-4
4.0	3.25882507529423e-4
4.5	2.957808842108054e-4
5.0	2.680308145641424e-4
5.5	2.4251620552140075e-4
6.0	2.191259578646333e-4
6.5	1.9774830209860872e-4
7.0	1.7826723965682256e-4
7.5	1.6056121754938292e-4
8.0	1.4450385516863668e-4
8.5	1.2996624647827835e-4
9.0	1.1682015588548013e-4
9.5	1.0494137014477991e-4
10.0	9.421257478234233e-5
10.5	8.452535237590537e-5
11.0	7.578114251050215e-5
11.5	6.789144775277945e-5
12.0	6.077701261470701e-5
12.5	5.436699843602833e-5
13.0	4.8597769819716934e-5
13.5	4.3411725901400954e-5
14.0	3.875626751882226e-5
14.5	3.458295537827206e-5
15.0	3.084689178233893e-5
15.5	2.750632402650828e-5
16.0	2.4522436545568554e-5
16.5	2.185927563742995e-5
17.0	1.9483740259092973e-5
17.5	1.736557734422067e-5
18.0	1.5477337984282205e-5
18.5	1.3794274991635607e-5
19.0	1.2294184648525488e-5
19.5	1.0957209667018837e-5
20.0	9.765624692006564e-6
