-20.0	22.077804019275913
-19.5	19.240542846657178
-19.0	16.74411122444101
-18.5	14.549522080422934
-18.0	12.622129718624912
-17.5	10.931151793561533
-17.0	9.4492436043053
-16.5	8.152119002576217
-16.0	7.0182128309195075
-15.5	6.028380361250239
-15.0	5.165629697939256
-14.5	4.414883549814851
-14.0	3.762767167735851
-13.5	3.197419594008264
-13.0	2.70832568146909
-12.5	2.286166617708087
-12.0	1.92268693726677
-11.5	1.6105762250665738
-11.0	1.3433639106148643
-10.5	1.1153257273474435
-10.0	0.9214005670408474
-9.5	0.7571165975974131
-9.0	0.6185256354697009
-8.5	0.5021448731158038
-8.0	0.4049051585705417
-7.5	0.32410510970876677
-7.0	0.2573704211751429
-6.5	0.2026177882413344
-6.0	0.158022929939389
-5.5	0.12199224456284333
-5.0	0.09313767486096436
-4.5	0.07025439883099636
-4.0	0.05230099584840376
-3.5	0.03838176796067325
-3.0	0.027730923612017608
-2.5	0.019698357080650993
-2.0	0.013736782794328639
-1.5	0.009390010743257633
-1.0	0.006282178602339439
-0.5	0.004107788742738675
0.0	0.002622434310450252
0.5	0.0016341373717838818
1.0	9.952620780276761e-4
1.5	5.950040079147354e-4
2.0	3.5248940480043313e-4
2.5	2.1054051551611694e-4
3.0	1.30171605630397e-4
3.5	8.587194618149481e-5
4.0	6.170730637928037e-5
4.5	4.8233841378575797e-5
5.0	4.017461106788208e-5
5.5	3.476816114510642e-5
6.0	3.066919078227726e-5
6.5	2.726899051712636e-5
7.0	2.4309046597497078e-5
7.5	2.168114325728784e-5
8.0	1.9334514885958137e-5
8.5	1.7237831038113292e-5
9.0	1.5365892154787034e-5
9.5	1.3695911806637198e-5
10.0	1.2206857696524168e-5
10.5	1.0879484381386411e-5
11.0	9.696376634190805e-6
11.5	8.641913134084208e-6
12.0	7.702115462407828e-6
12.5	6.864518053686956e-6
13.0	6.118008215106328e-6
13.5	5.452680567572649e-6
14.0	4.859706671780516e-6
14.5	4.331218130300548e-6
15.0	3.860202221890553e-6
15.5	3.4404088516435207e-6
16.0	3.066267616592868e-6
16.5	2.732813889857826e-6
17.0	2.435622943081409e-6
17.5	2.1707512329605647e-6
18.0	1.9346840728304846e-6
18.5	1.7242889949023758e-6
19.0	1.5367741843189272e-6
19.5	1.369651433475122e-6
20.0	1.2207031250039855e-6
