-20.0	0.9651424842919389
-19.5	0.7672620325533885
-19.0	0.6100126367152127
-18.5	0.485044961141867
-18.0	0.3857260963398131
-17.5	0.30678662512218385
-17.0	0.24404026790508923
-16.5	0.1941611806676924
-16.0	0.15450704896214196
-15.5	0.12297855982634669
-15.0	0.09790777041908827
-14.5	0.07796943077929527
-14.0	0.062110540270761044
-13.5	0.04949438806999799
-13.0	0.03945609919631703
-12.5	0.031467320125484595
-12.0	0.0251081645968453
-11.5	0.02004492672005103
-11.0	0.016012375499854088
-10.5	0.012799688767572122
-10.0	0.010239278225246676
-9.5	0.008197911186619536
-9.0	0.006569656831208989
-8.5	0.005270281882880395
-8.0	0.004232797751712382
-7.5	0.0034039224444289123
-7.0	0.0027412692159723123
-6.5	0.002211112594193892
-6.0	0.0017866131192141236
-5.5	0.001446406533691133
-5.0	0.0011734825387093547
-4.5	9.542936238303536e-4
-4.0	7.780467084717299e-4
-3.5	6.361400461113517e-4
-3.0	5.217155599176103e-4
-2.5	4.293029090116706e-4
-2.0	3.5453645495977067e-4
-1.5	2.93930167477642e-4
-1.0	2.446985826158362e-4
-0.5	2.0461436948593609e-4
0.0	1.718950028410502e-4
0.5	1.4511258176097704e-4
1.0	1.2312206124756006e-4
1.5	1.0500413864054407e-4
2.0	9.001981173322792e-5
2.5	7.757424063986125e-5
3.0	6.718803233567001e-5
3.5	5.8474449826379544e-5
4.0	5.1121346290132095e-5
4.5	4.4876854003922824e-5
5.0	3.953803273582723e-5
5.5	3.4941817200338184e-5
6.0	3.09577139345772e-5
6.5	2.7481800128792625e-5
7.0	2.443168206717984e-5
7.5	2.1742181307153687e-5
8.0	1.9361623043148472e-5
8.5	1.7248684988563045e-5
9.0	1.5369809149997654e-5
9.5	1.3697177757366245e-5
10.0	1.2207220319974096e-5
10.5	1.0879575220586343e-5
11.0	9.69639968745586e-6
11.5	8.641918086994268e-6
12.0	7.702116273847111e-6
12.5	6.864518158269312e-6
13.0	6.1180082254773355e-6
13.5	5.452680568409738e-6
14.0	4.859706671803665e-6
14.5	4.331218130292979e-6
15.0	3.860202221885279e-6
15.5	3.440408851641146e-6
16.0	3.0662676165888747e-6
16.5	2.7328138898539416e-6
17.0	2.4356229430772544e-6
17.5	2.17075123295767e-6
18.0	1.9346840728285135e-6
18.5	1.724288994900821e-6
19.0	1.5367741843190485e-6
19.5	1.369651433474059e-6
20.0	1.2207031250000028e-6
