-20.0	45.910509504969696
-19.5	40.3544556498712
-19.0	35.44104927820601
-18.5	31.09818191813022
-18.0	27.26170719754929
-17.5	23.874568059781843
-17.0	20.88601927705185
-16.5	18.25093487770897
-16.0	15.929191233666142
-15.5	13.885117562153932
-15.0	12.087006493924184
-14.5	10.506678160308445
-14.0	9.119091964823902
-13.5	7.9020008406383315
-13.0	6.835643361759241
-12.5	5.902469580652405
-12.0	5.086896914987543
-11.5	4.375092807187334
-11.0	3.7547812378455427
-10.5	3.215070492533553
-10.0	2.7462998653180435
-9.5	2.3399032351674034
-9.0	1.9882876766986437
-8.5	1.684725467375751
-8.0	1.423258031920874
-7.5	1.1986105237372768
-7.0	1.0061158845791631
-6.5	0.84164734943457
-6.0	0.7015584752057817
-5.5	0.5826298707619093
-5.0	0.4820218935658474
-4.5	0.3972326555365942
-4.0	0.3260607491460495
-3.5	0.26657216494661307
-3.0	0.21707092475051817
-2.5	0.1760730014046344
-2.0	0.14228313749305477
-1.5	0.11457421224379782
-1.0	0.09196883941818076
-0.5	0.0736229099570398
0.0	0.058810822627661144
0.5	0.046912174702877604
1.0	0.037399713504153165
1.5	0.029828378869929083
2.0	0.023825296312091262
2.5	0.01908061035544554
3.0	0.015339076430611272
3.5	0.012392356450413174
4.0	0.010071986305789978
4.5	0.008243001507584106
5.0	0.006798218936768786
5.5	0.00565317739543975
6.0	0.004741737433338551
6.5	0.004012332209349627
7.0	0.0034248471630563843
7.5	0.0029480887785216505
8.0	0.0025577842180482275
8.5	0.002235037343744095
9.0	0.001965156116243197
9.5	0.0017367644255966955
10.0	0.0015411190495271336
10.5	0.0013715679948186103
11.0	0.001223105463133718
11.5	0.0010920006940262708
12.0	9.754803908644743e-4
12.5	8.714726395886642e-4
13.0	7.783999655858648e-4
13.5	6.950224882064839e-4
14.0	6.203252311687417e-4
14.5	5.534419325755823e-4
15.0	4.936070820369086e-4
15.5	4.4012815190345685e-4
16.0	3.923710649840752e-4
16.5	3.4975344670763075e-4
17.0	3.117417732021307e-4
17.5	2.778499076988044e-4
18.0	2.4763761620609737e-4
18.5	2.2070845710986633e-4
19.0	1.9670696804272204e-4
19.5	1.7531535746058178e-4
20.0	1.562499955489732e-4
