-20.0	0.14335741530903512
-19.5	0.12792083824346057
-19.0	0.1141628585382688
-18.5	0.1019009162688454
-18.0	0.09097230304608939
-17.5	0.08123200298200628
-17.0	0.0725507684259023
-16.5	0.06481340493783419
-16.0	0.05791724274241031
-15.5	0.05177077438095121
-15.0	0.04629244048522335
-14.5	0.04140954756194448
-14.0	0.03705730342908592
-13.5	0.03317795750659379
-13.0	0.029720034555797276
-12.5	0.026637651702487997
-12.0	0.02388990968433713
-11.5	0.021440350248921367
-11.0	0.019256472507690997
-10.5	0.0173093018343234
-10.0	0.015573005594851017
-9.5	0.01402455062000138
-9.0	0.012643397886207108
-8.5	0.011411230367976831
-8.0	0.01031171046720944
-7.5	0.009330263821175515
-7.0	0.008453886644639478
-6.5	0.0076709740783512115
-6.0	0.006971167299657629
-5.5	0.006345217405536795
-5.0	0.005784864305914437
-4.5	0.005282729069905061
-4.0	0.004832218350922037
-3.5	0.0044274396796713765
-3.0	0.004063126560039683
-2.5	0.0037345724294723937
-2.0	0.0034375726556523656
-1.5	0.0031683738315180614
-1.0	0.002923629702284476
-0.5	0.002700363106568739
0.0	0.002495933339470534
0.5	0.0023080083446435536
1.0	0.0021345411141682567
1.5	0.0019737496198844948
2.0	0.0018240995230112602
2.5	0.0016842888159585394
3.0	0.0015532334557366943
3.5	0.001430052977251595
4.0	0.0013140550506630447
4.5	0.0012047180048677265
5.0	0.0011016705198549116
5.5	0.0010046680072805791
6.0	9.135656791691097e-4
6.5	8.282889080948267e-4
7.0	7.488021575272948e-4
7.5	6.750783953586737e-4
8.0	6.070713484470948e-4
8.5	5.446930660195394e-4
9.0	4.8779891483374804e-4
9.5	4.3618130491379116e-4
10.0	3.895722439587624e-4
10.5	3.4765348290100896e-4
11.0	3.10071750685122e-4
11.5	2.764567892213684e-4
12.0	2.4643717480298324e-4
12.5	2.1965466142858173e-4
13.0	1.9577340324794176e-4
13.5	1.74485056584444e-4
14.0	1.55510456712242e-4
14.5	1.385989513590629e-4
15.0	1.23526466712761e-4
15.5	1.1009308271122883e-4
16.0	9.812056367823965e-5
16.5	8.745004447150741e-5
17.0	7.793993417838999e-5
17.5	6.946403945473287e-5
18.0	6.19098903305755e-5
18.5	5.5177247836876026e-5
19.0	4.917677389820567e-5
19.5	4.3828845871203906e-5
20.0	3.906250000012754e-5
