-20.0	15.442279748671266
-19.5	12.276192520854034
-19.0	9.76020218744368
-18.5	7.760719378269975
-18.0	6.171617541437009
-17.5	4.908586001954883
-17.0	3.904644286481449
-16.5	3.106578890683095
-16.0	2.4721127833942713
-15.5	1.967656957221547
-15.0	1.5665243267053985
-14.5	1.2475108924687244
-14.0	0.9937686443321846
-13.5	0.7919102091199678
-13.0	0.6312975871410701
-12.5	0.5034771220077535
-12.0	0.4017306335495235
-11.5	0.32071882752081693
-11.0	0.2561980079976658
-10.5	0.20479502028115365
-10.0	0.16382845160394663
-9.5	0.13116657898591258
-9.0	0.10511450929934382
-8.5	0.0843245101260864
-8.0	0.06772476402739812
-7.5	0.054462759110862534
-7.0	0.04386030745555696
-6.5	0.035377801507102236
-6.0	0.028585809907425964
-5.5	0.023142504539058112
-5.0	0.018775720619349668
-4.5	0.015268697981285669
-4.0	0.012448747335547669
-3.5	0.010178240737781627
-3.0	0.008347448958681765
-2.5	0.006868846544186728
-2.0	0.005672583279356332
-1.5	0.004702882679642271
-1.0	0.003915177321853381
-0.5	0.003273829911774976
0.0	0.002750320045456805
0.5	0.002321801308175634
1.0	0.001969952979960963
1.5	0.001680066218248707
2.0	0.0014403169877316472
2.5	0.0012411878502377814
3.0	0.0010750085173707208
3.5	9.355911972220732e-4
4.0	8.179415406421143e-4
4.5	7.180296640627655e-4
5.0	6.326085237732363e-4
5.5	5.590690752054112e-4
6.0	4.953234229532352e-4
6.5	4.397088020606824e-4
7.0	3.9090691307487797e-4
7.5	3.47874900914459e-4
8.0	3.0978596869037545e-4
8.5	2.75978959817009e-4
9.0	2.4591694639996246e-4
9.5	2.191548441178602e-4
10.0	1.9531552511958597e-4
10.5	1.7407320352938127e-4
11.0	1.551423949992937e-4
11.5	1.382706893919082e-4
12.0	1.2323386038155386e-4
12.5	1.0983229053230884e-4
13.0	9.788813160763729e-5
13.5	8.724288909455562e-5
14.0	7.775530674885898e-5
14.5	6.92994900846874e-5
15.0	6.176323555016429e-5
15.5	5.504654162625866e-5
16.0	4.906028186542219e-5
16.5	4.3725022237663045e-5
17.0	3.8969967089236294e-5
17.5	3.473201972732273e-5
18.0	3.095494516525635e-5
18.5	2.7588623918413334e-5
19.0	2.458838694910474e-5
19.5	2.191442293558523e-5
20.0	1.9531250000000295e-5
