-20.0	0.010891752021512942
-19.5	0.009715673816563405
-19.0	0.008667486673853066
-18.5	0.007733281792702812
-18.0	0.0069006628493065245
-17.5	0.006158581505432277
-17.0	0.005497190804173985
-16.5	0.004907714507431254
-16.0	0.004382330641329588
-15.5	0.0039140677043473186
-15.0	0.003496712160934795
-14.5	0.003124725993192497
-14.0	0.002793173216640253
-13.5	0.00249765438508748
-13.0	0.0022342482156365497
-12.5	0.0019994595593723348
-12.0	0.0017901730275236903
-11.5	0.0016036116579649907
-11.0	0.001437300073880783
-10.5	0.0012890316460645059
-10.0	0.001156839223545547
-9.5	0.0010389690446749127
-9.0	9.338574831194437e-4
-8.5	8.401103209690957e-4
-8.0	7.564842748424549e-4
-7.5	6.818705309749617e-4
-7.0	6.152800721337641e-4
-6.5	5.558306032254792e-4
-6.0	5.027349039361576e-4
-5.5	4.552904559883234e-4
-5.0	4.1287020978158096e-4
-4.5	3.7491437061237527e-4
-4.0	3.4092309845987234e-4
-3.5	3.1045002759536e-4
-3.0	2.83096523256225e-4
-2.5	2.5850660220715034e-4
-2.0	2.363624524223292e-4
-1.5	2.1638049416868323e-4
-1.0	1.9830793058116535e-4
-0.5	1.819197401460877e-4
0.0	1.6701606642063543e-4
0.5	1.5341996160925237e-4
1.0	1.4097544026209365e-4
1.5	1.2954579740399487e-4
2.0	1.1901214215219312e-4
2.5	1.0927209364214915e-4
3.0	1.0023858165379301e-4
3.5	9.183869112341597e-5
4.0	8.401248900050428e-5
4.5	7.671177559454103e-5
5.0	6.989871293946036e-5
5.5	6.354430040470754e-5
6.0	5.7626694476829715e-5
6.5	5.212940295157287e-5
7.0	4.703942101466261e-5
7.5	4.234541166599715e-5
8.0	3.803605748627689e-5
8.5	3.409871699164848e-5
9.0	3.051850013945499e-5
9.5	2.7277832637498747e-5
10.0	2.4356513193777183e-5
10.5	2.1732194925092805e-5
11.0	1.9381152271589783e-5
11.5	1.7279212667986095e-5
12.0	1.5402563369349868e-5
12.5	1.3728494388198743e-5
13.0	1.2235860245306677e-5
13.5	1.0905321735935723e-5
14.0	9.719404785927575e-6
14.5	8.662434688762463e-6
15.0	7.72040420452879e-6
15.5	6.880817673784491e-6
16.0	6.1325352303121395e-6
16.5	5.465627779500289e-6
17.0	4.871245886146894e-6
17.5	4.341502465919869e-6
18.0	3.869368145659519e-6
18.5	3.4485779898018514e-6
19.0	3.073548368638437e-6
19.5	2.739302866944552e-6
20.0	2.4414062500005307e-6
