-20.0	68.31393990654433
-19.5	60.89841672231483
-19.0	54.28895103451123
-18.5	48.39786215745377
-18.0	43.147003235463615
-17.5	38.4667243767535
-17.0	34.29494854558751
-16.5	30.576347951586857
-16.0	27.26161000878094
-15.5	24.30678312610941
-15.0	21.67269365040533
-14.5	19.32442622782511
-14.0	17.230860691544983
-13.5	15.364259334340304
-13.0	13.699899093899315
-12.5	12.215743775646207
-12.0	10.892151970036863
-11.5	9.711616795992652
-11.0	8.658534025606029
-10.5	7.718995522952205
-10.0	6.88060526670879
-9.5	6.132315526615249
-9.0	5.464281031281054
-8.5	4.867729202550299
-8.0	4.334844742233528
-7.5	3.8586670424479474
-7.0	3.4329990526011662
-6.5	3.052326375142401
-6.0	2.7117454791926954
-5.5	2.4069000163249292
-5.0	2.133924296589836
-4.5	1.8893930363983065
-4.0	1.6702765255683931
-3.5	1.4739003835134843
-3.0	1.2979090923145877
-2.5	1.1402325194679934
-2.0	0.9990546915309716
-1.5	0.8727841701913697
-1.0	0.7600255315068367
-0.5	0.6595516668349151
0.0	0.57027690497062
0.5	0.4912312722726873
1.0	0.42153651041299495
1.5	0.36038469153854524
2.0	0.3070203384810823
2.5	0.260726825812895
3.0	0.22081750386546442
3.5	0.18663150682981014
4.0	0.15753368043246108
4.5	0.13291761663561624
5.0	0.11221051557236371
5.5	0.09487856007789518
6.0	0.08043167311738578
6.5	0.06842686714575416
7.0	0.058469794969485386
7.5	0.05021448593345714
8.0	0.04336153602553756
8.5	0.037655184194144875
9.0	0.03287974558487225
9.5	0.028855801099304034
10.0	0.025436393512841646
10.5	0.022503303079287815
11.0	0.019963335787026863
11.5	0.017744518948486845
12.0	0.015792183415117268
12.5	0.014065073887572733
13.0	0.012531765197622908
13.5	0.011167671845646222
14.0	0.009952819387541086
14.5	0.008870363290117042
15.0	0.007905698978954469
15.5	0.0070459579900693965
16.0	0.006279716150482482
16.5	0.005596802852386433
17.0	0.00498815578779122
17.5	0.004445698525113654
18.0	0.003962232981153286
18.5	0.0035313438615568954
19.0	0.003147313529485408
19.5	0.0028050461357548924
20.0	0.0025000000000000074
