-20.0	13.66359289605489
-19.5	12.180365357886311
-19.0	10.858368325435652
-18.5	9.68006269805608
-18.0	8.629816605660194
-17.5	7.693697962410125
-17.0	6.859289583585441
-16.5	6.115524411579541
-16.0	5.452538664034597
-15.5	4.86154095513343
-15.0	4.334695653198589
-14.5	3.8650189268564303
-14.0	3.4462861005652043
-13.5	3.0729490905801007
-13.0	2.740062826386509
-12.5	2.4432196820901653
-12.0	2.178491048769654
-11.5	1.9423752738017417
-11.0	1.7317512779103672
-10.5	1.5438372362728974
-10.0	1.376153777432772
-9.5	1.226491213859696
-9.0	1.092880371519185
-8.5	0.9735666333794579
-8.0	0.866986853918541
-7.5	0.7717488387977556
-7.0	0.6866131162384337
-6.5	0.6104767544691749
-6.0	0.542359003015236
-5.5	0.4813885546436686
-5.0	0.4267922395471153
-4.5	0.3778849740587351
-4.0	0.33406079333411126
-3.5	0.29478480197339413
-3.0	0.2595858801134721
-2.5	0.22804998753166136
-2.0	0.19981391799191897
-1.5	0.17455937412619615
-1.0	0.15200726299057515
-0.5	0.13191215599324851
0.0	0.11405691309232976
0.5	0.09824753461732465
1.0	0.08430836464017719
1.5	0.07207781385501748
2.0	0.06140478349551506
2.5	0.05214594545000334
3.0	0.04416396699765258
3.5	0.037326672387750816
4.0	0.03150702835531403
4.5	0.026583751058033435
5.0	0.022442278469019798
5.5	0.018975845292246878
6.0	0.0160864344549515
6.5	0.013685446981521177
7.0	0.011694012160858053
7.5	0.010042934772065071
8.0	0.008672333088292372
8.5	0.00753105411974285
9.0	0.006575960239579193
9.5	0.005771167075924201
10.0	0.005087282719612793
10.5	0.004500662834240842
11.0	0.003992668314356298
11.5	0.0035489043629924185
12.0	0.003158436930854281
12.5	0.0028130148731466877
13.0	0.0025063530725883266
13.5	0.0022335343792364054
14.0	0.001990563880186649
14.5	0.0017740726586263065
15.0	0.0015811397959036677
15.5	0.001409191598031018
16.0	0.001255943230098548
16.5	0.0011193605704774793
17.0	9.976311575582584e-4
17.5	8.891397050227398e-4
18.0	7.924465962306584e-4
18.5	7.062687723113876e-4
19.0	6.294627058981933e-4
19.5	5.610092272988739e-4
20.0	5.000000147202642e-4
