-20.0	0.03335641596999235
-19.5	0.029735555040192787
-19.0	0.026508276872319936
-18.5	0.023631768631569225
-18.0	0.021067872673566218
-17.5	0.01878258026208667
-17.0	0.01674558034452515
-16.5	0.01492985739823577
-16.0	0.013311333012100069
-15.5	0.01186854644829561
-15.0	0.010582369946486977
-14.5	0.00943575499405523
-14.0	0.008413506197043449
-13.5	0.007502079753095851
-13.0	0.006689403854443025
-12.5	0.005964718640452249
-12.0	0.005318433579119562
-11.5	0.004742000388668287
-11.0	0.004227799817190444
-10.5	0.003769040782691506
-10.0	0.0033596705403851515
-9.5	0.0029942946907301022
-9.0	0.002668105972305202
-8.5	0.002376820899682763
-8.0	0.002116623409293715
-7.5	0.0018841147668202868
-7.0	0.0016762690686529132
-6.5	0.0014903937378625005
-6.0	0.0013240944722620583
-5.5	0.0011752441485961568
-5.0	0.001041955222944256
-4.5	9.225551935538606e-4
-4.0	8.15564709750192e-4
-3.5	7.196779216374435e-4
-3.0	6.337446739817323e-4
-2.5	5.567541598964812e-4
-2.0	4.878196735991072e-4
-1.5	4.261641456012547e-4
-1.0	3.711062165560726e-4
-0.5	3.2204671232173587e-4
0.0	2.7845552000518555e-4
0.5	2.398590196643981e-4
1.0	2.058283742250952e-4
1.5	1.759690876653053e-4
2.0	1.4991227464896596e-4
2.5	1.2730802041645265e-4
3.0	1.078210468093088e-4
3.5	9.112866544424323e-5
4.0	7.692074239866263e-5
4.5	6.49011799978595e-5
5.0	5.479029080681822e-5
5.5	4.6327421913034754e-5
6.0	3.9273277889348524e-5
6.5	3.3411556223512774e-5
7.0	2.8549704574944036e-5
7.5	2.451879195969587e-5
8.0	2.117262501246951e-5
8.5	1.8386320407297302e-5
9.0	1.6054563273863403e-5
9.5	1.4089746630519548e-5
10.0	1.242011401994221e-5
10.5	1.0987940956683503e-5
11.0	9.74772255225921e-6
11.5	8.664315892815842e-6
12.0	7.711027058162729e-6
12.5	6.867711859166374e-6
13.0	6.1190259754018105e-6
13.5	5.452964768381944e-6
14.0	4.859775091572796e-6
14.5	4.331232075252462e-6
15.0	3.860204579567612e-6
15.5	3.4404091748385725e-6
16.0	3.0662676516027743e-6
16.5	2.732813892766813e-6
17.0	2.4356229432574314e-6
17.5	2.170751232965651e-6
18.0	1.934684072828753e-6
18.5	1.7242889949008278e-6
19.0	1.5367741843190468e-6
19.5	1.3696514334740686e-6
20.0	1.2207031250000036e-6
