-20.0	5.050204188267733
-19.5	4.4479403230064305
-19.0	3.9151093625521844
-18.5	3.4439180217681553
-18.0	3.027433411636449
-17.5	2.6594887665939018
-17.0	2.3345994678627577
-16.5	2.0478882409112016
-16.0	1.7950185272845571
-15.5	1.5721351398483099
-15.0	1.375811407455104
-14.5	1.2030021014403787
-14.0	1.051001513352811
-13.5	0.9174061219302494
-13.0	0.8000813484718838
-12.5	0.697131954228723
-12.0	0.606875681985424
-11.5	0.5278197872561324
-11.0	0.4586401430710962
-10.5	0.3981626366797126
-10.0	0.3453466071137748
-9.5	0.29927009984583075
-9.0	0.2591167391060018
-8.5	0.22416404011460825
-8.0	0.19377300283585616
-7.5	0.16737884611955775
-7.0	0.14448275650222533
-6.5	0.12464453969185225
-6.0	0.1074760750435655
-5.5	0.09263548430715582
-5.0	0.07982193573556882
-4.5	0.06877101341142017
-4.0	0.05925058948854297
-3.5	0.0510571440552152
-3.0	0.04401248359252589
-2.5	0.03796081460182157
-2.0	0.0327661339777126
-1.5	0.028309902168710096
-1.0	0.0244889691499567
-0.5	0.021213726779826622
0.0	0.018406464265289208
0.5	0.01599990625230131
1.0	0.013935915508990811
1.5	0.012164344287964276
2.0	0.01064202022948786
2.5	0.009331854070857694
3.0	0.008202057417407026
3.5	0.00722545937173556
4.0	0.006378910914120051
4.5	0.005642765669964039
5.0	0.005000425322460077
5.5	0.004437937817909479
6.0	0.003943637159561571
6.5	0.0035078154196275216
7.0	0.003122420734709095
7.5	0.0027807790649392395
8.0	0.0024773414104029795
8.5	0.002207460749270117
9.0	0.0019672032568896223
9.5	0.0017531962931238451
10.0	0.0015625121004076564
10.5	0.0013925826095299348
11.0	0.0012411385113580832
11.5	0.0011061653972476576
12.0	9.858708652950906e-4
12.5	8.786583220915993e-4
13.0	7.83105052652146e-4
13.5	6.979431127410663e-4
14.0	6.220424539899964e-4
14.5	5.543959206774556e-4
15.0	4.941058844013078e-4
15.5	4.403723330100667e-4
16.0	3.924822549233735e-4
16.5	3.4980017790130175e-4
17.0	3.1175973671388726e-4
17.5	2.7785615781858e-4
18.0	2.476395613220491e-4
18.5	2.2070899134730534e-4
19.0	1.96707095592838e-4
19.5	1.7531538348468078e-4
20.0	1.5625000000000046e-4
