-20.0	0.21497666993039644
-19.5	0.19161933132789896
-19.0	0.1708020814083374
-18.5	0.15224868789871668
-18.0	0.1357129585259563
-17.5	0.12097547419396798
-17.0	0.10784067742502111
-16.5	0.096134277429954
-16.0	0.08570093737414458
-15.5	0.07640221315087033
-15.0	0.06811471631031935
-14.5	0.06072847676772357
-14.0	0.054145483564138994
-13.5	0.048278384316917125
-13.0	0.04304932610155657
-12.5	0.0383889223841819
-12.0	0.034235332295665784
-11.5	0.03053344002940973
-11.0	0.027234123472935967
-10.5	0.02429360236734618
-10.0	0.02167285734360633
-9.5	0.019337112124693235
-9.0	0.017255372020252985
-8.5	0.015400012586577685
-8.0	0.013746412989634096
-7.5	0.012272629200768584
-7.0	0.010959102682071623
-6.5	0.00978840068753719
-6.0	0.00874498472383081
-5.5	0.007815004085914996
-5.0	0.006986111713116951
-4.5	0.00624729990495723
-4.0	0.005588753697430242
-3.5	0.0050017199333777605
-3.0	0.004478390269110297
-2.5	0.004011796547659773
-2.0	0.003595717141456368
-1.5	0.003224593029291112
-1.0	0.0028934525305111015
-0.5	0.0025978437816513754
0.0	0.0023337742170013434
0.5	0.0020976565164074518
1.0	0.0018862607228008275
1.5	0.0016966725171384176
2.0	0.0015262579679555248
2.5	0.0013726354212353971
3.0	0.0012336554947958989
3.5	0.0011073902531228835
4.0	9.92132342389789e-4
4.5	8.864038740748027e-4
5.0	7.889729055554039e-4
5.5	6.98872474580024e-4
6.0	6.154138652554178e-4
6.5	5.381834777548852e-4
7.0	4.6701329962871784e-4
7.5	4.0192012455611797e-4
8.0	3.430180439128415e-4
8.5	2.9041918740392824e-4
9.0	2.4414412770077943e-4
9.5	2.04061812403841e-4
10.0	1.6986950906986738e-4
10.5	1.4111061463669425e-4
11.0	1.1721823600741671e-4
11.5	9.756877145753589e-5
12.0	8.153201700682366e-5
12.5	6.85097704177003e-5
13.0	5.7960459793215865e-5
13.5	4.941116554644118e-5
14.0	4.2460253221831345e-5
14.5	3.677410203644446e-5
15.0	3.2080815916584646e-5
15.5	2.8162870468410245e-5
16.0	2.4849722719684722e-5
16.5	2.2010697647557733e-5
17.0	1.9548090871779773e-5
17.5	1.7390413984922424e-5
18.0	1.5485936234942303e-5
18.5	1.3796908651522e-5
19.0	1.2294887652330335e-5
19.5	1.0957370462068982e-5
20.0	9.765655616993126e-6
