-20.0	0.004019146669704694
-19.5	0.004011617371929051
-19.0	0.004003613705642764
-18.5	0.0039951064062012705
-18.0	0.003986064810346666
-17.5	0.003976456912180665
-17.0	0.0039662494587597115
-16.5	0.003955408095600761
-16.0	0.003943897574479027
-15.5	0.003931682038329188
-15.0	0.00391872540085552
-14.5	0.003904991841638653
-14.0	0.0038904464411118277
-13.5	0.003875055983766701
-13.0	0.0038587899623230065
-12.5	0.0038416218203197196
-12.0	0.0038235304755959297
-11.5	0.003804502172346227
-11.0	0.003784532714755576
-10.5	0.003763630140545887
-10.0	0.003741817898025888
-9.5	0.003719138595437357
-9.0	0.0036956583966901864
-8.5	0.003671472143403584
-8.0	0.0036467092903614716
-7.5	0.0036215407515189924
-7.0	0.003596186768933523
-6.5	0.0035709259410440946
-6.0	0.003546105584858943
-5.5	0.0035221536662749225
-5.0	0.0034995926242141926
-4.5	0.003479055551432631
-4.0	0.0034613053964102714
-3.5	0.0034472581417267774
-3.0	0.0034380113286162665
-2.5	0.0034348798814048034
-2.0	0.003439442004132729
-1.5	0.003453599067253907
-1.0	0.00347965500864877
-0.5	0.0035204230358819194
0.0	0.003579370622276913
0.5	0.003660818354891581
1.0	0.0037702147124943856
1.5	0.003914518141602164
2.0	0.004102730892481773
2.5	0.004346647066292617
3.0	0.004661900751153697
3.5	0.005069427236583567
4.0	0.005597472589593495
4.5	0.006284278573770263
5.0	0.0071814649550580485
5.5	0.008357778434388495
6.0	0.009901969740890774
6.5	0.01192158407710698
7.0	0.014530885050449662
7.5	0.017816582848212824
8.0	0.0217693356707708
8.5	0.026185002800948817
9.0	0.030586199053583122
9.5	0.03426870259118337
10.0	0.03654284120025582
10.5	0.03705741475538745
11.0	0.035948637606363854
11.5	0.033698737550108035
12.0	0.03086196058387873
12.5	0.027870127226190863
13.0	0.024980737460836386
13.5	0.022312293636436345
14.0	0.019900109871294435
14.5	0.017739603821363224
15.0	0.015811208779499934
15.5	0.014091890127712002
16.0	0.01255942950810302
16.5	0.011193605473018859
17.0	0.00997631156127954
17.5	0.008891397049594166
18.0	0.007924465962287254
18.5	0.007062687723113328
19.0	0.006294627058959743
19.5	0.005610092270030922
20.0	0.004999999852797369
