-20.0	3.1250000000000053
-19.5	2.785159181667932
-19.0	2.4822757335133603
-18.5	2.2123305762004524
-18.0	1.971741701500613
-17.5	1.7573166412198558
-17.0	1.566210105085231
-16.5	1.3958862254717708
-16.0	1.2440849079796847
-15.5	1.1087918413549245
-15.0	0.9882117688026173
-14.5	0.8807446660201412
-14.0	0.7849645098467506
-13.5	0.6996003558026037
-13.0	0.6235194734277743
-12.5	0.5557123156371563
-12.0	0.49527912264408896
-11.5	0.44141798269459886
-11.0	0.39341419118567106
-10.5	0.3506307669693557
-10.0	0.31249999999999617
-9.5	0.2785159181667978
-9.0	0.24822757335134524
-8.5	0.22123305762004744
-8.0	0.19717417015006689
-7.5	0.17573166412198937
-7.0	0.15662101050852256
-6.5	0.13958862254716847
-6.0	0.12440849079796237
-5.5	0.11087918413548732
-5.0	0.09882117688026298
-4.5	0.08807446660201934
-4.0	0.07849645098467999
-3.5	0.06996003558026251
-3.0	0.06235194734277223
-2.5	0.055571231563711354
-2.0	0.04952791226441276
-1.5	0.04414179826946622
-1.0	0.0393414191185677
-0.5	0.035063076696931345
0.0	0.03125000000000037
0.5	0.0278515918166841
1.0	0.024822757335130338
1.5	0.02212330576200229
2.0	0.019717417015010334
2.5	0.017573166412194433
3.0	0.015662101050855488
3.5	0.013958862254715213
4.0	0.012440849079799143
4.5	0.011087918413546456
5.0	0.009882117688029489
5.5	0.008807446660198988
6.0	0.007849645098465538
6.5	0.006996003558028286
7.0	0.006235194734280533
7.5	0.005557123156374145
8.0	0.004952791226443408
8.5	0.0044141798269477965
9.0	0.003934141911854823
9.5	0.0035063076696944463
10.0	0.003124999999998378
10.5	0.002785159181669269
11.0	0.0024822757254446513
11.5	0.0022123305587201376
12.0	0.0019717416950755014
12.5	0.0017573166398494563
13.0	0.0015662101048863875
13.5	0.0013958862254513755
14.0	0.0012440849079782413
14.5	0.001108791841354824
15.0	9.882117688026024e-4
15.5	8.807446660201279e-4
16.0	7.84964509846739e-4
16.5	6.996003558025982e-4
17.0	6.235194734277681e-4
17.5	5.557123156371564e-4
18.0	4.952791226440947e-4
18.5	4.41417982694608e-4
19.0	3.93414191185676e-4
19.5	3.5063076696935944e-4
20.0	3.12499999999997e-4
