-20.0	1.2625510470669332
-19.5	1.1119850807516076
-19.0	0.9787773406380461
-18.5	0.8609795054420388
-18.0	0.7568583529091123
-17.5	0.6648721916484754
-17.0	0.5836498669656894
-16.5	0.5119720602278004
-16.0	0.4487546318211393
-15.5	0.39303378496207747
-15.0	0.343952851863776
-14.5	0.30075052536009467
-14.0	0.26275037833820275
-13.5	0.22935153048256235
-13.0	0.20002033711797096
-12.5	0.17428298855718075
-12.0	0.151718920496356
-11.5	0.1319549468140331
-11.0	0.11466003576777405
-10.5	0.09954065916992814
-10.0	0.0863366517784437
-9.5	0.07481752496145769
-9.0	0.06477918477650045
-8.5	0.05604101002865206
-8.0	0.04844325070896404
-7.5	0.04184471152988944
-7.0	0.036120689125556334
-6.5	0.031161134922963064
-6.0	0.026869018760891376
-5.5	0.023158871076788955
-5.0	0.019955483933892206
-4.5	0.017192753352855042
-4.0	0.014812647372135742
-3.5	0.0127642860138038
-3.0	0.011003120898131472
-2.5	0.009490203650455392
-2.0	0.00819153349442815
-1.5	0.007077475542177524
-1.0	0.006122242287489175
-0.5	0.0053034316949566555
0.0	0.004601616066322302
0.5	0.003999976563075327
1.0	0.003483978877247703
1.5	0.003041086071991069
2.0	0.002660505057371965
2.5	0.0023329635177144234
3.0	0.0020505143543517565
3.5	0.00180636484293389
4.0	0.0015947277285300128
4.5	0.0014106914174910098
5.0	0.0012501063306150193
5.5	0.0011094844544773698
6.0	9.859092898903928e-4
6.5	8.769538549068804e-4
7.0	7.806051836772738e-4
7.5	6.951947662348099e-4
8.0	6.193353526007449e-4
8.5	5.518651873175292e-4
9.0	4.918008142224056e-4
9.5	4.382990732809613e-4
10.0	3.906280251019141e-4
10.5	3.481456523824837e-4
11.0	3.102846278395208e-4
11.5	2.765413493119144e-4
12.0	2.4646771632377265e-4
12.5	2.1966458052289983e-4
13.0	1.957762631630365e-4
13.5	1.7448577818526657e-4
14.0	1.555106134974991e-4
14.5	1.385989801693639e-4
15.0	1.2352647110032696e-4
15.5	1.1009308325251667e-4
16.0	9.812056373084338e-5
16.5	8.745004447532544e-5
17.0	7.793993417847182e-5
17.5	6.9464039454645e-5
18.0	6.190989033051227e-5
18.5	5.5177247836826335e-5
19.0	4.91767738982095e-5
19.5	4.3828845871170194e-5
20.0	3.9062500000000116e-5
