-20.0	38.41346788830387
-19.5	33.71757074861658
-19.0	29.56785760093688
-18.5	25.902879667324793
-18.0	22.667981896858414
-17.5	19.81455776694719
-17.0	17.299385478035497
-16.5	15.08403667111561
-16.0	13.13434976337195
-15.5	11.41996085806068
-15.0	9.913885951932068
-14.5	8.592148847158759
-14.0	7.433449784076334
-13.5	6.418870354059342
-13.0	5.53161073582369
-12.5	4.756755729740279
-12.0	4.08106644914204
-11.5	3.4927948701779155
-11.0	2.981518747076089
-10.5	2.537994671755753
-10.0	2.154027299214634
-9.5	1.8223529761899284
-9.0	1.5365362031242566
-8.5	1.290877531011196
-8.0	1.080331647480941
-7.5	0.9004345425536654
-7.0	0.7472387655856865
-6.5	0.6172558926579923
-6.0	0.5074054193841562
-5.5	0.4149693790987034
-5.0	0.33755206168406227
-4.5	0.27304427490002015
-4.0	0.2195916488303228
-3.5	0.17556653572159014
-3.0	0.13954310278909238
-2.5	0.1102752551228672
-2.0	0.08667706032982743
-1.5	0.06780537660849269
-1.0	0.05284441229846147
-0.5	0.04109196830232863
0.0	0.03194713600844411
0.5	0.024899243355253134
1.0	0.019517861464600363
1.5	0.015443704833348263
2.0	0.01238028032983542
2.5	0.010086164854685822
3.0	0.008367818753850476
3.5	0.00707287156138986
4.0	0.006083847192831027
4.5	0.005312325248813856
5.0	0.004693560798489943
5.5	0.00418160353657658
6.0	0.0037449655520508723
6.5	0.0033628829772632853
7.0	0.003022200422434375
7.5	0.0027148806436527433
8.0	0.002436110048640645
8.5	0.002182939682739575
9.0	0.001953377409542039
9.5	0.0017458344280025188
10.0	0.001558829239435406
10.5	0.0013908626641134403
11.0	0.0012403938708364676
11.5	0.0011058694894565213
12.0	9.857639750687158e-4
12.5	8.786236056036363e-4
13.0	7.830950429597167e-4
13.5	6.979405871375087e-4
14.0	6.220419052414893e-4
14.5	5.543958198414022e-4
15.0	4.941058690448232e-4
15.5	4.4037233111554955e-4
16.0	3.924822547392449e-4
16.5	3.4980017788794216e-4
17.0	3.1175973671358857e-4
17.5	2.778561578188829e-4
18.0	2.476395613222474e-4
18.5	2.2070899134745726e-4
19.0	1.967070955928244e-4
19.5	1.7531538348476879e-4
20.0	1.5625000000041387e-4
