-20.0	63720.939439233516
-19.5	40282.274110450664
-19.0	25471.140678729113
-18.5	16110.059592056321
-18.0	10192.3287942611
-17.5	6450.479600182146
-17.0	4083.8465068143714
-16.5	2586.5690336973094
-16.0	1638.9908622124499
-15.5	1039.0815332738846
-15.0	659.1264210833363
-14.5	418.3713498757008
-14.0	265.74212367307297
-13.5	168.9267829083445
-13.0	107.47666978852564
-12.5	68.44618147281942
-12.0	43.63645242591336
-11.5	27.852557115737145
-11.0	17.80127183957374
-10.5	11.393761517749674
-10.0	7.30429526580373
-9.5	4.690886789408775
-9.0	3.0183728299976735
-8.5	1.9463172391668055
-8.0	1.257953009682216
-7.5	0.8151136885853725
-7.0	0.5296311320724035
-6.5	0.3451711102521263
-6.0	0.22568897092430054
-5.5	0.14808653084450488
-5.0	0.09753695241896158
-4.5	0.06450519112844466
-4.0	0.042846915312343345
-3.5	0.02859402241298145
-3.0	0.01917771343364847
-2.5	0.012930730413406063
-2.0	0.008767921084501586
-1.5	0.005980872802321816
-1.0	0.004105621521572083
-0.5	0.0028372508247599486
0.0	0.001974632763651794
0.5	0.001384582240072986
1.0	9.785416445159789e-4
1.5	6.973715898217245e-4
2.0	5.013986575219214e-4
2.5	3.638815485554101e-4
3.0	2.6670642804828027e-4
3.5	1.9754039929072324e-4
4.0	1.4794184407090484e-4
4.5	1.1210084352148086e-4
5.0	8.599599899294332e-5
5.5	6.682748476216592e-5
6.0	5.2634077467536656e-5
6.5	4.203322981680348e-5
7.0	3.404379991267846e-5
7.5	2.796456940866337e-5
8.0	2.3290616987665256e-5
8.5	1.9655535931881092e-5
9.0	1.6791417734020957e-5
9.5	1.4501128586846925e-5
10.0	1.2639112600134974e-5
10.5	1.1098057947852633e-5
11.0	9.79948148751838e-6
11.5	8.686806080565177e-6
12.0	7.719954131487902e-6
12.5	6.8709078936047174e-6
13.0	6.120043989833483e-6
13.5	5.453248991389209e-6
14.0	4.859843512834287e-6
14.5	4.331246020281426e-6
15.0	3.8602069372522676e-6
15.5	3.4404094980360447e-6
16.0	3.0662676866167125e-6
16.5	2.732813895679729e-6
17.0	2.43562294343763e-6
17.5	2.1707512329736595e-6
18.0	1.934684072829002e-6
18.5	1.7242889949008314e-6
19.0	1.5367741843190485e-6
19.5	1.369651433474059e-6
20.0	1.2207031250000028e-6
