-20.0	0.016731024924114567
-19.5	0.01492107062983064
-19.0	0.013307932774871885
-18.5	0.011870206026599512
-18.0	0.010588812658018082
-17.5	0.009446749399671254
-17.0	0.008428861818771918
-16.5	0.007521643231822871
-16.0	0.006713055482559627
-15.5	0.005992369207211606
-15.0	0.005350021467718444
-14.5	0.004777488864035352
-14.0	0.004267174442129399
-13.5	0.003812306897400305
-13.0	0.003406850736504855
-12.5	0.003045426206080416
-12.0	0.0027232379266003567
-11.5	0.0024360112852489565
-11.0	0.002179935744865878
-10.5	0.0019516143179668902
-10.0	0.0017480185369208039
-9.5	0.0015664483245608955
-9.0	0.001404496234840867
-8.5	0.0012600155914704457
-8.0	0.0011310921045132806
-7.5	0.001016018591432182
-7.0	9.132724705385749e-4
-6.5	8.21495731803847e-4
-6.0	7.394771229114835e-4
-5.5	6.661363176729829e-4
-5.0	6.005098596873821e-4
-4.5	5.417386967053626e-4
-4.0	4.890571406409851e-4
-3.5	4.4178310461004866e-4
-3.0	3.993094819347944e-4
-2.5	3.6109654258516846e-4
-2.0	3.266652302923844e-4
-1.5	2.9559124854712575e-4
-1.0	2.67499826401029e-4
-0.5	2.4206105587009854e-4
0.0	2.189856929450582e-4
0.5	1.980213150578721e-4
1.0	1.789487312165706e-4
1.5	1.615785490843477e-4
2.0	1.4574781835376474e-4
2.5	1.313166934335311e-4
3.0	1.1816509131059726e-4
3.5	1.0618936130318704e-4
4.0	9.529902796354286e-5
4.5	8.541370983748746e-5
5.0	7.646034651317897e-5
5.5	6.837087403095075e-5
6.0	6.108046839224755e-5
6.5	5.452642593286732e-5
7.0	4.864767518532304e-5
7.5	4.338483241508509e-5
8.0	3.868064254649136e-5
8.5	3.44806088324869e-5
9.0	3.073361942003221e-5
9.5	2.7392424612714182e-5
10.0	2.4413888819005305e-5
10.5	2.1759012426105168e-5
11.0	1.939276272279911e-5
11.5	1.728382799827421e-5
12.0	1.5404231187122835e-5
12.5	1.3729036139522232e-5
13.0	1.2236016433211775e-5
13.5	1.0905361135413313e-5
14.0	9.71941334355149e-6
14.5	8.662436260592531e-6
15.0	7.720404443775522e-6
15.5	6.88081770328406e-6
16.0	6.132535233180749e-6
16.5	5.465627779711966e-6
17.0	4.871245886157885e-6
17.5	4.341502465917931e-6
18.0	3.869368145657554e-6
18.5	3.4485779898018242e-6
19.0	3.0735483686379628e-6
19.5	2.7393028669473168e-6
20.0	2.4414062500019537e-6
