-20.0	5.327387327294649
-19.5	4.750410264128348
-19.0	4.236178919124941
-18.5	3.7778697522754414
-18.0	3.3694012770344415
-17.5	3.0053533625054087
-17.0	2.680895311504252
-16.5	2.3917217599871234
-16.0	2.1339955472833663
-15.5	1.9042967990861948
-15.0	1.6995775474766168
-14.5	1.5171212858623675
-14.0	1.3545069220430441
-13.5	1.209576651123089
-13.0	1.0804073218178156
-12.5	0.965284916203057
-12.0	0.8626818041142035
-11.5	0.7712364702705853
-11.0	0.6897354449212753
-10.5	0.6170971980082062
-10.0	0.5523577828080212
-9.5	0.49465803813173387
-9.0	0.44323217870087844
-8.5	0.39739762154056857
-8.0	0.3565459124166866
-7.5	0.3201346305952002
-7.0	0.28768016280018716
-6.5	0.25875124823234513
-6.0	0.23296320608699222
-5.5	0.20997276523322264
-5.0	0.18947342270451886
-4.5	0.17119126351831535
-4.0	0.15488117924234332
-3.5	0.14032342692920435
-3.0	0.12732047402268162
-2.5	0.11569407947689368
-2.0	0.10528256813910075
-1.5	0.09593826707370179
-1.0	0.08752509318864735
-0.5	0.07991631775457297
0.0	0.07299259400916602
0.5	0.06664042882610324
1.0	0.06075141403054848
1.5	0.055222696144111384
2.0	0.049959303309172656
2.5	0.044878939956171655
3.0	0.03991948755601602
3.5	0.03504846560376365
4.0	0.030272056038491327
4.5	0.025639509454244164
5.0	0.021238201347342396
5.5	0.017176913875985845
6.0	0.013560243385559386
6.5	0.01046260244244838
7.0	0.007911723689761707
7.5	0.005887045128940264
8.0	0.0043309858685259975
8.5	0.0031661450035423183
9.0	0.002311335360049736
9.5	0.0016925052589162508
10.0	0.0012480147552935913
10.5	9.296828261612438e-4
11.0	7.014512108510909e-4
11.5	5.371156290593791e-4
12.0	4.1798771551945546e-4
12.5	3.308818749217403e-4
13.0	2.6653746104017204e-4
13.5	2.1844927622975766e-4
14.0	1.8203062128743224e-4
14.5	1.5402790453316267e-4
15.0	1.3211767672166466e-4
15.5	1.1463241046870363e-4
16.0	1.0037489264826134e-4
16.5	8.849148574835368e-5
17.0	7.838252262262973e-5
17.5	6.963500817047196e-5
18.0	6.196915470431777e-5
18.5	5.5195426663140964e-5
19.0	4.918163330098696e-5
19.5	4.382995884040127e-5
20.0	3.9062714319338034e-5
