-20.0	2.864040866921901e-4
-19.5	2.864005054174179e-4
-19.0	2.863969737565068e-4
-18.5	2.8639357006242665e-4
-18.0	2.8639039774545807e-4
-17.5	2.8638759214256744e-4
-17.0	2.8638532919682453e-4
-16.5	2.8638383641686364e-4
-16.0	2.863834067071171e-4
-15.5	2.863844158109164e-4
-15.0	2.8638734429790673e-4
-14.5	2.8639280526383587e-4
-14.0	2.864015792059652e-4
-13.5	2.864146579047202e-4
-13.0	2.864332995983867e-4
-12.5	2.8645909830259987e-4
-12.0	2.864940708236633e-4
-11.5	2.8654076587272375e-4
-11.0	2.866024007394264e-4
-10.5	2.8668303226821195e-4
-10.0	2.8678777044382207e-4
-9.5	2.8692304479048866e-4
-9.0	2.870969360894841e-4
-8.5	2.8731958870961883e-4
-8.0	2.8760372224162414e-4
-7.5	2.879652652958823e-4
-7.0	2.884241395085274e-4
-6.5	2.890052283770994e-4
-6.0	2.897395740933503e-4
-5.5	2.906658569600928e-4
-5.0	2.918322276730937e-4
-4.5	2.932985848773871e-4
-4.0	2.9513942226932366e-4
-3.5	2.9744741611653815e-4
-3.0	3.003379929800502e-4
-2.5	3.0395522012370937e-4
-2.0	3.084795151281948e-4
-1.5	3.1413790376795466e-4
-1.0	3.212179091455826e-4
-0.5	3.300866995249464e-4
0.0	3.412179711643287e-4
0.5	3.552303877061584e-4
1.0	3.729435702180584e-4
1.5	3.954612150592128e-4
2.0	4.242969626234407e-4
2.5	4.615690942650099e-4
3.0	5.103086907564356e-4
3.5	5.7495975749046e-4
4.0	6.622135407355506e-4
4.5	7.824430876683126e-4
5.0	9.522533699936811e-4
5.5	0.0011991836117944258
6.0	0.0015707349500514313
6.5	0.002152488222209811
7.0	0.0031062820210512937
7.5	0.004755080142717118
8.0	0.007782949437110551
8.5	0.013736835376954238
9.0	0.026371754553516626
9.5	0.055504561827951035
10.0	0.12872333830577998
10.5	0.32814732145868264
11.0	0.9012516814627987
11.5	2.5198368844470425
12.0	6.397756246404516
12.5	12.69134334251386
13.0	18.18714324769617
13.5	20.09580355698885
14.0	19.337081668270205
14.5	17.623325816425822
15.0	15.791535090850951
15.5	14.089199157243641
16.0	12.559138734203371
16.5	11.193581341765755
17.0	9.976310071872152
17.5	8.891396983654866
18.0	7.924465960276586
18.5	7.06268772307298
19.0	6.294627058959238
19.5	5.610092270030917
20.0	4.99999985279737
