-20.0	1166.7546174882716
-19.5	1034.6635045511875
-19.0	916.6133563416099
-18.5	811.0728108867742
-18.0	716.6801981047182
-17.5	632.2259353322022
-17.0	556.636957914726
-16.5	488.96294947839164
-16.0	428.36414406907636
-15.5	374.10047272352745
-15.0	325.52182003268035
-14.5	282.05914513923386
-14.0	243.216209474308
-13.5	208.56164831203682
-13.0	177.72113479061397
-12.5	150.36942637686298
-12.0	126.22216683575694
-11.5	105.02744880543783
-11.0	86.55731789728603
-10.5	70.59959502891945
-10.0	56.95056480368701
-9.5	45.4091652868936
-9.0	35.77326332862255
-8.5	27.838383928613336
-8.0	21.398908052705377
-7.5	16.25134272159246
-7.0	12.198915552880486
-6.5	9.056558712177292
-6.0	6.6553761687135555
-5.5	4.845910827702568
-5.0	3.4998616949978802
-4.5	2.510241127951456
-4.0	1.79022350868754
-3.5	1.2710783959860616
-3.0	0.8996072357865439
-2.5	0.6354458870944067
-2.0	0.4484971297718108
-1.5	0.3166530992475806
-1.0	0.22387921176687772
-0.5	0.15866764391408678
0.0	0.11282971392322125
0.5	0.08057773707137249
1.0	0.057841893142191625
1.5	0.04177075727095288
2.0	0.030371209137008245
2.5	0.022251710003494633
3.0	0.01644086669387803
3.5	0.012260055646457428
4.0	0.009234436349985409
4.5	0.007030993969221536
5.0	0.005415490725077205
5.5	0.004222583809467122
6.0	0.0033350825671215703
6.5	0.002669537756528941
7.0	0.0021662149574112107
7.5	0.00178210483986857
8.0	0.0014860406275647427
8.5	0.001255282204225394
9.0	0.0010731254397552677
9.5	9.272311660111693e-4
10.0	8.08459337636067e-4
10.5	7.100538009038395e-4
11.0	6.270628816797819e-4
11.5	5.559105207569689e-4
12.0	4.940591947327854e-4
12.5	4.3973171089259084e-4
13.0	3.9168077906734345e-4
13.5	3.4900736698081013e-4
14.0	3.1102984797744016e-4
14.5	2.771997174078858e-4
15.0	2.470532392687731e-4
15.5	2.201862072279132e-4
16.0	1.962411318734425e-4
16.5	1.7490008931767673e-4
17.0	1.558798683796488e-4
17.5	1.3892807891029824e-4
18.0	1.2381978066105617e-4
18.5	1.1035449567365394e-4
19.0	9.835354779641896e-5
19.5	8.765769174234089e-5
20.0	7.812500000000115e-5
