-20.0	72.92216359301698
-19.5	64.66646903444922
-19.0	57.28833477135062
-18.5	50.692050680423385
-18.0	44.79251238154489
-17.5	39.51412095826264
-17.0	34.78980986967038
-16.5	30.560184342399477
-16.0	26.772759004317273
-15.5	23.381279545220465
-15.0	20.345113752042522
-14.5	17.628696571202116
-14.0	15.20101309214425
-13.5	13.035103019502301
-13.0	11.107570924413373
-12.5	9.398089148553936
-12.0	7.888885427234809
-11.5	6.564215550339864
-11.0	5.409832368580377
-10.5	4.412474689307466
-10.0	3.559410300230438
-9.5	2.83807283043085
-9.0	2.2358289580389092
-8.5	1.7398989955383335
-8.0	1.337431753294086
-7.5	1.0157089200995288
-7.0	0.7624322220550304
-6.5	0.5660349195110808
-6.0	0.4159610105445972
-5.5	0.3028694267314105
-5.0	0.21874135593736752
-4.5	0.156890070496966
-4.0	0.11188896929297125
-3.5	0.07944239974912885
-3.0	0.05622545223665899
-2.5	0.03971536794340042
-2.0	0.028031070610738174
-1.5	0.01979081870297379
-1.0	0.013992450735429858
-0.5	0.009916727744630423
0.0	0.007051857120201328
0.5	0.0050361085669607805
1.0	0.0036151183213869766
1.5	0.002610672329434555
2.0	0.0018982005710630153
2.5	0.0013907318752184145
3.0	0.0010275541683673769
3.5	7.662534779035893e-4
4.0	5.771522718740881e-4
4.5	4.39437123076346e-4
5.0	3.384681703173253e-4
5.5	2.6391148809169513e-4
6.0	2.0844266044509814e-4
6.5	1.6684610978305882e-4
7.0	1.3538843483820067e-4
7.5	1.1138155249178562e-4
8.0	9.287753922279642e-5
8.5	7.845513776408712e-5
9.0	6.707033998470423e-5
9.5	5.795194787569808e-5
10.0	5.0528708602254186e-5
10.5	4.437836255648997e-5
11.0	3.919143010498637e-5
11.5	3.4744407547310554e-5
12.0	3.0878699670799086e-5
12.5	2.7483231930786928e-5
13.0	2.4480048691708966e-5
13.5	2.1812960436300633e-5
14.0	1.943936549859001e-5
14.5	1.7324982337992863e-5
15.0	1.544082745429832e-5
15.5	1.3761637951744575e-5
16.0	1.2265070742090156e-5
16.5	1.0931255582354796e-5
17.0	9.74249177372805e-6
17.5	8.68300493189364e-6
18.0	7.73873629131601e-6
18.5	6.8971559796033715e-6
19.0	6.147096737276185e-6
19.5	5.478605733896306e-6
20.0	4.882812500000072e-6
