-20.0	0.006444753068085932
-19.5	0.005751038945677751
-19.0	0.005132754789135571
-18.5	0.00458169636330814
-18.0	0.004090551482770141
-17.5	0.0036528029848708296
-17.0	0.003262642252584223
-16.5	0.0029148921397425687
-16.0	0.0026049382760218787
-15.5	0.0023286678402623484
-15.0	0.0020824149898462097
-14.5	0.0018629122222059286
-14.0	0.0016672470233026512
-13.5	0.0014928232281233185
-13.0	0.0013373265808401366
-12.5	0.001198694038081689
-12.0	0.0010750864085360906
-11.5	9.64863966486345e-4
-11.0	8.665647164898943e-4
-10.5	7.788850217381086e-4
-10.0	7.006623401905234e-4
-9.5	6.308598407509477e-4
-9.0	5.685526969286967e-4
-8.5	5.129158779386385e-4
-8.0	4.632132773106235e-4
-7.5	4.187880370859614e-4
-7.0	3.7905394175471367e-4
-6.5	3.434877704405438e-4
-6.0	3.116225085938579e-4
-5.5	2.8304133174003116e-4
-5.0	2.573722836709763e-4
-4.5	2.342835799468695e-4
-4.0	2.1347947465132796e-4
-3.5	1.946966339650991e-4
-3.0	1.7770096429733356e-4
-2.5	1.6228484529091924e-4
-2.0	1.4826471907753843e-4
-1.5	1.354789866652976e-4
-1.0	1.2378616058516626e-4
-0.5	1.1306322022889202e-4
0.0	1.0320411345838277e-4
0.5	9.411834602649147e-5
1.0	8.572960049245779e-5
1.5	7.7974330246567e-5
2.0	7.080028365794068e-5
2.5	6.416492942642153e-5
3.0	5.8033777367748086e-5
3.5	5.237861813657969e-5
4.0	4.7175737613213735e-5
4.5	4.24041917269299e-5
5.0	3.804424877536362e-5
5.5	3.4076111264788456e-5
6.0	3.047901321180088e-5
6.5	2.7230750000613814e-5
7.0	2.43076416734998e-5
7.5	2.168486814628299e-5
8.0	1.9337061545629305e-5
8.5	1.723901165012077e-5
9.0	1.5366343643812653e-5
9.5	1.3696061291270601e-5
10.0	1.2206900989754116e-5
10.5	1.0879495293218374e-5
11.0	9.696378997607694e-6
11.5	8.641913566604379e-6
12.0	7.702115527984479e-6
12.5	6.864518061724034e-6
13.0	6.118008215856108e-6
13.5	5.452680567639653e-6
14.0	4.859706671778131e-6
14.5	4.331218130298407e-6
15.0	3.860202221889157e-6
15.5	3.4404088516427753e-6
16.0	3.066267616591621e-6
16.5	2.7328138898569045e-6
17.0	2.435622943080176e-6
17.5	2.170751232959765e-6
18.0	1.9346840728296308e-6
18.5	1.724288994901644e-6
19.0	1.5367741843189543e-6
19.5	1.3696514334743902e-6
20.0	1.2207031250024812e-6
