-20.0	104.88358811987554
-19.5	93.50845329642405
-19.0	83.36864792263025
-18.5	74.32972848885848
-18.0	66.2718662015919
-17.5	59.08825742823337
-17.0	52.683707037549645
-16.5	46.97336584855358
-16.0	41.88160544780851
-15.5	37.34101546205227
-15.0	33.291509999867344
-14.5	29.679531430364353
-14.0	26.45734096223362
-13.5	23.582386643952997
-13.0	21.016740438413517
-12.5	18.72659694777799
-12.0	16.681827186956376
-11.5	14.855581537593697
-11.0	13.223936666893575
-10.5	11.765581773004177
-10.0	10.461540025592866
-9.5	9.294921509154149
-9.0	8.25070434771238
-8.5	7.315540991151776
-8.0	6.477586873031951
-7.5	5.7263488042224395
-7.0	5.0525505457756745
-6.5	4.448013013538365
-6.0	3.9055465226838235
-5.5	3.4188524155694275
-5.0	2.9824313862509046
-4.5	2.5914958976467353
-4.0	2.2418843780638804
-3.5	1.9299754763838979
-3.0	1.6526016091465745
-2.5	1.4069623296241789
-2.0	1.1905395508322416
-1.5	1.0010180878740786
-1.0	0.8362159751014392
-0.5	0.6940291813672098
0.0	0.5723944522129428
0.5	0.46927208558036354
1.0	0.38264786129691736
1.5	0.3105507107434325
2.0	0.2510807042585476
2.5	0.20244104081566514
3.0	0.1629680889907031
3.5	0.13115492133273882
4.0	0.10566572930213418
4.5	0.08534047294108262
5.0	0.0691906971954781
5.5	0.05638843019753481
6.0	0.046250463228758566
6.5	0.0382202272454181
7.0	0.03184910922700627
7.5	0.026778563615925684
8.0	0.022723893080111694
8.5	0.019460166321902513
9.0	0.016810428740499418
9.5	0.014636133413759477
10.0	0.012829552721976136
10.5	0.011307811013556978
11.0	0.01000811364450892
11.5	0.00888376282976075
12.0	0.007900660317146964
12.5	0.007034173018916837
13.0	0.006266403788755687
13.5	0.00558398144208494
14.0	0.004976444725267159
14.5	0.00443518878490454
15.0	0.003952850696611491
15.5	0.003522979160511809
16.0	0.0031398580931683833
16.5	0.002798401427684629
17.0	0.002494077893987879
17.5	0.0022228492625609277
18.0	0.001981116490576775
18.5	0.0017656719307784555
19.0	0.0015736567647427033
19.5	0.0014025230678774501
20.0	0.001250000000000011
