-20.0	46.83579813708794
-19.5	41.10686458316171
-19.0	36.0444736422672
-18.5	31.57362443415686
-18.0	27.62760869660243
-17.5	24.14710114178193
-17.0	21.079349169157883
-16.5	18.37745110647872
-16.0	15.999713329623606
-15.5	13.90907766278122
-15.0	12.07261139698071
-14.5	10.46105309954599
-14.0	9.048408130872657
-13.5	7.811588447794509
-13.0	6.730091863591259
-12.5	5.785716461173607
-12.0	4.962306325219297
-11.5	4.2455251772160985
-11.0	3.622654870054629
-10.5	3.0824160309495836
-10.0	2.614808437466931
-9.5	2.2109689751966832
-9.0	1.8630452606371115
-8.5	1.5640832222569894
-8.0	1.3079271192114788
-7.5	1.0891306432774117
-7.0	0.9028778973982264
-6.5	0.7449131757223866
-6.0	0.6114785868697387
-5.5	0.4992586658888308
-5.0	0.4053312122794611
-4.5	0.32712367274518017
-4.0	0.26237445904339074
-3.5	0.20909865435155062
-3.0	0.16555761684021664
-2.5	0.1302320374210778
-2.0	0.10179805073000794
-1.5	0.07910603508780703
-1.0	0.06116176932294597
-0.5	0.04710964284793745
0.0	0.03621764129726054
0.5	0.027863854482763337
1.0	0.021524277614490675
1.5	0.01676170189642781
2.0	0.013215517858681318
2.5	0.010592284944750124
3.0	0.00865695424246884
3.5	0.007224667378665327
4.0	0.006153092011054601
4.5	0.005335290503050286
5.0	0.004693149771904913
5.5	0.004171422855652228
6.0	0.0037324427432396897
6.5	0.0033515638794058044
7.0	0.003013366397255956
7.5	0.0027086254208423957
8.0	0.002432008548861428
8.5	0.0021804266188190846
9.0	0.001951933652602635
9.5	0.001745056804950962
10.0	0.0015584375908178133
10.5	0.001390679066535024
11.0	0.0012403142721370993
11.5	0.0011058378272302267
12.0	9.857525295573107e-4
12.5	8.786198868871255e-4
13.0	7.830939705835118e-4
13.5	6.979403165440557e-4
14.0	6.220418464473977e-4
14.5	5.543958090375494e-4
15.0	4.94105867399489e-4
15.5	4.403723309125739e-4
16.0	3.924822547195302e-4
16.5	3.4980017788650776e-4
17.0	3.117597367135671e-4
17.5	2.7785615781891933e-4
18.0	2.4763956132228837e-4
18.5	2.207089913474924e-4
19.0	1.967070955928231e-4
19.5	1.7531538348480391e-4
20.0	1.5625000000048608e-4
