-20.0	1.9566542497861072
-19.5	1.6568946817862078
-19.0	1.4008521183402987
-18.5	1.1825173085962015
-18.0	0.9966520283266678
-17.5	0.8386973659977247
-17.0	0.7046921624883423
-16.5	0.5912005253483513
-16.0	0.4952474562916226
-15.5	0.4142617345875388
-15.0	0.3460252907726379
-14.5	0.28862838605677604
-14.0	0.24042998430309448
-13.5	0.2000227666688379
-13.0	0.16620229498732622
-12.5	0.1379398796807799
-12.0	0.11435875227082372
-11.5	0.09471318210907548
-11.0	0.07837021243555575
-10.5	0.0647937228135494
-10.0	0.053530553854976515
-9.5	0.04419845632214777
-9.0	0.03647565048997957
-8.5	0.030091803344042586
-8.0	0.024820250990726652
-7.5	0.020471311746296184
-7.0	0.01688655189911712
-6.5	0.013933881228383314
-6.0	0.011503369118281394
-5.5	0.009503684620762958
-5.0	0.007859075175373858
-4.5	0.006506808966664408
-4.0	0.005395015160087591
-3.5	0.004480864574595321
-3.0	0.0037290407911509684
-2.5	0.0031104583263455846
-2.0	0.0026011903832197855
-1.5	0.0021815738897944304
-1.0	0.0018354641104199737
-0.5	0.0015496151245517815
0.0	0.0013131659679473948
0.5	0.0011172152754299316
1.0	9.544699014028266e-4
1.5	8.189552688446193e-4
2.0	7.057771489763089e-4
2.5	6.1092623566547e-4
3.0	5.311182782688868e-4
3.5	4.636636962635417e-4
4.0	4.0636153876467035e-4
4.5	3.574133953537402e-4
5.0	3.1535344646942056e-4
5.5	2.789913148264319e-4
6.0	2.473648151651852e-4
6.5	2.1970017358906432e-4
7.0	1.9537785062579088e-4
7.5	1.7390274515780886e-4
8.0	1.5487819461959995e-4
8.5	1.3798368359094234e-4
9.0	1.2295640571067e-4
9.5	1.0957675861521982e-4
10.0	9.765757348789075e-5
10.5	8.70365545973657e-5
11.0	7.75711873647022e-5
11.5	6.913534285396013e-5
12.0	6.161692991331848e-5
12.5	5.4916145232297055e-5
13.0	4.894406580055376e-5
13.5	4.362144454703752e-5
14.0	3.887765337441581e-5
14.5	3.464974504234302e-5
15.0	3.0881617775082044e-5
15.5	2.752327081312929e-5
16.0	2.453014093271103e-5
16.5	2.1862511118831485e-5
17.0	1.94849835446181e-5
17.5	1.7366009863661336e-5
18.0	1.547747258262815e-5
18.5	1.3794311959206645e-5
19.0	1.229419347455237e-5
19.5	1.0957211467792598e-5
20.0	9.765625000000117e-6
