-20.0	1.2351328765762561
-19.5	1.0384344632825877
-19.0	0.8716842962512708
-18.5	0.730568048205011
-18.0	0.6113526749601961
-17.5	0.5108140458492803
-17.0	0.4261728323446617
-16.5	0.3550377819718125
-16.0	0.2953555955620476
-15.5	0.24536670634750615
-15.0	0.20356633069493343
-14.5	0.16867022362692166
-14.0	0.13958462874813626
-13.5	0.11537996270330955
-13.0	0.09526781964421345
-12.5	0.07858092205209902
-12.0	0.06475568122730214
-11.5	0.053317064298083555
-11.0	0.04386549511695856
-10.5	0.03606554423332361
-10.0	0.02963618852751324
-9.5	0.024342444286668194
-9.0	0.019988198682691326
-8.5	0.01641008393301903
-8.0	0.013472256020217966
-7.5	0.011061955834493332
-7.0	0.00908574509087592
-6.5	0.007466322459202781
-6.0	0.006139837123963766
-5.5	0.00505362755315405
-5.0	0.004164322688499207
-4.5	0.003436251159803696
-4.0	0.0028401115577381822
-3.5	0.0023518633538833216
-3.0	0.0019518038134224262
-2.5	0.0016238012805556796
-2.0	0.0013546596019763002
-1.5	0.0011335922581157255
-1.0	9.517880595444994e-4
-0.5	8.020530965643895e-4
0.0	6.785160585612566e-4
0.5	5.763861161542478e-4
1.0	4.917543286391693e-4
1.5	4.21431041637101e-4
2.0	3.6281300993674297e-4
2.5	3.137750476410957e-4
3.0	2.7258189609423396e-4
3.5	2.378167294134963e-4
4.0	2.0832330484572132e-4
4.5	1.8315922816354734e-4
5.0	1.6155816531194245e-4
5.5	1.4289912165035208e-4
6.0	1.2668116964729246e-4
6.5	1.125022771660998e-4
7.0	1.0004120076397383e-4
7.5	8.904175937137506e-5
8.0	7.929915021821276e-5
8.5	7.064823960121508e-5
9.0	6.295389145915978e-5
9.5	5.610336835582471e-5
10.0	5.000069698916473e-5
10.5	4.4562720784357945e-5
11.0	3.971644909777377e-5
11.5	3.539729600956048e-5
12.0	3.154786824684667e-5
12.5	2.811706638432681e-5
13.0	2.5059361693388542e-5
13.5	2.2334179608437017e-5
14.0	1.990535852772383e-5
14.5	1.774066946168071e-5
15.0	1.581138830084195e-5
15.5	1.4091914656322286e-5
16.0	1.2559432157547908e-5
16.5	1.1193605692841698e-5
17.0	9.976311574844419e-6
17.5	8.89139705019465e-6
18.0	7.924465962305582e-6
18.5	7.062687723113855e-6
19.0	6.2946270589819335e-6
19.5	5.610092272988738e-6
20.0	5.000000147202642e-6
