-20.0	0.07361048565991572
-19.5	0.06568091958630087
-19.0	0.05861362933281335
-18.5	0.05231483630439309
-18.0	0.04670095941086883
-17.5	0.041697506000147516
-17.0	0.03723808339037115
-16.5	0.03326351788490255
-16.0	0.029721069580228993
-15.5	0.0265637325481976
-15.0	0.023749611106792183
-14.5	0.02124136390355484
-14.0	0.019005708435650425
-13.5	0.017012979432740084
-13.0	0.015236735243700724
-12.5	0.013653407005557623
-12.0	0.012241985940966768
-11.5	0.010983744636866171
-11.0	0.00986198860845892
-10.5	0.008861834854949579
-10.0	0.007970014472465774
-9.5	0.007174696709616791
-9.0	0.006465332136718538
-8.5	0.005832512854570694
-8.0	0.005267847896116814
-7.5	0.004763852177728911
-7.0	0.004313847538483101
-6.5	0.003911874568394658
-6.0	0.0035526140720951167
-5.5	0.0032313171450449947
-5.0	0.0029437429561145418
-4.5	0.0026861034353849733
-4.0	0.002455014160009146
-3.5	0.0022474508145844743
-3.0	0.0020607106773464124
-2.5	0.0018923786484549223
-2.0	0.0017402973932747737
-1.5	0.0016025412200728192
-1.0	0.0014773933487009434
-0.5	0.0013633262523511421
0.0	0.0012589847686458587
0.5	0.0011631716772627053
1.0	0.001074835428589674
1.5	9.930596818202467e-4
2.0	9.170542740357961e-4
2.5	8.46147196928957e-4
3.0	7.797771120530041e-4
3.5	7.174859011614247e-4
4.0	6.589107369279391e-4
4.5	6.03775188346427e-4
5.0	5.518789645458497e-4
5.5	5.030860569626224e-4
6.0	4.573112767572386e-4
6.5	4.145054816774409e-4
7.0	3.7464011926571165e-4
7.5	3.376920257981127e-4
8.0	3.036296394959241e-4
8.5	2.724018409186143e-4
9.0	2.4393046385534113e-4
9.5	2.1810711459638912e-4
10.0	1.947943466357033e-4
10.5	1.738305806285206e-4
11.0	1.5503753631257932e-4
11.5	1.382290546609429e-4
12.0	1.2321882590452215e-4
12.5	1.0982740819333889e-4
13.0	9.78867239656227e-5
13.5	8.72425339296162e-5
14.0	7.775522958099936e-5
14.5	6.929947590461177e-5
15.0	6.176323339065829e-5
15.5	5.504654135984308e-5
16.0	4.906028183953055e-5
16.5	4.372502223578359e-5
17.0	3.896996708919544e-5
17.5	3.4732019727365675e-5
18.0	3.09549451652869e-5
18.5	2.758862391843728e-5
19.0	2.4588386949102862e-5
19.5	2.191442293560122e-5
20.0	1.9531250000062264e-5
