-20.0	6.439213816051105
-19.5	5.744206124316623
-19.0	5.124779860763399
-18.5	4.572715609530074
-18.0	4.080687806869074
-17.5	3.6421675353626113
-17.0	3.2513358881881382
-16.5	2.9030067553534273
-16.0	2.5925580060352083
-15.5	2.3158701547167535
-15.0	2.069271696295969
-14.5	1.8494903855008693
-14.0	1.6536098132098926
-13.5	1.4790307037504042
-13.0	1.3234364188513903
-12.5	1.1847622104795965
-12.0	1.0611678135916998
-11.5	0.9510130144993306
-11.0	0.8528358694629145
-10.5	0.7653332829686141
-10.0	0.6873436860226186
-9.5	0.6178315816633935
-9.0	0.5558737490707142
-8.5	0.5006469180318124
-8.0	0.4514167434873001
-7.5	0.40752792470313814
-7.0	0.3683953258788601
-6.5	0.3334959643175659
-6.0	0.30236173906224906
-5.5	0.2745727769177089
-5.0	0.2497512748886161
-4.5	0.22755571914607262
-4.0	0.2076753637653072
-3.5	0.18982486316242506
-3.0	0.17373898147243264
-2.5	0.1591673698140405
-2.0	0.14586954167738453
-1.5	0.1336104376146791
-1.0	0.12215741562644537
-0.5	0.1112801790908456
0.0	0.10075600339455447
0.5	0.09038330605988358
1.0	0.08000624049445638
1.5	0.06955005149264612
2.0	0.0590599521730423
2.5	0.04872623641139124
3.0	0.03887183406134998
3.5	0.029886871288289325
4.0	0.022122891523448717
4.5	0.015791135170181957
5.0	0.010914350704648837
5.5	0.007349485606906571
6.0	0.004856693014727391
6.5	0.003173318383457767
7.0	0.0020647144274489777
7.5	0.0013461708990894954
8.0	8.841199329557759e-4
8.5	5.873820430265408e-4
9.0	3.9604602422974207e-4
9.5	2.716760128459815e-4
10.0	1.8993904664463572e-4
10.5	1.3551305587541546e-4
11.0	9.874521781923708e-5
11.5	7.352482776485412e-5
12.0	5.595230778865584e-5
12.5	4.351312388111765e-5
13.0	3.456603586121573e-5
13.5	2.802527911787323e-5
14.0	2.3162142709158218e-5
14.5	1.948026656943228e-5
15.0	1.663676010321345e-5
15.5	1.439202901213594e-5
16.0	1.2577655684998485e-5
16.5	1.10755273050228e-5
17.0	9.803771871581605e-6
17.5	8.70667062204609e-6
18.0	7.746938707332053e-6
18.5	6.899671867511894e-6
19.0	6.14776924929319e-6
19.5	5.478759761185237e-6
20.0	4.882842160273677e-6
