-20.0	1.2618435557763135e15
-19.5	1.2962826467834045e15
-19.0	1.3537051977823622e15
-18.5	1.4527676320322735e15
-18.0	1.6331557287465692e15
-17.5	1.9954788128715465e15
-17.0	2.873304686489616e15
-16.5	6.143277137710954e15
-16.0	8.4587601866819072e16
-15.5	7.850815419331613e15
-15.0	8.382004840230092e14
-14.5	1.9699163010349916e14
-14.0	5.993497993811395e13
-13.5	2.056562514484923e13
-13.0	7.527912630947037e12
-12.5	2.860963119649575e12
-12.0	1.1125330481953193e12
-11.5	4.389975514091107e11
-11.0	1.7491903423525375e11
-10.5	7.01742396212715e10
-10.0	2.82970311352403e10
-9.5	1.145782071958253e10
-9.0	4.656264708607822e9
-8.5	1.898685741847762e9
-8.0	7.76852918808762e8
-7.5	3.1896505631617135e8
-7.0	1.314484494676747e8
-6.5	5.438711946002293e7
-6.0	2.2600050567328606e7
-5.5	9435405.891067185
-5.0	3959431.9892273853
-4.5	1670808.0494291973
-4.0	709345.9830126574
-3.5	303151.71830111335
-3.0	130491.04692801891
-2.5	56608.88075383073
-2.0	24765.79147504874
-1.5	10934.041542253452
-1.0	4875.103804625873
-0.5	2196.809168572723
0.0	1001.2759130793772
0.5	461.9900998965742
1.0	215.97818836112617
1.5	102.39570367765998
2.0	49.27859978957123
2.5	24.096917360986208
3.0	11.98453455137627
3.5	6.068363089624457
4.0	3.131450952036497
4.5	1.6484235989637825
5.0	0.8860372789617935
5.5	0.4867247202067626
6.0	0.27347689226157695
6.5	0.15728329405427574
7.0	0.09264933225356153
7.5	0.05592694177221784
8.0	0.03460867643875744
8.5	0.02196058752245068
9.0	0.014290712395340742
9.5	0.009537216519041521
10.0	0.006526972715233956
10.5	0.004579869460249442
11.0	0.003294140718156384
11.5	0.002427957578673036
12.0	0.0018330183511876292
12.5	0.001416674983573452
13.0	0.0011199712266565334
13.5	9.046958471342347e-4
14.0	7.45627246684611e-4
14.5	6.258177402969844e-4
15.0	5.336883622751423e-4
15.5	4.6121979746841435e-4
16.0	4.028142975857869e-4
16.5	3.5456738423708336e-4
17.0	3.1378427673067803e-4
17.5	2.7863794243030354e-4
18.0	2.4791051284381007e-4
18.5	2.2079209757101123e-4
19.0	1.9672931024681205e-4
19.5	1.7532047135818588e-4
20.0	1.562509797461315e-4
