-20.0	0.02441406250000004
-19.5	0.02175905610678072
-19.0	0.019392779168073127
-18.5	0.017283832626566034
-18.0	0.015404232042973538
-17.5	0.013729036259530123
-17.0	0.012236016445978368
-16.5	0.01090536113649821
-16.0	0.009719413343591287
-15.5	0.008662436260585347
-15.0	0.007720404443770448
-14.5	0.006880817703282353
-14.0	0.006132535233177739
-13.5	0.0054656277797078415
-13.0	0.004871245886154486
-12.5	0.0043415024659152835
-12.0	0.003869368145656945
-11.5	0.0034485779898015536
-11.0	0.003073548368638055
-10.5	0.0027393028669480913
-10.0	0.00244140624999997
-9.5	0.002175905610678108
-9.0	0.0019392779168073847
-8.5	0.0017283832626566206
-8.0	0.0015404232042973975
-7.5	0.001372903625953042
-7.0	0.0012236016445978325
-6.5	0.0010905361136497537
-6.0	9.71941334359081e-4
-5.5	8.662436260584947e-4
-5.0	7.720404443770546e-4
-4.5	6.880817703282761e-4
-4.0	6.132535233178124e-4
-3.5	5.465627779708008e-4
-3.0	4.8712458861540806e-4
-2.5	4.3415024659149495e-4
-2.0	3.869368145657247e-4
-1.5	3.4485779898020487e-4
-1.0	3.0735483686381015e-4
-0.5	2.7393028669477613e-4
0.0	2.441406250000029e-4
0.5	2.1759056106784454e-4
1.0	1.9392779168070576e-4
1.5	1.728383262656429e-4
2.0	1.5404232042976824e-4
2.5	1.37290362595269e-4
3.0	1.223601644598085e-4
3.5	1.090536113649626e-4
4.0	9.719413343593081e-5
4.5	8.662436260583169e-5
5.0	7.720404443773038e-5
5.5	6.880817703280459e-5
6.0	6.132535233176202e-5
6.5	5.465627779709598e-5
7.0	4.871245886156667e-5
7.5	4.341502465917301e-5
8.0	3.8693681456589126e-5
8.5	3.448577989802966e-5
9.0	3.0735483686365804e-5
9.5	2.7393028669487862e-5
10.0	2.441406249998733e-5
10.5	2.1759056106791166e-5
11.0	1.939277910503634e-5
11.5	1.7283832490001075e-5
12.0	1.5404231992777355e-5
12.5	1.3729036248823877e-5
13.0	1.2236016444424902e-5
13.5	1.0905361136338871e-5
14.0	9.71941334358001e-6
14.5	8.662436260584562e-6
15.0	7.720404443770332e-6
15.5	6.880817703282249e-6
16.0	6.132535233177649e-6
16.5	5.465627779707798e-6
17.0	4.8712458861544385e-6
17.5	4.341502465915284e-6
18.0	3.86936814565699e-6
18.5	3.448577989801625e-6
19.0	3.0735483686380936e-6
19.5	2.7393028669481206e-6
20.0	2.4414062499999768e-6
