-20.0	0.35099989575041646
-19.5	0.3133626087077739
-19.0	0.2798175353590647
-18.5	0.24991955445198932
-18.0	0.22327193981764426
-17.5	0.19952109615285957
-17.0	0.17835186714773474
-16.5	0.15948335370612068
-16.0	0.14266518677714632
-15.5	0.12767420534979973
-15.0	0.11431149554174103
-14.5	0.10239975150720353
-14.0	0.09178092316298411
-13.5	0.08231411954143371
-13.0	0.07387373997657544
-12.5	0.06634780835855547
-12.0	0.059636488393859
-11.5	0.05365076021870581
-11.0	0.0483112408651758
-10.5	0.04354713299938818
-10.0	0.03929528806755739
-9.5	0.03549937151911664
-9.0	0.03210911914770101
-8.5	0.029079674818582164
-8.0	0.026371000949607364
-7.5	0.023947354097337382
-7.0	0.02177681887983532
-6.5	0.019830894253430653
-6.0	0.018084126858426627
-5.5	0.016513786764275264
-5.0	0.015099581477415615
-4.5	0.013823404527613672
-4.0	0.012669115316271724
-3.5	0.011622347186888735
-3.0	0.01067034086158731
-2.5	0.009801800466565555
-2.0	0.009006769346765538
-1.5	0.00827652274311456
-1.0	0.007603474193759495
-0.5	0.006981092248052057
0.0	0.006403823804883815
0.5	0.005867020177617228
1.0	0.005366861947810818
1.5	0.004900278918320868
2.0	0.00446486213750207
2.5	0.004058766129999969
3.0	0.00368060116633426
3.5	0.0033293175602606574
4.0	0.003004086363451833
4.5	0.002704183048385471
5.0	0.002428882338224044
5.5	0.00217737269692448
6.0	0.0019486977740569237
6.5	0.001741729185133049
7.0	0.001555170797690812
7.5	0.0013875900234018054
8.0	0.0012374676276365516
8.5	0.0011032553770918036
9.0	9.834310790854993e-4
9.5	8.765430901585508e-4
10.0	7.812402739123103e-4
10.5	6.962873493312812e-4
11.0	6.205681802055529e-4
11.5	5.53082454421633e-4
12.0	4.929353916925446e-4
12.5	4.3932915569315154e-4
13.0	3.915525257907979e-4
13.5	3.4897155632679366e-4
14.0	3.110212269938767e-4
14.5	2.7719796033916656e-4
15.0	2.470529422009507e-4
15.5	2.2018616650516147e-4
16.0	1.9624112746190366e-4
16.5	1.7490008895087138e-4
17.0	1.5587986835717072e-4
17.5	1.3892807890945056e-4
18.0	1.238197806611237e-4
18.5	1.1035449567372863e-4
19.0	9.83535477964122e-5
19.5	8.765769174238439e-5
20.0	7.812500000020694e-5
