-20.0	0.047471670793199125
-19.5	0.04234677736472546
-19.0	0.03777916692742013
-18.5	0.03370823013424581
-18.0	0.030079948213247484
-17.5	0.026846176175731255
-17.0	0.02396400396716877
-16.5	0.021395187083907866
-16.0	0.019105639100691404
-15.5	0.01706497937558808
-15.0	0.015246129931186899
-14.5	0.013624956163630367
-14.0	0.012179946612714918
-13.5	0.010891927544913305
-13.0	0.00974380856323404
-12.5	0.00872035586996444
-12.0	0.007807990175541774
-11.5	0.006994606574307269
-11.0	0.0062694139999310405
-10.5	0.005622792133632291
-10.0	0.005046163870691466
-9.5	0.004531881657995897
-9.0	0.004073126200361899
-8.5	0.003663816198561963
-8.0	0.0032985279294898825
-7.5	0.0029724236107410954
-7.0	0.002681187609653188
-6.5	0.002420969662063314
-6.0	0.0021883343599432203
-5.5	0.0019802162508413454
-5.0	0.001793879966215938
-4.5	0.0016268848613491063
-4.0	0.0014770537067499837
-3.5	0.0013424450199155634
-3.0	0.001221328667571773
-2.5	0.0011121644012535722
-2.0	0.0010135830139312697
-1.5	9.243698215749079e-4
-1.0	8.43450181941261e-4
-0.5	7.698767635188419e-4
0.0	7.028182727006559e-4
0.5	6.415493391324917e-4
1.0	5.85441252092055e-4
1.5	5.339532404122577e-4
2.0	4.866240023711174e-4
2.5	4.430632271616671e-4
3.0	4.0294291295196104e-4
3.5	3.659883828441844e-4
4.0	3.319690261960364e-4
4.5	3.0068893900514406e-4
5.0	2.719777851952573e-4
5.5	2.4568231867753553e-4
6.0	2.2165906606981295e-4
6.5	1.997686384617679e-4
7.0	1.7987200699144098e-4
7.5	1.6182885120336136e-4
8.0	1.4549781039371965e-4
8.5	1.3073820194050081e-4
9.0	1.1741258609714825e-4
9.5	1.05389506713889e-4
10.0	9.454583367359931e-5
10.5	8.476833999324692e-5
11.0	7.595436311063416e-5
11.5	6.801182238124794e-5
12.0	6.085829453564398e-5
12.5	5.442014162157548e-5
13.0	4.863128232860016e-5
13.5	4.343202125378718e-5
14.0	3.8768014537081505e-5
14.5	3.45894188941492e-5
15.0	3.085025236228159e-5
15.5	2.7507964038116282e-5
16.0	2.452318213142028e-5
16.5	2.1859588748533482e-5
17.0	1.948386057704641e-5
17.5	1.7365619200940502e-5
18.0	1.5477351009927465e-5
18.5	1.3794278569141411e-5
19.0	1.2294185502657114e-5
19.5	1.095720984128581e-5
20.0	9.765624721810807e-6
