-20.0	49.33392247403804
-19.5	43.29109669685908
-19.0	37.95180288999605
-18.5	33.2368527913429
-18.0	29.07581507495272
-17.5	25.406054700727562
-17.0	22.171877196036682
-16.5	19.323766433043062
-16.0	16.817705710809218
-15.5	14.614573061022055
-15.0	12.679602685285655
-14.5	10.981905313342258
-14.0	9.494041057171069
-13.5	8.19163903599944
-13.0	7.053058671214293
-12.5	6.059088106204124
-12.0	5.192675701742963
-11.5	4.43869099918763
-11.0	3.7837119373645236
-10.5	3.2158354598059025
-10.0	2.724508961604753
-9.5	2.300380303722665
-9.0	1.935164370798466
-8.5	1.6215243696508397
-8.0	1.352966262637005
-7.5	1.1237449054251114
-7.0	0.928780614842461
-6.5	0.7635850313113883
-6.0	0.6241952637655432
-5.5	0.5071154144521567
-5.0	0.40926467805755984
-4.5	0.32793129539647914
-4.0	0.2607317175795991
-3.5	0.20557440311056688
-3.0	0.1606277286763463
-2.5	0.12429154533438805
-2.0	0.0951719562091369
-1.5	0.0720589305357157
-1.0	0.053906402844030026
-0.5	0.03981453624940648
0.0	0.029013856311220845
0.5	0.020850987952058864
1.0	0.014775753790324662
1.5	0.010329419232563915
2.0	0.007133898972151619
2.5	0.004881771998438857
3.0	0.0033269881087248086
3.5	0.0022761876611219014
4.0	0.0015805962504295951
4.5	0.0011284942926767334
5.0	8.382943022810911e-4
5.5	6.522815252242994e-4
6.0	5.310824938832455e-4
6.5	4.4891840542490326e-4
7.0	3.8967607613526843e-4
7.5	3.4379206230203657e-4
8.0	3.059021172884183e-4
8.5	2.731672477093366e-4
9.0	2.441577677025008e-4
9.5	2.181636699335131e-4
10.0	1.9480447120514928e-4
10.5	1.7383081208133627e-4
11.0	1.5503667759358966e-4
11.5	1.3822854141653346e-4
12.0	1.2321861581022906e-4
12.5	1.0982733753117978e-4
13.0	9.788670359211037e-5
13.5	8.724252886770029e-5
14.0	7.775522850769503e-5
14.5	6.929947571374504e-5
15.0	6.176323336281056e-5
15.5	5.504654135656592e-5
16.0	4.906028183922391e-5
16.5	4.372502223576498e-5
17.0	3.896996708916897e-5
17.5	3.47320197273647e-5
18.0	3.0954945165280814e-5
18.5	2.7588623918417196e-5
19.0	2.458838694910804e-5
19.5	2.1914422935555983e-5
20.0	1.9531250000009992e-5
