-20.0	0.11748027532611356
-19.5	0.11594269401528372
-19.0	0.11434002520492678
-18.5	0.11267107250962531
-18.0	0.11093480755823441
-17.5	0.10913039561095142
-17.0	0.10725722267122932
-16.5	0.10531492394651036
-16.0	0.10330341345776164
-15.5	0.10122291453685868
-15.0	0.09907399088307074
-14.5	0.09685757777571619
-14.0	0.09457501296033613
-13.5	0.09222806664175767
-13.0	0.0898189699310498
-12.5	0.0873504410070904
-12.0	0.08482570817048961
-11.5	0.08224852889184235
-11.0	0.07962320389252725
-10.5	0.07695458525000107
-10.0	0.07424807749697193
-9.5	0.07150963069176183
-9.0	0.0687457244826484
-8.5	0.06596334227903806
-8.0	0.0631699347835448
-7.5	0.0603733723368365
-7.0	0.057581885785169665
-6.5	0.05480399589986827
-6.0	0.05204843175623843
-5.5	0.049324038909771925
-5.0	0.04663967867814407
-4.5	0.04400412033089049
-4.0	0.04142592848129337
-3.5	0.0389133484377136
-3.0	0.03647419267030865
-2.5	0.034115731846440005
-2.0	0.03184459404588088
-1.5	0.029666675749402804
-1.0	0.027587067972150176
-0.5	0.025610000468294973
0.0	0.023738806263826503
0.5	0.021975907898901425
1.0	0.02032282572347784
1.5	0.0187802074596849
2.0	0.0173478771153624
2.5	0.016024900315838458
3.0	0.014809662327442208
3.5	0.01369995456731555
4.0	0.012693065269187948
4.5	0.011785870159418357
5.0	0.010974919337407688
5.5	0.010256516776853701
6.0	0.009626788597297759
6.5	0.009081735075697822
7.0	0.008617258872237809
7.5	0.008229157841746836
8.0	0.007913065049507494
8.5	0.007664311689702896
9.0	0.007477682115697569
9.5	0.007347027982531023
10.0	0.0072647183790519
10.5	0.007220938114983017
11.0	0.007202924743926299
11.5	0.007194369260216769
12.0	0.0071753790750389386
12.5	0.007123530023838008
13.0	0.007016442221550642
13.5	0.006835810586773035
14.0	0.006571921812996153
14.5	0.006226867008481958
15.0	0.005814700377326796
15.5	0.005358069295707021
16.0	0.004882644007635427
16.5	0.004411674101394909
17.0	0.003962533921541801
17.5	0.0035457772688478164
18.0	0.003166067989662838
18.5	0.0028239412043345683
19.0	0.0025175495194543858
19.5	0.002243968286662297
20.0	0.001999986795426827
