-20.0	0.023735835396599562
-19.5	0.02117338868236273
-19.0	0.018889583463710065
-18.5	0.016854115067122904
-18.0	0.015039974106623742
-17.5	0.013423088087865628
-17.0	0.011982001983584385
-16.5	0.010697593541953933
-16.0	0.009552819550345702
-15.5	0.00853248968779404
-15.0	0.0076230649655934495
-14.5	0.006812478081815183
-14.0	0.006089973306357459
-13.5	0.005445963772456652
-13.0	0.00487190428161702
-12.5	0.00436017793498222
-12.0	0.003903995087770887
-11.5	0.0034973032871536344
-11.0	0.0031347069999655202
-10.5	0.0028113960668161454
-10.0	0.002523081935345733
-9.5	0.0022659408289979486
-9.0	0.0020365631001809494
-8.5	0.0018319080992809816
-8.0	0.0016492639647449413
-7.5	0.0014862118053705477
-7.0	0.001340593804826594
-6.5	0.001210484831031657
-6.0	0.0010941671799716102
-5.5	9.901081254206727e-4
-5.0	8.96939983107969e-4
-4.5	8.134424306745531e-4
-4.0	7.385268533749919e-4
-3.5	6.712225099577817e-4
-3.0	6.106643337858865e-4
-2.5	5.560822006267861e-4
-2.0	5.067915069656349e-4
-1.5	4.6218491078745395e-4
-1.0	4.217250909706305e-4
-0.5	3.8493838175942093e-4
0.0	3.5140913635032796e-4
0.5	3.2077466956624583e-4
1.0	2.927206260460275e-4
1.5	2.6697662020612884e-4
2.0	2.433120011855587e-4
2.5	2.2153161358083354e-4
3.0	2.0147145647598052e-4
3.5	1.829941914220922e-4
4.0	1.659845130980182e-4
4.5	1.5034446950257203e-4
5.0	1.3598889259762865e-4
5.5	1.2284115933876776e-4
6.0	1.1082953303490648e-4
6.5	9.988431923088395e-5
7.0	8.993600349572049e-5
7.5	8.091442560168068e-5
8.0	7.274890519685983e-5
8.5	6.536910097025041e-5
9.0	5.8706293048574126e-5
9.5	5.26947533569445e-5
10.0	4.7272916836799654e-5
10.5	4.238416999662346e-5
11.0	3.797718155531708e-5
11.5	3.400591119062397e-5
12.0	3.042914726782199e-5
12.5	2.721007081078774e-5
13.0	2.431564116430008e-5
13.5	2.171601062689359e-5
14.0	1.9384007268540753e-5
14.5	1.72947094470746e-5
15.0	1.5425126181140795e-5
15.5	1.3753982019058141e-5
16.0	1.226159106571014e-5
16.5	1.0929794374266741e-5
17.0	9.741930288523204e-6
17.5	8.682809600470251e-6
18.0	7.738675504963732e-6
18.5	6.897139284570706e-6
19.0	6.147092751328557e-6
19.5	5.478604920642905e-6
20.0	4.882812360905404e-6
