-20.0	57.226584455449704
-19.5	50.28960688319638
-19.0	44.1556602088678
-18.5	38.73460451509045
-18.0	33.94625487201667
-17.5	29.719289993238284
-17.0	25.990280059663217
-16.5	22.702820725953334
-16.0	19.806761737952495
-15.5	17.257519849579808
-15.0	15.015466850667618
-14.5	13.045384517991737
-14.0	11.315979193718237
-13.5	9.799449490344866
-13.0	8.471101329702433
-12.5	7.3090051548883554
-12.0	6.293690716725866
-11.5	5.407875337769226
-11.0	4.63622200378091
-10.5	3.965124030840429
-10.0	3.382513411120597
-9.5	2.877690256553873
-9.0	2.4411710412982415
-8.5	2.0645535948105898
-8.0	1.7403970207147281
-7.5	1.4621149154857704
-7.0	1.223880437802374
-6.5	1.0205419365974424
-6.0	0.8475479853690103
-5.5	0.7008807940417867
-5.0	0.5769970792077981
-4.5	0.4727755703888284
-4.0	0.3854704153931651
-3.5	0.31266982312425057
-3.0	0.25225934853252385
-2.5	0.2023892829335544
-2.0	0.16144566482417094
-1.5	0.12802447278372242
-1.0	0.10090860427695593
-0.5	0.0790472833843558
0.0	0.06153757785439622
0.5	0.04760774244288575
1.0	0.03660214207441223
1.5	0.027967545353506162
2.0	0.02124061628188975
2.5	0.016036469029624783
3.0	0.012038186009856396
3.5	0.0089872316300536
4.0	0.006674721063244815
4.5	0.004933523518368684
5.0	0.0036311916638874994
5.5	0.0026637127278583924
6.0	0.0019500728975200379
6.5	0.0014276161823620162
7.0	0.001048163606031438
7.5	7.748405139873871e-4
8.0	5.795413824200467e-4
8.5	4.4094572335684587e-4
9.0	3.429886761933973e-4
9.5	2.73688326609126e-4
10.0	2.242397284400652e-4
10.5	1.883015674612132e-4
11.0	1.6142155407064654e-4
11.5	1.4056674896383977e-4
12.0	1.237388370544962e-4
12.5	1.0966597416556179e-4
13.0	9.756335809693726e-5
13.5	8.695609293266495e-5
14.0	7.755544568693462e-5
14.5	6.917796956070226e-5
15.0	6.169651623812415e-5
15.5	5.5013021863438465e-5
16.0	4.9044815521729466e-5
16.5	4.37184807360342e-5
17.0	3.89674454359584e-5
17.5	3.4731141348455554e-5
18.0	3.095467168649345e-5
18.5	2.7588548795330283e-5
19.0	2.4588369012603977e-5
19.5	2.1914419275959845e-5
20.0	1.9531249374078712e-5
