-20.0	20.720020050125044
-19.5	18.057260848003047
-19.0	15.714368290032638
-18.5	13.654753259364838
-18.0	11.845900991120109
-17.5	10.258922448595916
-17.0	8.868154801232494
-16.5	7.650805649508336
-16.0	6.5866362255276405
-15.5	5.657679318188525
-15.0	4.847988135339212
-14.5	4.143412728452842
-14.0	3.531400973505342
-13.5	3.000821429853157
-13.0	2.5418056912964198
-12.5	2.14560810408304
-12.0	1.8044809587628325
-11.5	1.511563469656057
-11.0	1.260783039924956
-10.5	1.0467674742931508
-10.0	0.8647669474648807
-9.5	0.7105846661543116
-9.0	0.5805152780357821
-8.5	0.4712901833391246
-8.0	0.38002899555970154
-7.5	0.3041964779865857
-7.0	0.24156435351239808
-6.5	0.1901774473980992
-6.0	0.14832367718088588
-5.5	0.11450745153570185
-5.0	0.08742608141335977
-4.5	0.06594884298542614
-4.0	0.04909836368011357
-3.5	0.036034030827955504
-3.0	0.026037148190799313
-2.5	0.01849759006098767
-2.0	0.0129017269100652
-1.5	0.008821421954956452
-1.0	0.005903925594606732
-0.5	0.003862525234029838
0.0	0.0024678417960378664
0.5	0.001539700654620351
1.0	9.395422183065914e-4
1.5	5.633732478446212e-4
2.0	3.3529054838099006e-4
2.5	2.0162978328931908e-4
3.0	1.2580001066842659e-4
3.5	8.385677469294267e-5
4.0	6.0843348012448395e-5
4.5	4.7894393311325185e-5
5.0	4.005534570353034e-5
5.5	3.47325234804671e-5
6.0	3.0661376501927884e-5
6.5	2.726869846655371e-5
7.0	2.4309988223023002e-5
7.5	2.1681851550251362e-5
8.0	1.9334878481520294e-5
8.5	1.7237985733770648e-5
9.0	1.536594951622379e-5
9.5	1.3695930589364784e-5
10.0	1.2206863116208804e-5
10.5	1.0879485745873348e-5
11.0	9.696376929626312e-6
11.5	8.641913188148818e-6
12.0	7.70211547060489e-6
12.5	6.86451805469159e-6
13.0	6.11800821520005e-6
13.5	5.452680567581025e-6
14.0	4.859706671780218e-6
14.5	4.3312181303002804e-6
15.0	3.860202221890378e-6
15.5	3.4404088516434276e-6
16.0	3.066267616592712e-6
16.5	2.732813889857711e-6
17.0	2.435622943081255e-6
17.5	2.170751232960465e-6
18.0	1.934684072830378e-6
18.5	1.7242889949022843e-6
19.0	1.5367741843189306e-6
19.5	1.3696514334750306e-6
20.0	1.2207031250037975e-6
