-20.0	0.40970149516978105
-19.5	0.3652673779961571
-19.0	0.32565876598222954
-18.5	0.2903504892473297
-18.0	0.2588744666327706
-17.5	0.23081349650517516
-17.0	0.20579572293007536
-16.5	0.18348970383436106
-16.0	0.1636000157617066
-15.5	0.14586333696941134
-15.0	0.13004495696799878
-14.5	0.11593566628205923
-14.0	0.10334898527501087
-13.5	0.09211869540059806
-13.0	0.08209664027574946
-12.5	0.07315076757546879
-12.0	0.06516338596029418
-11.5	0.05802961411574209
-11.0	0.05165600152931244
-10.5	0.04595930288633513
-10.0	0.040865389947710815
-9.5	0.03630828648467407
-9.0	0.03222931329731582
-8.5	0.02857633152061654
-8.0	0.025303073319138832
-7.5	0.022368549674705425
-7.0	0.019736525280504322
-6.5	0.01737505059039277
-6.0	0.015256040899147874
-5.5	0.01335489207628761
-5.0	0.011650122458765967
-4.5	0.010123030730531803
-4.0	0.008757360752722647
-3.5	0.00753896662301406
-3.0	0.0064554749689258485
-2.5	0.005495946545776489
-2.0	0.004650545076590004
-1.5	0.003910226870629525
-1.0	0.0032664686248189746
-0.5	0.00271105146770184
0.0	0.0022359158117403926
0.5	0.0018330940709410206
1.0	0.0014947181979077467
1.5	0.001213088705983033
2.0	9.807839950466862e-4
2.5	7.907853111909127e-4
3.0	6.365940942526034e-4
3.5	5.12323908948796e-4
4.0	4.12756753230899e-4
4.5	3.333612210613223e-4
5.0	2.702761599228046e-4
5.5	2.2026730473628383e-4
6.0	1.806658714680344e-4
6.5	1.4929776230843315e-4
7.0	1.2441058265938565e-4
7.5	1.046037639465358e-4
8.0	8.876520722402622e-5
8.5	7.601627461601904e-5
9.0	6.56657372174148e-5
9.5	5.7172396116858763e-5
10.0	5.011544030238129e-5
10.5	4.4171136761896785e-5
11.0	3.909419391889861e-5
11.5	3.470219855128285e-5
12.0	3.0861954362811355e-5
12.5	2.7477238354708134e-5
13.0	2.4478139799665725e-5
13.5	2.181242750812373e-5
14.0	1.943923720806749e-5
14.5	1.732495619103081e-5
15.0	1.544082303363815e-5
15.5	1.3761637345749349e-5
16.0	1.2265070676438802e-5
16.5	1.0931255576893075e-5
17.0	9.742491773390023e-6
17.5	8.683004931878615e-6
18.0	7.738736291315475e-6
18.5	6.897155979603389e-6
19.0	6.1470967372761915e-6
19.5	5.478605733896279e-6
20.0	4.882812500000012e-6
