-20.0	254883.75775351896
-19.5	161129.0964436198
-19.0	101884.56271491645
-18.5	64440.23836796782
-18.0	40769.3151770444
-17.5	25801.918400582457
-17.0	16335.38602729643
-16.5	10346.276134789237
-16.0	6555.963448860883
-15.5	4156.326133083704
-15.0	2636.5056843301836
-14.5	1673.4853995011129
-14.0	1062.9684946931964
-13.5	675.707131633378
-13.0	429.90667915384273
-12.5	273.7847258912777
-12.0	174.54580970365345
-11.5	111.4102284629284
-11.0	71.20508735830583
-10.5	45.57504607099282
-10.0	29.217181063218096
-9.5	18.763547157633376
-9.0	12.073491319988818
-8.5	7.785268956667222
-8.0	5.031812038729422
-7.5	3.2604547543413385
-7.0	2.118524528289614
-6.5	1.3806844410085053
-6.0	0.9027558836971764
-5.5	0.5923461233780268
-5.0	0.39014780967583423
-4.5	0.25802076451378547
-4.0	0.17138766124937466
-3.5	0.11437608965192432
-3.0	0.07671085373459303
-2.5	0.05172292165362377
-2.0	0.035071684338006344
-1.5	0.023923491209287183
-1.0	0.016422486086288428
-0.5	0.011349003299039824
0.0	0.007898531054607149
0.5	0.005538328960291933
1.0	0.003914166578063922
1.5	0.002789486359286898
2.0	0.002005594630087688
2.5	0.0014555261942216413
3.0	0.0010668257121931224
3.5	7.901615971628943e-4
4.0	5.917673762836208e-4
4.5	4.484033740859234e-4
5.0	3.439839959717734e-4
5.5	2.673099390486639e-4
6.0	2.1053630987014668e-4
6.5	1.6813291926721404e-4
7.0	1.3617519965071406e-4
7.5	1.1185827763465348e-4
8.0	9.316246795066102e-5
8.5	7.862214372752441e-5
9.0	6.716567093608383e-5
9.5	5.800451434738777e-5
10.0	5.055645040054e-5
10.5	4.439223179141049e-5
11.0	3.919792595007348e-5
11.5	3.474722432226071e-5
12.0	3.087981652595162e-5
12.5	2.7483631574418826e-5
13.0	2.448017595933391e-5
13.5	2.1812995965556786e-5
14.0	1.9439374051337235e-5
14.5	1.7324984081125645e-5
15.0	1.5440827749009033e-5
15.5	1.3761637992144264e-5
16.0	1.2265070746466899e-5
16.5	1.093125558271891e-5
17.0	9.742491773750576e-6
17.5	8.683004931894641e-6
18.0	7.738736291316043e-6
18.5	6.897155979603373e-6
19.0	6.147096737276185e-6
19.5	5.478605733896307e-6
20.0	4.882812500000074e-6
