-20.0	0.07430465817980467
-19.5	0.06637417759228048
-19.0	0.05930590265166357
-18.5	0.05300604206305602
-18.0	0.047391001030738775
-17.5	0.04238627203346131
-17.0	0.03792544618932154
-16.5	0.0339493320933481
-16.0	0.030405170437481033
-15.5	0.027245933994045755
-15.0	0.02442970367734417
-14.5	0.021919112408118644
-14.0	0.019680849406411686
-13.5	0.017685218341320592
-13.0	0.015905743482257824
-12.5	0.014318818634929235
-12.0	0.012903394215116139
-11.5	0.011640698321709522
-11.0	0.010513988124692638
-10.5	0.00950832828912969
-10.0	0.008610393519000198
-9.5	0.007808292629072661
-9.0	0.007091411843483095
-8.5	0.00645027528006945
-8.0	0.005876420812779724
-7.5	0.005362289713923439
-7.0	0.0049011286653568124
-6.5	0.004486902895128006
-6.0	0.004114219344573469
-5.5	0.003778258901393594
-5.0	0.003474716846144901
-4.5	0.0031997507530627358
-4.0	0.0029499351593837786
-3.5	0.002722222368342707
-3.0	0.0025139087787063824
-2.5	0.0023226061346297336
-2.0	0.002146217064210808
-1.5	0.001982914222520783
-1.0	0.0018311222801324363
-0.5	0.0016895019080699135
0.0	0.0015569348201219292
0.5	0.001432508863887195
1.0	0.0013155021311419123
1.5	0.0012053651195109692
2.0	0.0011017001557429257
2.5	0.001004237611467584
3.0	9.128089135707112e-4
3.5	8.273169524600676e-4
4.0	7.477051562830544e-4
4.5	6.73927119753671e-4
5.0	6.0591911318743e-4
5.5	5.435778939763115e-4
6.0	4.867458966239706e-4
6.5	4.3520505552252335e-4
7.0	3.88679327988571e-4
7.5	3.4684466942163446e-4
8.0	3.093440888158233e-4
8.5	2.758047949100921e-4
9.0	2.458545073079507e-4
9.5	2.1913471543403228e-4
10.0	1.953097645398378e-4
10.5	1.7407176089398083e-4
11.0	1.551420285048452e-4
11.5	1.382706105776792e-4
12.0	1.2323384746409759e-4
12.5	1.0983228886702831e-4
13.0	9.788813144245102e-5
13.5	8.724288908122939e-5
14.0	7.775530674848587e-5
14.5	6.929949008480663e-5
15.0	6.176323555024745e-5
15.5	5.5046541626295586e-5
16.0	4.906028186548464e-5
16.5	4.3725022237724295e-5
17.0	3.896996708930131e-5
17.5	3.4732019727368236e-5
18.0	3.09549451652869e-5
18.5	2.758862391843728e-5
19.0	2.4588386949102862e-5
19.5	2.191442293560122e-5
20.0	1.9531250000062264e-5
