-20.0	0.010968746742200577
-19.5	0.009792581522117946
-19.0	0.008744297979970764
-18.5	0.007809986076624715
-18.0	0.006977248119301396
-17.5	0.006235034254776886
-17.0	0.005573495848366718
-16.5	0.004983854803316298
-16.0	0.004458287086785857
-15.5	0.0039898189171812485
-15.0	0.0035722342356794123
-14.5	0.003199992234600115
-14.0	0.0028681538488432522
-13.5	0.0025723162356697912
-13.0	0.0023085543742679773
-12.5	0.0020733690112048507
-12.0	0.0018636402623080895
-11.5	0.0016765862568345752
-11.0	0.0015097262770367415
-10.5	0.0013608479062308786
-10.0	0.0012279777521111766
-9.5	0.0011093553599723915
-9.0	0.001003409973365651
-8.5	9.087398380807042e-4
-8.0	8.240937796752357e-4
-7.5	7.483548155417981e-4
-7.0	6.805255899948527e-4
-6.5	6.197154454197101e-4
-6.0	5.651289643258234e-4
-5.5	5.160558363836005e-4
-5.0	4.718619211692462e-4
-4.5	4.319813914879162e-4
-4.0	3.959098536334985e-4
-3.5	3.6319834959026994e-4
-3.0	3.334481519245985e-4
-2.5	3.0630626458016404e-4
-2.0	2.8146154208643785e-4
-1.5	2.586413357223395e-4
-1.0	2.376085685549741e-4
-0.5	2.1815913275162257e-4
0.0	2.00119493902615e-4
0.5	1.8334438055054718e-4
1.0	1.677144358690646e-4
1.5	1.5313371619752187e-4
2.0	1.39526941796955e-4
2.5	1.2683644156250278e-4
3.0	1.1501878644793744e-4
3.5	1.0404117375817452e-4
4.0	9.387769885783286e-5
4.5	8.450572026203548e-5
5.0	7.590257306945687e-5
5.5	6.804289677885945e-5
6.0	6.089680543925176e-5
6.5	5.442903703548395e-5
7.0	4.859908742776174e-5
7.5	4.336218823119995e-5
8.0	3.867086336370108e-5
8.5	3.447673053410124e-5
9.0	3.073222122159446e-5
9.5	2.7391971567550637e-5
10.0	2.4413758559861963e-5
10.5	2.175897966662902e-5
11.0	1.939275569617867e-5
11.5	1.7283826711742022e-5
12.0	1.5404230991959044e-5
12.5	1.37290361155924e-5
13.0	1.2236016430948828e-5
13.5	1.090536113521325e-5
14.0	9.719413343552846e-6
14.5	8.662436260601218e-6
15.0	7.720404443782258e-6
15.5	6.880817703283409e-6
16.0	6.132535233183215e-6
16.5	5.465627779714595e-6
17.0	4.871245886158468e-6
17.5	4.3415024659203434e-6
18.0	3.869368145659519e-6
18.5	3.4485779898018514e-6
19.0	3.073548368638437e-6
19.5	2.739302866944552e-6
20.0	2.4414062500005307e-6
