-20.0	33.2814177071154
-19.5	29.24784277701834
-19.0	25.68115141878654
-18.5	22.52893866232105
-18.0	19.74458697112802
-17.5	17.286631785800783
-17.0	15.118196345775848
-16.5	13.20648824032438
-16.0	11.522350961667131
-15.5	10.03986446561937
-15.0	8.735989398040411
-14.5	7.5902502271424925
-14.0	6.584453040270638
-13.5	5.70243422584777
-13.0	4.929836673057858
-12.5	4.253910488847689
-12.0	3.663335558966013
-11.5	3.1480635712573415
-11.0	2.699177379247255
-10.5	2.3087658155512383
-10.0	1.9698122709606918
-9.5	1.6760955388673862
-9.0	1.422101588447371
-8.5	1.2029450758887037
-8.0	1.0142995328017084
-7.5	0.8523352865532162
-7.0	0.7136642700609858
-6.5	0.5952909699646804
-6.0	0.49456884320487576
-5.5	0.4091616039811483
-5.0	0.33700884673237724
-4.5	0.27629552707499233
-4.0	0.22542487230289823
-3.5	0.18299433681305705
-3.0	0.14777425639864025
-2.5	0.11868888936654089
-2.0	0.09479956262281192
-1.5	0.07528966786336733
-1.0	0.05945127755914933
-0.5	0.04667317320115485
0.0	0.03643009998841747
0.5	0.02827308338509843
1.0	0.021820664213304766
1.5	0.016750930434859968
2.0	0.012794245469640215
2.5	0.009726594394632766
3.0	0.007363489949819321
3.5	0.005554398981416365
4.0	0.004177665665200339
4.5	0.0031359196038181067
5.0	0.0023519640387035757
5.5	0.0017651417012457384
6.0	0.0013281736086267386
6.5	0.0010044600197852017
7.0	7.658238393199338e-4
7.5	5.906661758378227e-4
8.0	4.6249296526036925e-4
8.5	3.6876229987764823e-4
9.0	2.9999622267402036e-4
9.5	2.49099829071848e-4
10.0	2.1083516561709213e-4
10.5	1.8140676895056807e-4
11.0	1.5812744526519276e-4
11.5	1.3914495311388315e-4
12.0	1.232173490045952e-4
12.5	1.0953329328611541e-4
13.0	9.757193419806381e-5
13.5	8.699908861551845e-5
14.0	7.759453708303542e-5
14.5	6.920432464065775e-5
15.0	6.171170285586282e-5
15.5	5.502083577867294e-5
16.0	4.9048463343383106e-5
16.5	4.372003209918156e-5
17.0	3.896804491825384e-5
17.5	3.47313503752134e-5
18.0	3.095473678962905e-5
18.5	2.758856668094596e-5
19.0	2.4588373283151547e-5
19.5	2.1914420147290027e-5
20.0	1.953124952309979e-5
