-20.0	4.968366945190507
-19.5	4.049385800676887
-19.0	3.297029325354684
-18.5	2.6818567678450536
-18.0	2.1794604213373305
-17.5	1.7696409117488197
-17.0	1.4357103144716867
-16.5	1.163904727569217
-16.0	0.9428902984108903
-15.5	0.7633488123949856
-15.0	0.6176308269279416
-14.5	0.49946599072340253
-14.0	0.4037216469734425
-13.5	0.3262020973092434
-13.0	0.26348201935243726
-12.5	0.21276850069790318
-12.0	0.1717869920871037
-11.5	0.13868720690349165
-11.0	0.11196561651051583
-10.5	0.09040172371918247
-10.0	0.07300575111721076
-9.5	0.058975767293054454
-9.0	0.04766260127748682
-8.5	0.03854117194022729
-8.0	0.031187091813579513
-7.5	0.025257600200593738
-7.0	0.020476043995853194
-6.5	0.016619261217892384
-6.0	0.013507335988297862
-5.5	0.010995288180992395
-5.0	0.008966339280937506
-4.5	0.007326460758814575
-4.0	0.005999964718120224
-3.5	0.004925940592726119
-3.0	0.004055377860452256
-2.5	0.0033488444320928607
-2.0	0.0027746146993858547
-1.5	0.002307161118870057
-1.0	0.0019259394541333776
-0.5	0.0016144110473209794
0.0	0.00135925628128595
0.5	0.0011497421722886669
1.0	9.772141670359939e-4
1.5	8.346880083020192e-4
2.0	7.165222258110145e-4
2.5	6.18155601532138e-4
3.0	5.35897009041894e-4
3.5	4.6675746037325296e-4
4.0	4.083161114604882e-4
4.5	3.586134653193076e-4
5.0	3.160661552955484e-4
5.5	2.793985832650835e-4
6.0	2.4758743730766503e-4
6.5	2.198158289486486e-4
7.0	1.9543455094573145e-4
7.5	1.739287731584644e-4
8.0	1.5488928671519105e-4
8.5	1.37988030794874e-4
9.0	1.229579563227647e-4
9.5	1.0957725619743764e-4
10.0	9.765771529176595e-5
10.5	8.70365899728558e-5
11.0	7.757119496591049e-5
11.5	6.913534423545559e-5
12.0	6.16169301214123e-5
12.5	5.491614525769008e-5
13.0	4.894406580300242e-5
13.5	4.362144454721774e-5
14.0	3.8877653374426076e-5
14.5	3.4649745042343534e-5
15.0	3.088161777508212e-5
15.5	2.752327081312932e-5
16.0	2.453014093271108e-5
16.5	2.1862511118831516e-5
17.0	1.9484983544618134e-5
17.5	1.7366009863661357e-5
18.0	1.547747258262817e-5
18.5	1.379431195920666e-5
19.0	1.229419347455237e-5
19.5	1.095721146779261e-5
20.0	9.76562500000014e-6
