-20.0	0.010075611298056897
-19.5	0.00899064266038143
-19.0	0.008023650669538127
-18.5	0.00716180394884652
-18.0	0.006393666340503042
-17.5	0.0057090451559902965
-17.0	0.005098855926908383
-16.5	0.0045550018616167705
-16.0	0.00407026640825592
-15.5	0.003638217498655819
-15.0	0.0032531222026576153
-14.5	0.0029098706605683415
-14.0	0.002603908284607463
-13.5	0.002331175330016996
-13.0	0.0020880530343305804
-12.5	0.0018713156105734834
-12.0	0.00167808745791812
-11.5	0.0015058050226875782
-11.0	0.001352182804460575
-10.5	0.0012151830571880493
-10.0	0.0010929887844832306
-9.5	9.839796721875568e-4
-9.0	8.86710640559426e-4
-8.5	7.998927334953061e-4
-8.0	7.223760935260596e-4
-7.5	6.531347993613558e-4
-7.0	5.912533678156437e-4
-6.5	5.359147443538947e-4
-6.0	4.8638962650391737e-4
-5.5	4.4202698223198096e-4
-5.0	4.0224564115051925e-4
-4.5	3.665268503385147e-4
-4.0	3.344076985974749e-4
-3.5	3.0547532312305385e-4
-3.0	2.793618209326425e-4
-2.5	2.55739793702188e-4
-2.0	2.3431845904222e-4
-1.5	2.1484026345280416e-4
-1.0	1.9707793243144286e-4
-0.5	1.8083189147756517e-4
0.0	1.6592798862852406e-4
0.5	1.522154453139047e-4
1.0	1.3956495892917566e-4
1.5	1.2786687922253432e-4
2.0	1.1702938347324333e-4
2.5	1.0697658453263242e-4
3.0	9.764652306330323e-5
3.5	8.898902204644663e-5
4.0	8.09634169934713e-5
4.5	7.353621648650648e-5
5.0	6.667878942177602e-5
5.5	6.036520861733895e-5
6.0	5.457039711572668e-5
6.5	4.9268714161055586e-5
7.0	4.4433079302987435e-5
7.5	4.00346682495142e-5
8.0	3.604313419006892e-5
8.5	3.2427231997717715e-5
9.0	2.9155669787064354e-5
9.5	2.6197997822102552e-5
10.0	2.3525372121314166e-5
10.5	2.1111089125864547e-5
11.0	1.8930850577614537e-5
11.5	1.6962830719155822e-5
12.0	1.518747966026534e-5
12.5	1.3587321010211486e-5
13.0	1.2146649745855631e-5
13.5	1.085124019598472e-5
14.0	9.688087961517294e-6
14.5	8.64520021824492e-6
15.0	7.711442897256177e-6
15.5	6.8764443389930695e-6
16.0	6.130547004237828e-6
16.5	5.464792816765526e-6
17.0	4.8709250382771236e-6
17.5	4.3413908479951815e-6
18.0	3.869333410600113e-6
18.5	3.448568449783418e-6
19.0	3.0735460909537366e-6
19.5	2.7393024022324616e-6
20.0	2.441406170517954e-6
