-20.0	0.08713293169770284
-19.5	0.07772442283829492
-19.0	0.06933902977856597
-18.5	0.061865483494185844
-18.0	0.05520461462563779
-17.5	0.04926803756415819
-17.0	0.043976977632311114
-16.5	0.039261225796800796
-16.0	0.03505820704339588
-15.5	0.031312150052251575
-15.0	0.02797334715605571
-14.5	0.024997494761633054
-14.0	0.022345105483402683
-13.5	0.01998098418884242
-13.0	0.017873761004315328
-12.5	0.01599547508575299
-12.0	0.014321203632554201
-11.5	0.012828731223704586
-11.0	0.011498255090752868
-10.5	0.010312122419464723
-10.0	0.009254596197747638
-9.5	0.0083116465069295
-9.0	0.007470764492023424
-8.5	0.006720796548646647
-8.0	0.006051796533701477
-7.5	0.0054548940477169875
-7.0	0.004922177051626642
-6.5	0.004446587272928021
-6.0	0.004021827027959231
-5.5	0.003642276240981172
-5.0	0.003302918578215807
-4.5	0.0029992757384120737
-4.0	0.0027273490518460344
-3.5	0.002483567637825977
-3.0	0.0022647424586324104
-2.5	0.0020680256844860007
-2.0	0.0018908748514149093
-1.5	0.0017310213502693386
-1.0	0.00158644283161188
-0.5	0.001455339145818551
0.0	0.0013361114610200022
0.5	0.001227344211849205
1.0	0.001127789529128493
1.5	0.0010363537849662416
2.0	9.520858617469578e-4
2.5	8.741667195767682e-4
3.0	8.018998013456032e-4
3.5	7.347017889108152e-4
4.0	6.720932181028557e-4
4.5	6.136884897343731e-4
5.0	5.591848968746063e-4
5.5	5.083504302189518e-4
6.0	4.610103369660246e-4
6.5	4.170326750876334e-4
7.0	3.763134027801614e-4
7.5	3.387618226295431e-4
8.0	3.042873964025608e-4
8.5	2.727889962805261e-4
9.0	2.441475089246108e-4
9.5	2.1822234957284377e-4
10.0	1.94851919229958e-4
10.5	1.7385745487463343e-4
11.0	1.5504916310270743e-4
11.5	1.3823367501275378e-4
12.0	1.2322049542573576e-4
12.5	1.0982795054667507e-4
13.0	9.788688035718542e-5
13.5	8.724257339137557e-5
14.0	7.775523815514783e-5
14.5	6.929947748017399e-5
15.0	6.176323363060287e-5
15.5	5.5046541389443693e-5
16.0	4.906028184240561e-5
16.5	4.372502223599277e-5
17.0	3.896996708919857e-5
17.5	3.473201972736036e-5
18.0	3.095494516528092e-5
18.5	2.7588623918432158e-5
19.0	2.458838694910305e-5
19.5	2.1914422935596098e-5
20.0	1.9531250000051734e-5
