-20.0	0.020151222596113794
-19.5	0.01798128532076286
-19.0	0.016047301339076253
-18.5	0.01432360789769304
-18.0	0.012787332681006083
-17.5	0.011418090311980593
-17.0	0.010197711853816765
-16.5	0.009110003723233541
-16.0	0.00814053281651184
-15.5	0.007276434997311638
-15.0	0.006506244405315231
-14.5	0.005819741321136683
-14.0	0.005207816569214926
-13.5	0.004662350660033992
-13.0	0.004176106068661161
-12.5	0.003742631221146967
-12.0	0.00335617491583624
-11.5	0.0030116100453751564
-11.0	0.00270436560892115
-10.5	0.0024303661143760986
-10.0	0.002185977568966461
-9.5	0.0019679593443751135
-9.0	0.001773421281118852
-8.5	0.0015997854669906122
-8.0	0.0014447521870521191
-7.5	0.0013062695987227117
-7.0	0.0011825067356312875
-6.5	0.0010718294887077894
-6.0	9.727792530078347e-4
-5.5	8.840539644639619e-4
-5.0	8.044912823010385e-4
-4.5	7.330537006770294e-4
-4.0	6.688153971949498e-4
-3.5	6.109506462461077e-4
-3.0	5.58723641865285e-4
-2.5	5.11479587404376e-4
-2.0	4.6863691808444e-4
-1.5	4.2968052690560833e-4
-1.0	3.941558648628857e-4
-0.5	3.6166378295513033e-4
0.0	3.318559772570481e-4
0.5	3.044308906278094e-4
1.0	2.791299178583513e-4
1.5	2.5573375844506864e-4
2.0	2.3405876694648667e-4
2.5	2.1395316906526484e-4
3.0	1.9529304612660647e-4
3.5	1.7797804409289326e-4
4.0	1.619268339869426e-4
4.5	1.4707243297301296e-4
5.0	1.3335757884355205e-4
5.5	1.207304172346779e-4
6.0	1.0914079423145337e-4
6.5	9.853742832211117e-5
7.0	8.886615860597487e-5
7.5	8.00693364990284e-5
8.0	7.208626838013784e-5
8.5	6.485446399543543e-5
9.0	5.831133957412871e-5
9.5	5.2395995644205105e-5
10.0	4.705074424262833e-5
10.5	4.2222178251729095e-5
11.0	3.7861701155229074e-5
11.5	3.3925661438311645e-5
12.0	3.037495932053068e-5
12.5	2.717464202042297e-5
13.0	2.4293299491711263e-5
13.5	2.170248039196944e-5
14.0	1.937617592303459e-5
14.5	1.729040043648984e-5
15.0	1.5422885794512354e-5
15.5	1.3752888677986139e-5
16.0	1.2261094008475656e-5
16.5	1.0929585633531053e-5
17.0	9.741850076554247e-6
17.5	8.682781695990363e-6
18.0	7.738666821200226e-6
18.5	6.897136899566836e-6
19.0	6.147092181907473e-6
19.5	5.478604804464923e-6
20.0	4.882812341035908e-6
