-20.0	0.19531249999999928
-19.5	0.17407244885425022
-19.0	0.155142233344588
-18.5	0.13827066101252772
-18.0	0.12323385634378706
-17.5	0.10983229007623925
-17.0	0.09788813156782906
-16.5	0.08724288909198608
-16.0	0.0777553067487306
-15.5	0.06929949008468184
-15.0	0.061763235550164136
-14.5	0.05504654162625979
-14.0	0.04906028186542164
-13.5	0.04372502223766317
-13.0	0.03896996708923669
-12.5	0.034732019727322504
-12.0	0.030954945165255546
-11.5	0.027588623918413095
-11.0	0.024588386949103976
-10.5	0.02191442293558519
-10.0	0.01953124999999969
-9.5	0.017407244885425027
-9.0	0.015514223334458899
-8.5	0.013827066101253012
-8.0	0.012323385634379055
-7.5	0.010983229007624218
-7.0	0.009788813156782497
-6.5	0.008724288909198113
-6.0	0.007775530674872544
-5.5	0.006929949008468006
-5.0	0.006176323555016378
-4.5	0.0055046541626262305
-4.0	0.004906028186542416
-3.5	0.004372502223766229
-3.0	0.0038969967089233313
-2.5	0.0034732019727319995
-2.0	0.003095494516525748
-1.5	0.002758862391841688
-1.0	0.002458838694910473
-0.5	0.0021914422935582446
0.0	0.001953125000000025
0.5	0.0017407244885427255
1.0	0.001551422333445651
1.5	0.001382706610125155
2.0	0.0012323385634380993
2.5	0.0010983229007621555
3.0	9.788813156784708e-4
3.5	8.724288909197033e-4
4.0	7.775530674874387e-4
4.5	6.929949008466542e-4
5.0	6.176323555018464e-4
5.5	5.50465416262447e-4
6.0	4.906028186540963e-4
6.5	4.37250222376776e-4
7.0	3.896996708925328e-4
7.5	3.4732019727337643e-4
8.0	3.09549451652715e-4
8.5	2.7588623918424086e-4
9.0	2.45883869490925e-4
9.5	2.1914422935589943e-4
10.0	1.9531249999989785e-4
10.5	1.7407244885432745e-4
11.0	1.551422328405771e-4
11.5	1.3827065991973826e-4
12.0	1.232338559421452e-4
12.5	1.0983228999057818e-4
13.0	9.78881315554052e-5
13.5	8.724288909070904e-5
14.0	7.775530674865294e-5
14.5	6.929949008467473e-5
15.0	6.176323555016155e-5
15.5	5.504654162625698e-5
16.0	4.906028186542016e-5
16.5	4.3725022237661954e-5
17.0	3.896996708923485e-5
17.5	3.473201972732215e-5
18.0	3.095494516525563e-5
18.5	2.7588623918412883e-5
19.0	2.4588386949104614e-5
19.5	2.191442293558475e-5
20.0	1.9531249999999675e-5
