-20.0	11.473242629772885
-19.5	10.236209017152374
-19.0	9.133701626597071
-18.5	8.151090834288734
-18.0	7.275337968286804
-17.5	6.494822293252284
-17.0	5.799186806838758
-16.5	5.179200807075895
-16.0	4.6266374024358035
-15.5	4.134164342343702
-15.0	3.695246716011726
-14.5	3.304060231023782
-14.0	2.9554139176141185
-13.5	2.644681233966334
-13.0	2.367738655539676
-12.5	2.120910933388641
-12.0	1.9009222914887784
-11.5	1.7048529131115064
-11.0	1.5301001343668892
-10.5	1.3743438242304045
-10.0	1.2355154842552856
-9.5	1.1117706467517783
-9.0	1.0014641916284477
-8.5	0.9031282346647888
-8.0	0.815452268212572
-7.5	0.7372652561475659
-7.0	0.6675194001464411
-6.5	0.6052753026242239
-6.0	0.5496882549219068
-5.5	0.49999537816205986
-5.0	0.45550334491699945
-4.5	0.4155764220502617
-4.0	0.3796246221311844
-3.5	0.3470918742418806
-3.0	0.3174444001924466
-2.5	0.2901600306294303
-2.0	0.2647201877412331
-1.5	0.24060786922689964
-1.0	0.21731718617809215
-0.5	0.19438220954447433
0.0	0.17143305314815907
0.5	0.14828121452386117
1.0	0.12501931743185382
1.5	0.10209284631047708
2.0	0.08027925976446065
2.5	0.0605264784159926
3.0	0.043678872469548165
3.5	0.030212647472974995
4.0	0.020120376239261013
4.5	0.012989341437703581
5.0	0.00819597667917224
5.5	0.005097613570397525
6.0	0.0031503431028372664
6.5	0.0019481411098866662
7.0	0.001212532964135485
7.5	7.63151645987477e-4
8.0	4.874716813631027e-4
8.5	3.168820415763883e-4
9.0	2.100514452702745e-4
9.5	1.4218383420805226e-4
10.0	9.837628804623471e-5
10.5	6.961666350554355e-5
11.0	5.040417838598e-5
11.5	3.73421816731377e-5
12.0	2.8305388355804184e-5
12.5	2.194473785096617e-5
13.0	1.7390743042570382e-5
13.5	1.4074040088391494e-5
14.0	1.1615665905377712e-5
14.5	9.759237889885902e-6
15.0	8.32862035016969e-6
15.5	7.201283866219289e-6
16.0	6.291399788923543e-6
16.5	5.538939317258379e-6
17.0	4.902382589175342e-6
17.5	4.353526573594043e-6
18.0	3.873535557306868e-6
18.5	3.4498562289765297e-6
19.0	3.0738900485944865e-6
19.5	2.73938112277541e-6
20.0	2.4414213193337254e-6
