-20.0	6.249999999999991
-19.5	5.570318363335915
-19.0	4.964551467026783
-18.5	4.42466115240089
-18.0	3.943483403001262
-17.5	3.5146332824397932
-17.0	3.1324202101705887
-16.5	2.7917724509435744
-16.0	2.48816981595939
-15.5	2.217583682709869
-15.0	1.9764235376052461
-14.5	1.7614893320402796
-14.0	1.5699290196934643
-13.5	1.3992007116051557
-13.0	1.2470389468554286
-12.5	1.1114246312741103
-12.0	0.990558245288117
-11.5	0.8828359653891813
-11.0	0.7868283823713426
-10.5	0.7012615339387485
-10.0	0.6250000000000814
-9.5	0.5570318363337974
-9.0	0.49645514670280044
-8.5	0.44246611524013657
-8.0	0.394348340300121
-7.5	0.35146332824389126
-7.0	0.3132420210167987
-6.5	0.27917724509423764
-6.0	0.24881698159590881
-5.5	0.221758368271059
-5.0	0.19764235376082967
-4.5	0.17614893320412406
-4.0	0.1569929019693167
-3.5	0.1399200711602559
-3.0	0.12470389468545254
-2.5	0.11114246312750806
-2.0	0.09905582452915188
-1.5	0.08828359653892781
-1.0	0.07868283823678004
-0.5	0.07012615339385025
0.0	0.06250000000042075
0.5	0.0557031836333185
1.0	0.049645514670049434
1.5	0.04424661152429443
2.0	0.039434834029960064
2.5	0.035146332824296245
3.0	0.031324202101964654
3.5	0.02791772450899005
4.0	0.024881698160070048
4.5	0.02217583682681415
5.0	0.019764235376149103
5.5	0.017614893320626795
6.0	0.015699290196362015
6.5	0.013992007115813554
7.0	0.0124703894686643
7.5	0.011114246312991571
8.0	0.009905582452980954
8.5	0.008828359653626272
9.0	0.007868283823320582
9.5	0.007012615340303396
10.0	0.00624999999948786
10.5	0.005570318362993154
11.0	0.004964549677559438
11.5	0.004424660410471709
12.0	0.003943483251054231
12.5	0.0035146332599476637
13.0	0.003132420207669989
13.5	0.00279177245073442
14.0	0.002488169815946739
14.5	0.0022175836827094952
15.0	0.0019764235376051043
15.5	0.001761489332039956
16.0	0.001569929019692995
16.5	0.0013992007116053196
17.0	0.0012470389468551557
17.5	0.0011114246312741716
18.0	9.905582452874595e-4
18.5	8.828359653885176e-4
19.0	7.868283823713462e-4
19.5	7.012615339377637e-4
20.0	6.249999999989597e-4
