-20.0	9.85815277950245e12
-19.5	1.0127208177995348e13
-19.0	1.0575821857674705e13
-18.5	1.1349747125252137e13
-18.0	1.2759029130832572e13
-17.5	1.5589678225558957e13
-17.0	2.2447692863200125e13
-16.5	4.799435263836683e13
-16.0	6.60840639584524e14
-15.5	6.133449546352823e13
-15.0	6.54844128142976e12
-14.5	1.5389971101835872e12
-14.0	4.6824203076651526e11
-13.5	1.606689464441346e11
-13.0	5.881181742927373e10
-12.5	2.2351274372262306e10
-12.0	8.691664439025932e9
-11.5	3.4296683703836775e9
-11.0	1.36655495496292e9
-10.5	5.482362470411836e8
-10.0	2.2107055574406484e8
-9.5	8.951422437173851e7
-9.0	3.637706803599861e7
-8.5	1.4833482358185641e7
-8.0	6069163.428193453
-7.5	2491914.5024700887
-7.0	1026941.0114662086
-6.5	424899.3707814291
-6.0	176562.89505725473
-5.5	73714.10852396238
-5.0	30933.062415838947
-4.5	13053.187886165604
-4.0	5541.765492286386
-3.5	2368.372799227448
-3.0	1019.4613041251478
-2.5	442.2568808893026
-2.0	193.48274589881828
-1.5	85.42219954885509
-1.0	38.08674847363963
-0.5	17.1625716294744
0.0	7.822468070932635
0.5	3.6092976554419858
1.0	1.6873295965712982
1.5	0.7999664349817186
2.0	0.38498906085602524
2.5	0.18825716688270475
3.0	0.09362917618262712
3.5	0.04740908663769107
4.0	0.02446446056278513
4.5	0.012878309366904551
5.0	0.006922166241889012
5.5	0.003802536876615333
6.0	0.00213653822079357
6.5	0.0012287757347990292
7.0	7.238229082309495e-4
7.5	4.3692923259545187e-4
8.0	2.703802846777925e-4
8.5	1.7156709001914594e-4
9.0	1.1164619058859954e-4
9.5	7.450950405501188e-5
10.0	5.099197433776528e-5
10.5	3.578023015819877e-5
11.0	2.573547436059675e-5
11.5	1.8968418583383092e-5
12.0	1.4320455868653353e-5
12.5	1.1067773309167594e-5
13.0	8.749775208254167e-6
13.5	7.0679363057362084e-6
14.0	5.8252128647235235e-6
14.5	4.8892010960701905e-6
15.0	4.1694403302745494e-6
15.5	3.603279667721987e-6
16.0	3.14698669988896e-6
16.5	2.7700576893522138e-6
17.0	2.451439661958422e-6
17.5	2.1768589252367464e-6
18.0	1.936800881592266e-6
18.5	1.7249382622735252e-6
19.0	1.5369477363032192e-6
19.5	1.3696911824858272e-6
20.0	1.2207107792666524e-6
