-20.0	0.02178323292442571
-19.5	0.01943110570957373
-19.0	0.017334757444641493
-18.5	0.015466370873546461
-18.0	0.013801153656409448
-17.5	0.012317009391039548
-17.0	0.010994244408077778
-16.5	0.009815306449200199
-16.0	0.00876455176084897
-15.5	0.007828037513062894
-15.0	0.006993336789013927
-14.5	0.0062493736904082635
-14.0	0.005586276370850671
-13.5	0.004995246047210605
-13.0	0.004468440251078832
-12.5	0.0039988687714382475
-12.0	0.0035803009081385503
-11.5	0.0032071828059261464
-11.0	0.002874563772688217
-10.5	0.002578030604866181
-10.0	0.0023136490494369095
-9.5	0.002077911626732375
-9.0	0.001867691123005856
-8.5	0.0016801991371616616
-8.0	0.0015129491334253693
-7.5	0.0013637235119292469
-7.0	0.0012305442629066605
-6.5	0.0011116468182320051
-6.0	0.0010054567569898077
-5.5	9.10569060245293e-4
-5.0	8.257296445539518e-4
-4.5	7.498189346030184e-4
-4.0	6.818372629615086e-4
-3.5	6.208919094564942e-4
-3.0	5.661856146581026e-4
-2.5	5.170064211215002e-4
-2.0	4.7271871285372734e-4
-1.5	4.3275533756733465e-4
-1.0	3.9661070790297e-4
-0.5	3.6383478645463774e-4
0.0	3.3402786525500055e-4
0.5	3.0683605296230127e-4
1.0	2.819473822821232e-4
1.5	2.590884462415604e-4
2.0	2.3802146543673946e-4
2.5	2.1854167989419205e-4
3.0	2.004749503364008e-4
3.5	1.836754472277038e-4
4.0	1.6802330452571392e-4
4.5	1.5342212243359328e-4
5.0	1.3979622421865157e-4
5.5	1.2708760755473795e-4
6.0	1.1525258424150615e-4
6.5	1.0425816877190834e-4
7.0	9.407835069504035e-5
7.5	8.469045565738577e-5
8.0	7.60718491006402e-5
8.5	6.819724907013153e-5
9.0	6.10368772311527e-5
9.5	5.4555587393210944e-5
10.0	4.87129798074895e-5
10.5	4.346436371865836e-5
11.0	3.876229077567686e-5
11.5	3.4558418753188446e-5
12.0	3.080512385643394e-5
12.5	2.7456987636668767e-5
13.0	2.4471720089296354e-5
13.5	2.1810643347843894e-5
14.0	1.9438809538786957e-5
14.5	1.7324869370043496e-5
15.0	1.5440808407650718e-5
15.5	1.3761635347360923e-5
16.0	1.2265070460601402e-5
16.5	1.0931255558998193e-5
17.0	9.742491772299643e-6
17.5	8.68300493184009e-6
18.0	7.73873629132023e-6
18.5	6.8971559796080395e-6
19.0	6.147096737275763e-6
19.5	5.4786057338990246e-6
20.0	4.8828125000129334e-6
