-20.0	0.021047375796235234
-19.5	0.01877931116116283
-19.0	0.016757871870234704
-18.5	0.014956234690050505
-18.0	0.013350493037410498
-17.5	0.011919339755951852
-17.0	0.010643784386258669
-16.5	0.009506901177913639
-16.0	0.008493604499970305
-15.5	0.007590448669932238
-15.0	0.006785449545384786
-14.5	0.006067925511306308
-14.0	0.005428355753500559
-13.5	0.004858253938139658
-13.0	0.004350055621900125
-12.5	0.0038970178996057796
-12.0	0.0034931299588199017
-11.5	0.003133033355819776
-11.0	0.0028119509566822427
-10.5	0.0025256236024861103
-10.0	0.002270253660561279
-9.5	0.002042454715530822
-9.0	0.0018392067358843761
-8.5	0.0016578161250632045
-8.0	0.0014958801314753248
-7.5	0.0013512551503846709
-7.0	0.0012220285029301142
-6.5	0.0011064933242887563
-6.0	0.0010031262347487786
-5.5	9.105675047031396e-4
-5.0	8.276034575027711e-4
-4.5	7.531508831764104e-4
-4.0	6.862432612399603e-4
-3.5	6.260186121740262e-4
-3.0	5.717088148454355e-4
-2.5	5.226302407099785e-4
-2.0	4.7817556530473874e-4
-1.5	4.3780662287606974e-4
-1.0	4.010481713898219e-4
-0.5	3.67482432656203e-4
0.0	3.367442670303681e-4
0.5	3.0851683536241856e-4
1.0	2.8252759490527036e-4
1.5	2.5854447388533373e-4
2.0	2.3637207550625467e-4
2.5	2.1584778019415702e-4
3.0	1.9683764871394996e-4
3.5	1.7923208092519301e-4
4.0	1.629412537647115e-4
4.5	1.478904421054027e-4
5.0	1.340154072820712e-4
5.5	1.2125810276070038e-4
6.0	1.0956297893231664e-4
6.5	9.887415104930436e-5
7.0	8.913361982841128e-5
7.5	8.028060877469146e-5
8.0	7.225192758431834e-5
8.5	6.498312323913917e-5
9.0	5.841007794274006e-5
9.5	5.2470685072389954e-5
10.0	4.710628739117116e-5
10.5	4.2262676187952686e-5
11.0	3.7890571255251075e-5
11.5	3.3945723876389726e-5
12.0	3.0388506307353506e-5
12.5	2.7183499218014163e-5
13.0	2.4298884909858467e-5
13.5	2.1705862950700477e-5
14.0	1.937813375941113e-5
14.5	1.729147768913603e-5
15.0	1.5423445891169464e-5
15.5	1.375316201325414e-5
16.0	1.2261218272784277e-5
16.5	1.0929637818714975e-5
17.0	9.741870129546486e-6
17.5	8.682788672110335e-6
18.0	7.738668992141102e-6
18.5	6.897137495817803e-6
19.0	6.147092324262744e-6
19.5	5.478604833509419e-6
20.0	4.882812346003282e-6
