-20.0	0.3176232787044408
-19.5	0.2833696839200504
-19.0	0.2528409180954007
-18.5	0.2256318832572171
-18.0	0.20138153229736497
-17.5	0.17976807811032267
-17.0	0.16050472369052454
-16.5	0.1433358565314358
-16.0	0.12803365682920206
-15.5	0.11439507448545436
-15.0	0.10223913479733476
-14.5	0.09140453708521058
-14.0	0.08174751439589129
-13.5	0.07313992588427863
-13.0	0.06546755656442793
-12.5	0.05862860187399398
-12.0	0.05253231694944553
-11.5	0.04709781269633054
-11.0	0.04225298268919673
-10.5	0.037933546673252855
-10.0	0.03408219799034629
-9.5	0.030647843633860382
-9.0	0.027584926870253955
-8.5	0.024852823465270124
-8.0	0.022415303534612394
-7.5	0.02024005191660949
-7.0	0.018298240747892762
-6.5	0.016564148624207253
-6.0	0.01501482135557609
-5.5	0.01362976988749914
-5.0	0.01239070146234605
-4.5	0.011281280546729208
-4.0	0.010286916454614107
-3.5	0.00939457495532333
-3.0	0.008592611477304505
-2.5	0.007870623798444394
-2.0	0.007219322358482184
-1.5	0.006630416532056738
-1.0	0.006096515365508236
-0.5	0.0056110413982058405
0.0	0.005168156261510538
0.5	0.004762696768341964
1.0	0.0043901201724252424
1.5	0.004046457189816978
2.0	0.0037282712465051757
2.5	0.0034326222551120758
3.0	0.0031570330584279006
3.5	0.0028994565550732256
4.0	0.002658241486868756
4.5	0.0024320949843364727
5.0	0.002220040313604124
5.5	0.002021368867718483
6.0	0.001835586353101159
6.5	0.0016623542582700935
7.0	0.0015014289630876176
7.5	0.0013526020406177599
8.0	0.0012156461412522164
8.5	0.0010902710585805916
9.0	9.760939326829696e-4
9.5	8.726260040594787e-4
10.0	7.792760824186784e-4
10.5	6.953683926502758e-4
11.0	6.201700768905369e-4
11.5	5.52924139246876e-4
12.0	4.928781656544548e-4
12.5	4.3931056252193186e-4
13.0	3.915471639623126e-4
13.5	3.4897020336719514e-4
14.0	3.1102093302253766e-4
14.5	2.771979063194109e-4
15.0	2.4705293397396673e-4
15.5	2.2018616549011622e-4
16.0	1.9624112736305087e-4
16.5	1.7490008894349295e-4
17.0	1.5587986835678713e-4
17.5	1.389280789094536e-4
18.0	1.2381978066113735e-4
18.5	1.1035449567374034e-4
19.0	9.835354779641177e-5
19.5	8.76576917423961e-5
20.0	7.8125000000231e-5
