-20.0	0.00500418352260742
-19.5	0.004468916668749575
-19.0	0.003991846090410292
-18.5	0.0035666413758144292
-18.0	0.0031876603480909672
-17.5	0.0028498741986472315
-17.0	0.0025488007599829216
-16.5	0.002280445032615919
-16.0	0.0020412461770784275
-15.5	0.0018280302677547572
-15.0	0.0016379681818364505
-14.5	0.001468538064847118
-14.0	0.0013174918749811145
-13.5	0.0011828255626906933
-13.0	0.0010627524902809184
-12.5	9.556797393627996e-4
-12.0	8.60186992463025e-4
-11.5	7.75007709382745e-4
-11.0	6.990123495326107e-4
-10.5	6.311934188041061e-4
-10.0	5.706521439881146e-4
-9.5	5.165865996038225e-4
-9.0	4.6828113155989413e-4
-8.5	4.2509693959120017e-4
-8.0	3.8646369610111087e-4
-7.5	3.5187209311336417e-4
-7.0	3.208672216187834e-4
-6.5	2.9304269884450904e-4
-6.0	2.680354689474451e-4
-5.5	2.455212114176859e-4
-5.0	2.252102990414403e-4
-4.5	2.0684425364251072e-4
-4.0	1.9019265289945455e-4
-3.5	1.7505044521015517e-4
-3.0	1.6123563179478584e-4
-2.5	1.4858727578967053e-4
-2.0	1.3696379702604812e-4
-1.5	1.262415084590987e-4
-1.0	1.1631334612365506e-4
-0.5	1.0708773944927407e-4
0.0	9.848756369777302e-5
0.5	9.044911239965805e-5
1.0	8.292102665558716e-5
1.5	7.586312202486186e-5
2.0	6.924506451873442e-5
2.5	6.304486645866351e-5
3.0	5.724720115208517e-5
3.5	5.184157125031931e-5
4.0	4.682040533679546e-5
4.5	4.2177194333069533e-5
5.0	3.7904805414444226e-5
5.5	3.399411695177327e-5
6.0	3.043309747355871e-5
6.5	2.720640277624893e-5
7.0	2.429549473412851e-5
7.5	2.167920710033832e-5
8.0	1.9334616749917025e-5
8.5	1.723804207552876e-5
9.0	1.5365994094160064e-5
9.5	1.3695948029955734e-5
10.0	1.2206868424942714e-5
10.5	1.0879487103342716e-5
11.0	9.696377224763799e-6
11.5	8.641913242204834e-6
12.0	7.702115478801775e-6
12.5	6.864518055696222e-6
13.0	6.118008215293773e-6
13.5	5.4526805675894e-6
14.0	4.8597066717799195e-6
14.5	4.331218130300013e-6
15.0	3.860202221890204e-6
15.5	3.4404088516433344e-6
16.0	3.0662676165925563e-6
16.5	2.7328138898575957e-6
17.0	2.4356229430811008e-6
17.5	2.170751232960365e-6
18.0	1.934684072830271e-6
18.5	1.7242889949021928e-6
19.0	1.536774184318934e-6
19.5	1.369651433474939e-6
20.0	1.2207031250036094e-6
