-20.0	0.26769639878583307
-19.5	0.23873713007729025
-19.0	0.21292692439795016
-18.5	0.1899232964255922
-18.0	0.16942100252828932
-17.5	0.15114799039474006
-17.0	0.13486178910035068
-16.5	0.12034629170916594
-16.0	0.10740888772095403
-15.5	0.0958779073153857
-15.0	0.0856003434834951
-14.5	0.07643982182456563
-14.0	0.06827479107407039
-13.5	0.06099691035840488
-13.0	0.05450961178407768
-12.5	0.04872681929728666
-12.0	0.043571806825605706
-11.5	0.038976180563983304
-11.0	0.03487897191785405
-10.5	0.031225829087470243
-10.0	0.027968296590732862
-9.5	0.02506317319297433
-9.0	0.022471939757453874
-8.5	0.02016024946352713
-8.0	0.01809747367221249
-7.5	0.01625629746291491
-7.0	0.014612359528617199
-6.5	0.013143931708861552
-6.0	0.011831633966583736
-5.5	0.010658181082767726
-5.0	0.009608157754998113
-4.5	0.008667819147285802
-4.0	0.007824914250255761
-3.5	0.0070685296737607786
-3.0	0.0063889517109567105
-2.5	0.005777544681362695
-2.0	0.0052266436846781505
-1.5	0.004729459976754012
-1.0	0.004279997222416464
-0.5	0.0038729768939215767
0.0	0.0035037710871209313
0.5	0.0031683410409259535
1.0	0.0028631796994651295
1.5	0.0025852567853495633
2.0	0.002331965093660236
2.5	0.0021010670949364978
3.0	0.0018906414609695561
3.5	0.0016990297808509927
4.0	0.0015247844474166857
4.5	0.0013666193573997993
5.0	0.0012233655442108636
5.5	0.001093933984495212
6.0	9.772874942759607e-4
6.5	8.724228149258771e-4
7.0	7.783628029651686e-4
7.5	6.941573186413615e-4
8.0	6.188902807438617e-4
8.5	5.516897413197904e-4
9.0	4.917379107205154e-4
9.5	4.382787938034269e-4
10.0	3.906222211040849e-4
10.5	3.481441988176827e-4
11.0	3.1028420356478577e-4
11.5	2.7654124797238736e-4
12.0	2.4646769899396535e-4
12.5	2.1966457823235572e-4
13.0	1.957762629313884e-4
13.5	1.74485778166613e-4
14.0	1.5551061349682385e-4
14.5	1.385989801694805e-4
15.0	1.2352647110040835e-4
15.5	1.1009308325254496e-4
16.0	9.812056373089198e-5
16.5	8.745004447539145e-5
17.0	7.793993417852616e-5
17.5	6.94640394546869e-5
18.0	6.190989033052086e-5
18.5	5.517724783682919e-5
19.0	4.9176773898207404e-5
19.5	4.382884587115707e-5
20.0	3.906250000003126e-5
