-20.0	0.08774997393760411
-19.5	0.07834065217694347
-19.0	0.06995438383976617
-18.5	0.06247988861299733
-18.0	0.055817984954411065
-17.5	0.04988027403821489
-17.0	0.044587966786933685
-16.5	0.03987083842653017
-16.0	0.03566629669428658
-15.5	0.03191855133744993
-15.0	0.028577873885435257
-14.5	0.02559993787680088
-14.0	0.022945230790746028
-13.5	0.020578529885358427
-13.0	0.01846843499414386
-12.5	0.016586952089638868
-12.0	0.01490912209846475
-11.5	0.013412690054676452
-11.0	0.01207781021629395
-10.5	0.010886783249847045
-10.0	0.009823822016889347
-9.5	0.00887484287977916
-9.0	0.008027279786925252
-8.5	0.007269918704645541
-8.0	0.006592750237401841
-7.5	0.0059868385243343454
-7.0	0.00544420471995883
-6.5	0.004957723563357663
-6.0	0.004521031714606657
-5.5	0.004128446691068816
-5.0	0.0037748953693539037
-4.5	0.003455851131903418
-4.0	0.003167278829067931
-3.5	0.002905586796722184
-3.0	0.0026675852153968276
-2.5	0.0024504501166413887
-2.0	0.0022516923366913844
-1.5	0.00206913068577864
-1.0	0.0019008685484398738
-0.5	0.0017452730620130142
0.0	0.0016009559512209538
0.5	0.001466755044404307
1.0	0.0013417154869527046
1.5	0.001225069729580217
2.0	0.0011162155343755174
2.5	0.0010146915324999923
3.0	9.20150291583565e-4
3.5	8.323293900651643e-4
4.0	7.510215908629582e-4
4.5	6.760457620963678e-4
5.0	6.07220584556011e-4
5.5	5.4434317423112e-4
6.0	4.871744435142309e-4
6.5	4.354322962832623e-4
7.0	3.88792699422703e-4
7.5	3.4689750585045135e-4
8.0	3.093669069091379e-4
8.5	2.758138442729509e-4
9.0	2.4585776977137483e-4
9.5	2.191357725396377e-4
10.0	1.9531006847807756e-4
10.5	1.740718373328203e-4
11.0	1.5514204505138822e-4
11.5	1.3827061360540825e-4
12.0	1.2323384792313615e-4
12.5	1.0983228892328788e-4
13.0	9.788813144769948e-5
13.5	8.724288908169842e-5
14.0	7.775530674846917e-5
14.5	6.929949008479164e-5
15.0	6.176323555023768e-5
15.5	5.504654162629037e-5
16.0	4.9060281865475914e-5
16.5	4.3725022237717844e-5
17.0	3.896996708929268e-5
17.5	3.473201972736264e-5
18.0	3.095494516528092e-5
18.5	2.7588623918432158e-5
19.0	2.458838694910305e-5
19.5	2.1914422935596098e-5
20.0	1.9531250000051734e-5
