-20.0	0.004962863729756887
-19.5	0.004427651311250788
-19.0	0.003950639345240636
-18.5	0.003525498175894017
-18.0	0.0031465864421463276
-17.5	0.0028088762204737916
-17.0	0.002507886307664446
-16.5	0.0022396227583036843
-16.0	0.0020005258879562822
-15.5	0.0017874230388352243
-15.0	0.0015974864812083557
-14.5	0.0014281958919564154
-14.0	0.0012773049124358013
-13.5	0.0011428113419418536
-13.0	0.0010229305713191864
-12.5	9.160719042811559e-4
-12.0	8.208174523350864e-4
-11.5	7.359033233801647e-4
-11.0	6.602028545186989e-4
-10.5	5.927116667695759e-4
-10.0	5.325343435991608e-4
-9.5	4.7887255677906847e-4
-9.0	4.3101448234771805e-4
-8.5	3.883253666448457e-4
-8.0	3.5023911772831865e-4
-7.5	3.162508111970233e-4
-7.0	2.859100116858244e-4
-6.5	2.588148222532383e-4
-6.0	2.3460658368087641e-4
-5.5	2.1296515449217406e-4
-5.0	1.9360471034915704e-4
-4.5	1.7627000854264388e-4
-4.0	1.6073306960334542e-4
-3.5	1.4679023367692703e-4
-3.0	1.342595543328829e-4
-2.5	1.2297849685069366e-4
-2.0	1.1280191185128413e-4
-1.5	1.0360025831338653e-4
-1.0	9.525805258606619e-5
-0.5	8.767252184696626e-5
0.0	8.075244158610216e-5
0.5	7.441713700534319e-5
1.0	6.859562769414441e-5
1.5	6.322589359089028e-5
2.0	5.825423822664337e-5
2.5	5.3634722736126184e-5
3.0	4.932864153793595e-5
3.5	4.530400867301915e-5
4.0	4.153502323232431e-5
4.5	3.8001484130257385e-5
5.0	3.468812990006444e-5
5.5	3.1583888558101296e-5
6.0	2.868103676720561e-5
6.5	2.597428528547021e-5
7.0	2.3459827548244026e-5
7.5	2.1134406884652498e-5
8.0	1.8994470957065882e-5
8.5	1.7035485290321744e-5
9.0	1.52514676981714e-5
9.5	1.3634781313429355e-5
10.0	1.217618878779185e-5
10.5	1.086513113516056e-5
11.0	9.690157451414639e-6
11.5	8.639439675732437e-6
12.0	7.701221338350856e-6
12.5	6.864227539405185e-6
13.0	6.117924436911134e-6
13.5	5.452659427612424e-6
14.0	4.859702078477151e-6
14.5	4.331217286240795e-6
15.0	3.86020209334323e-6
15.5	3.440408835783066e-6
16.0	3.06626761504767e-6
16.5	2.7328138897420773e-6
17.0	2.435622943074799e-6
17.5	2.1707512329602124e-6
18.0	1.934684072830271e-6
18.5	1.7242889949021928e-6
19.0	1.536774184318934e-6
19.5	1.369651433474939e-6
20.0	1.2207031250036094e-6
