-20.0	-1.9775363153466262e15
-19.5	-7.321744412523512e14
-19.0	-2.766042739106766e14
-18.5	-1.0879227497843977e14
-18.0	-4.3547063353873695e13
-17.5	-1.7710595803347438e13
-17.0	-7.156281552014322e12
-16.5	-2.886721894384978e12
-16.0	-1.170570199699829e12
-15.5	-4.758738711063515e11
-15.0	-1.939070513016113e11
-14.5	-7.921088577129259e10
-14.0	-3.244392705241925e10
-13.5	-1.3325975666961212e10
-13.0	-5.490406006742168e9
-12.5	-2.2695281499469113e9
-12.0	-9.414637132543702e8
-11.5	-3.920263709914196e8
-11.0	-1.6390074948334798e8
-10.5	-6.881986052630572e7
-10.0	-2.9028744114408802e7
-9.5	-1.2303834085080642e7
-9.0	-5241645.095550355
-8.5	-2245059.430149439
-8.0	-967030.525460281
-7.5	-419010.1819805653
-7.0	-182684.64766475226
-6.5	-80166.88926649824
-6.0	-35418.304711748984
-5.5	-15758.936938991943
-5.0	-7063.536791915746
-4.5	-3190.4156790351662
-4.0	-1452.5814423336126
-3.5	-666.8774413478038
-3.0	-308.8267012515418
-2.5	-144.31312677434175
-2.0	-68.07489967609918
-1.5	-32.429233544556645
-1.0	-15.607909831062665
-0.5	-7.593008986888593
0.0	-3.7356052430995277
0.5	-1.859593464218719
1.0	-0.9372026165724721
1.5	-0.4784904174515028
2.0	-0.24764020014201713
2.5	-0.13001081063921094
3.0	-0.06928970135888995
3.5	-0.03751687492733863
4.0	-0.02065412506060287
4.5	-0.011571117222974065
5.0	-0.006602475327526659
5.5	-0.0038404192328584897
6.0	-0.0022790998399531454
6.5	-0.001381081408053598
7.0	-8.552235175806002e-4
7.5	-5.415521330182444e-4
8.0	-3.508705451917609e-4
8.5	-2.3269278680787444e-4
9.0	-1.5800066778221027e-4
9.5	-1.0985141463787612e-4
10.0	-7.819357628115554e-5
10.5	-5.696681645127171e-5
11.0	-4.245695664497998e-5
11.5	-3.234985968399891e-5
12.0	-2.5179517174545848e-5
12.5	-2.000148726014338e-5
13.0	-1.619691458867475e-5
13.5	-1.3353266850828222e-5
14.0	-1.1190777922360238e-5
14.5	-9.516515471944431e-6
15.0	-8.19538775237984e-6
15.5	-7.131673805863876e-6
16.0	-6.257136752966043e-6
16.5	-5.52322521940737e-6
17.0	-0.0
17.5	-0.0
18.0	-0.0
18.5	-0.0
19.0	-0.0
19.5	-0.0
20.0	-0.0
