-20.0	-1.2656232418218408e17
-19.5	-4.685916424015048e16
-19.0	-1.7702673530283302e16
-18.5	-6.962705598620145e15
-18.0	-2.7870120546479165e15
-17.5	-1.133478131414236e15
-17.0	-4.580020193289166e14
-16.5	-1.847502012406386e14
-16.0	-7.491649278078906e13
-15.5	-3.0455927750806496e13
-15.0	-1.2410051283303123e13
-14.5	-5.069496689362726e12
-14.0	-2.076411331354832e12
-13.5	-8.528624426855176e11
-13.0	-3.513859844314988e11
-12.5	-1.4524980159660233e11
-12.0	-6.025367764827969e10
-11.5	-2.5089687743450855e10
-11.0	-1.048964796693427e10
-10.5	-4.404471073683566e9
-10.0	-1.8578396233221633e9
-9.5	-7.874453814451611e8
-9.0	-3.354652861152227e8
-8.5	-1.4368380352956408e8
-8.0	-6.188995362945798e7
-7.5	-2.681665164675618e7
-7.0	-1.1691817450544145e7
-6.5	-5130680.913055887
-6.0	-2266771.501551935
-5.5	-1008571.9640954843
-5.0	-452066.35468260775
-4.5	-204186.60345825064
-4.0	-92965.2123093512
-3.5	-42680.156246259445
-3.0	-19764.908880098676
-2.5	-9236.040113557872
-2.0	-4356.793579270347
-1.5	-2075.4709468516253
-1.0	-998.9062291880106
-0.5	-485.95257516086997
0.0	-239.07873555836977
0.5	-119.01398170999802
1.0	-59.98096746063821
1.5	-30.623386716896178
2.0	-15.848972809089096
2.5	-8.3206918809095
3.0	-4.434540886968957
3.5	-2.401079995349672
4.0	-1.3218640038785836
4.5	-0.7405515022703402
5.0	-0.42255842096170615
5.5	-0.24578683090294334
6.0	-0.1458623897570013
6.5	-0.08838921011543027
7.0	-0.054734305125158415
7.5	-0.03465933651316764
8.0	-0.0224557148922727
8.5	-0.014892338355703964
9.0	-0.010112042738061457
9.5	-0.007030490536824072
10.0	-0.005004388881993955
10.5	-0.0036458762528813896
11.0	-0.002717245225278719
11.5	-0.0020703910197759304
12.0	-0.0016114890991709343
12.5	-0.0012800951846491763
13.0	-0.001036602533675184
13.5	-8.546090784530062e-4
14.0	-7.162097870310552e-4
14.5	-6.090569902044436e-4
15.0	-5.245048161523098e-4
15.5	-4.5642712357528805e-4
16.0	-4.0045675218982674e-4
16.5	-3.534864140420717e-4
17.0	-0.0
17.5	-0.0
18.0	-0.0
18.5	-0.0
19.0	-0.0
19.5	-0.0
20.0	-0.0
