-20	42.33947813439483
-19	35.058402706455276
-18	29.320051141987747
-17	24.714052306064453
-16	20.958402365532805
-15	17.88732809923259
-14	15.345518709264507
-13	13.214162284521677
-12	11.42816508690998
-11	9.961307738648076
-10	8.751875280287354
-9	7.756464467454121
-8	6.946173974618744
-7	6.285582618771495
-6	5.746576129497435
-5	5.311195805921164
-4	4.967200890314618
-3	4.692180823228799
-2	4.479461566553465
-1	4.320422998725613
0	4.2042626174888635
1	4.12233727015368
2	4.067328960407855
3	4.034131802793559
4	4.016356514010394
5	4.00619207614383
6	4.001529377226939
7	4.000598213431035
8	4.000243078759233
9	3.999843110657041
10	4.000312615542206
11	4.000348625956383
12	3.9941122286373605
13	3.6304470084563327
14	2.5407912446196077
15	2.0647938279623137
16	1.9888151271241095
17	1.9375988141431775
18	1.946412390624045
19	1.9472170190031268
20	1.989571495096008
