-20	54.2390717252412
-19	41.76316120672001
-18	31.83647995159925
-17	24.215913335463895
-16	18.6715786815723
-15	13.988441089328058
-14	10.733773813931988
-13	7.989540767655421
-12	6.051597817989393
-11	4.358366749744522
-10	3.211431374699411
-9	2.358510568588165
-8	1.6832558504295976
-7	1.2019994809033847
-6	0.8503841668198382
-5	0.599209740346154
-4	0.4182827280373661
-3	0.2855901060037259
-2	0.20011824077293291
-1	0.13691620578265798
0	0.09610501542957545
1	0.06798956435818246
2	0.049606097662892805
3	0.036193797174350895
4	0.0266868802540418
5	0.02075651855432828
6	0.016527173383804963
7	0.012402612690668483
8	0.009979790050950772
9	0.007634658474352564
10	0.006094856710237966
11	0.004645550134526154
12	0.003920006610847825
13	0.0032227954701609333
14	0.002509511387612156
15	0.0019740700639705165
16	0.0015729244679312648
17	0.0012282123847037123
18	9.92384369527934e-4
19	7.73667809763185e-4
20	6.346414362857425e-4
