-20	17.132383370499024
-19	12.964111164176334
-18	9.770919568124993
-17	7.295863348355434
-16	5.418967494308631
-15	3.9851888429023106
-14	2.8947577702322054
-13	2.0866971319871217
-12	1.4767957356572603
-11	1.033530072264485
-10	0.7077964195296452
-9	0.4755280688483771
-8	0.3108895317675877
-7	0.197716391895022
-6	0.12137098327761435
-5	0.07156027219189358
-4	0.04011351011260786
-3	0.02130677475682038
-2	0.010604279969566947
-1	0.004816976964512866
0	0.002039417904659619
1	7.769272528278016e-4
2	2.9146791208874563e-4
3	1.1501332059812286e-4
4	5.6925936090872285e-5
5	3.90550869275544e-5
6	3.097125072337044e-5
7	2.4538019699718027e-5
8	1.9419407749314847e-5
9	1.544403837495331e-5
10	1.2257738649227071e-5
11	9.585466924647957e-6
12	7.657481046154289e-6
13	6.169948059711984e-6
14	4.683934962546635e-6
15	3.8494347111447505e-6
16	3.1205759306029544e-6
17	2.4319412387220586e-6
18	1.908262048574267e-6
19	1.4899718401449664e-6
20	1.196629031405909e-6
