-20	0.004748018679936027
-19	0.0037045709162253485
-18	0.0030827011945951414
-17	0.002437816030626137
-16	0.0018800900916613095
-15	0.001523950220050165
-14	0.0012076089043000849
-13	9.517668526398055e-4
-12	7.684234143367695e-4
-11	6.284015411179704e-4
-10	5.06424384813776e-4
-9	4.1337340417050796e-4
-8	3.306357430560433e-4
-7	2.7404735911721565e-4
-6	2.2986877017077334e-4
-5	1.8414952522077086e-4
-4	1.5242475504731077e-4
-3	1.2539038718149457e-4
-2	1.0853279042695225e-4
-1	8.982731249977914e-5
0	7.872404377693192e-5
1	6.581705538995626e-5
2	5.8068005742693295e-5
3	4.740024046251433e-5
4	4.0900431061892505e-5
5	3.697041195293919e-5
6	2.8359710189228637e-5
7	2.3190375060610065e-5
8	1.9571281030859387e-5
9	1.4878120918718235e-5
10	1.2239678119078557e-5
11	9.898659280871135e-6
12	7.8309771530642e-6
13	5.987958418850599e-6
14	4.781879360304989e-6
15	3.7924513895774544e-6
16	3.183168082171886e-6
17	2.4205524652744344e-6
18	1.870957093455998e-6
19	1.5473063965244346e-6
20	1.2497992508885629e-6
