-20	1.5867078299633353
-19	1.2436247237599394
-18	0.9519394446313217
-17	0.798895129397894
-16	0.6209923015440247
-15	0.5084614804580977
-14	0.381071108617434
-13	0.315108686438589
-12	0.2517954662353727
-11	0.19789112466076525
-10	0.15779043790623692
-9	0.12588165599073894
-8	0.09855458484366897
-7	0.07855745798517094
-6	0.06332363708335492
-5	0.04908667955390935
-4	0.03887492805245088
-3	0.03137924556875551
-2	0.024772022797717327
-1	0.019734065446874068
0	0.015361232685853654
1	0.012249304298134298
2	0.009901570255396515
3	0.007909473180024365
4	0.006172382647742436
5	0.004928319136378294
6	0.003932833073789937
7	0.003159167584141623
8	0.002459874169114466
9	0.0019366245752519497
10	0.0015874948130292017
11	0.001224604596034088
12	9.99621666575236e-4
13	7.835025489973558e-4
14	6.216008890669112e-4
15	4.983402198538885e-4
16	3.9372560395311033e-4
17	3.1488035452800187e-4
18	2.5381022558679304e-4
19	1.9416241015047004e-4
20	1.5663736308136887e-4
