-20	3.020032376166046
-19	2.9566431120554846
-18	2.966004981684206
-17	2.9048299244853224
-16	2.907138047034533
-15	2.8126032415853266
-14	2.846705197493475
-13	2.7019425624338274
-12	2.6705432040208903
-11	2.614945012272646
-10	2.4893471095625532
-9	2.4196936562041986
-8	2.286959561179233
-7	2.18507105157373
-6	2.039321943449814
-5	1.8480841109176944
-4	1.694711058578548
-3	1.4591139762962084
-2	1.2781523697645079
-1	1.02478224923149
0	0.8258867441289865
1	0.5903007960050736
2	0.38422532526983
3	0.2378506425980745
4	0.14356240402512366
5	0.07359579213472862
6	0.03749182088974239
7	0.0171680750265629
8	0.009940165828475438
9	0.0072492112124021915
10	0.0054492902675213695
11	0.0039755945893437585
12	0.003115683766487335
13	0.0024826156973815614
14	0.0019993855466779427
15	0.0015840043936108654
16	0.0012499965070868018
17	0.00100152681597884
18	7.810034871451159e-4
19	6.294235802127328e-4
20	4.978452721179468e-4
