-20	0.05092845367306734
-19	0.0401233273987771
-18	0.03231827985257956
-17	0.025070315048361297
-16	0.020067743078202027
-15	0.015449437739230529
-14	0.012299928569610371
-13	0.009704892434051251
-12	0.007947768347285023
-11	0.006381427096952299
-10	0.004842106842832011
-9	0.0038671919098770494
-8	0.0031491445995752957
-7	0.0023421652586961606
-6	0.0020279630191325252
-5	0.001512140621659485
-4	0.0012034247996957753
-3	9.595548265969832e-4
-2	7.545630469281668e-4
-1	6.014094322474343e-4
0	4.941488744020327e-4
1	4.0034428517629123e-4
2	3.1183958211178955e-4
3	2.5019304114145353e-4
4	1.9536397711307748e-4
5	1.5301205075783024e-4
6	1.2124286098423196e-4
7	9.752957410248541e-5
8	7.677907777461626e-5
9	5.9404783364305284e-5
10	4.785112742145525e-5
11	3.8836022124868315e-5
12	3.111584166449212e-5
13	2.4442034450924617e-5
14	1.983148033024944e-5
15	1.5197655950197447e-5
16	1.1917210723172938e-5
17	9.740731095041921e-6
18	7.625214747072631e-6
19	6.221951534243686e-6
20	4.825374864039155e-6
