-20	2.0659339407932076
-19	1.922352244371159
-18	1.863725970860313
-17	1.62608597369585
-16	1.5416113782136176
-15	1.3935099936374453
-14	1.2255090917681408
-13	1.0209609225866276
-12	0.9084227431871946
-11	0.7557207867472148
-10	0.6388386188908471
-9	0.5151084103787433
-8	0.40806933049499955
-7	0.32626769066749667
-6	0.25700548619568564
-5	0.19821527745507206
-4	0.141131370115455
-3	0.08286289383456054
-2	0.046427429345266114
-1	0.018319362014345683
0	0.0077228646912308775
1	0.003977885616582617
2	0.0018928708030754916
3	0.001018223023147331
4	5.52691846378821e-4
5	3.404548930116236e-4
6	2.157119791207512e-4
7	1.3173541165498103e-4
8	9.252189991146562e-5
9	6.653867430480938e-5
10	5.130662912297965e-5
11	3.920940737966719e-5
12	3.0228048657206047e-5
13	2.4918370424487878e-5
14	1.9414468959681547e-5
15	1.4994406167418159e-5
16	1.2032204879648373e-5
17	1.0050145881255537e-5
18	7.744074040107222e-6
19	6.1502137217178665e-6
20	4.931483734949847e-6
