-20	45.27154765231078
-19	34.91311791997862
-18	26.84018884941283
-17	20.551441297394373
-16	15.650544378321234
-15	11.865212932949184
-14	8.932766878247532
-13	6.68899073246086
-12	4.971955774764732
-11	3.658520264086929
-10	2.669693631968849
-9	1.9263560866194585
-8	1.3734383513263027
-7	0.9640383442784553
-6	0.6676134148780527
-5	0.4535147492793909
-4	0.3029256492681668
-3	0.1978161121357262
-2	0.1264269713767365
-1	0.07861304408921257
0	0.04775073802799421
1	0.028126745090945923
2	0.016137805957204165
3	0.008967767372103714
4	0.0048055033070462305
5	0.002479248642517808
6	0.0012259281593106231
7	5.737333451996098e-4
8	2.438771957852104e-4
9	1.0187043517914634e-4
10	4.017087617356427e-5
11	1.7325725278814584e-5
12	9.158937910796313e-6
13	6.2843366984231066e-6
14	4.942734550348038e-6
15	4.010314394041357e-6
16	3.0835370596218823e-6
17	2.395695576283444e-6
18	1.8648282427701813e-6
19	1.5270432134021836e-6
20	1.2508000611422887e-6
