-20	29.362363050979724
-19	22.528104753132627
-18	16.869914899914402
-17	12.694390778458262
-16	9.508393682451942
-15	7.034422416188489
-14	5.185086969129146
-13	3.759800775369716
-12	2.6718924600505574
-11	1.883413261400894
-10	1.2977495815883642
-9	0.8846641854271111
-8	0.5807630620121358
-7	0.3750802451905397
-6	0.23782597644084977
-5	0.1455577464463668
-4	0.0903372847023537
-3	0.05371524714332005
-2	0.03403151777388321
-1	0.023430559241382796
0	0.01575009467881448
1	0.011971222600218205
2	0.00928919676622604
3	0.007464075308942795
4	0.006029891593795326
5	0.004942090560724423
6	0.003931344753549733
7	0.003163406559692608
8	0.002455991221719231
9	0.0019991953038803654
10	0.0014939578987977007
11	0.0012099450672559
12	0.0010088529388217402
13	7.893724696619666e-4
14	6.278569480508315e-4
15	5.09722131611849e-4
16	3.977604059253571e-4
17	3.0358253732127303e-4
18	2.4433750702515094e-4
19	2.012019352179267e-4
20	1.559911851831066e-4
