-20	0.052139786478388635
-19	0.05132630844905675
-18	0.050454696935000314
-17	0.0513393626699689
-16	0.051833950187064284
-15	0.05164013833237681
-14	0.05034321093819473
-13	0.052076333548271236
-12	0.05115088761009371
-11	0.05215530723436045
-10	0.05118513591171329
-9	0.05121661338525826
-8	0.051339859975588285
-7	0.051788886253864436
-6	0.05139741085161154
-5	0.05043995532576796
-4	0.05076913759245946
-3	0.05118563545162336
-2	0.051024937502233456
-1	0.051363329938093956
0	0.04954019217380888
1	0.047304030214898506
2	0.04190426597787436
3	0.03336650992194657
4	0.021309194355628176
5	0.00880016892781728
6	0.002201263692402912
7	7.677066090106148e-4
8	2.767535455761088e-4
9	1.1514303497690763e-4
10	5.0674668048459795e-5
11	2.6322733282948674e-5
12	1.4913700513779216e-5
13	8.906690822284483e-6
14	5.666069876530584e-6
15	4.12524093767455e-6
16	3.14450552663864e-6
17	2.4414739680534874e-6
18	1.8867077588843077e-6
19	1.513379566783933e-6
20	1.2759701820751248e-6
