-20	1.49162288032905
-19	1.1320018107778183
-18	0.8805483728383858
-17	0.6993298961217881
-16	0.5436946619324127
-15	0.42014044908596604
-14	0.34509463652036054
-13	0.27130939257187775
-12	0.22665253369566135
-11	0.17995573246674682
-10	0.14534291915654216
-9	0.11938830582281915
-8	0.09590551042978188
-7	0.0793397546838696
-6	0.05939970363341699
-5	0.04855294424250764
-4	0.03934004609824002
-3	0.03153952456144429
-2	0.023988767241511395
-1	0.01976162750752305
0	0.0152157411247918
1	0.01244173081376247
2	0.009851775587982895
3	0.008103001463202815
4	0.0061585094141524315
5	0.0049440300724247965
6	0.003933195677613469
7	0.003175437311691243
8	0.002496955304542444
9	0.0019473000310847605
10	0.0015402568394300485
11	0.0011944444494615787
12	9.967055748746545e-4
13	7.83378212172798e-4
14	6.130461465438893e-4
15	5.075543024821529e-4
16	3.878054649488873e-4
17	3.1365425762267256e-4
18	2.4314385434061716e-4
19	1.9189565675121906e-4
20	1.577650930441357e-4
