-20	0.01194461511402577
-19	0.009420902802636388
-18	0.007507020663860433
-17	0.005922594164384009
-16	0.004794066353860928
-15	0.003810694089691077
-14	0.00306827036514258
-13	0.002399693330469721
-12	0.0019354641890457788
-11	0.0015587734075509963
-10	0.0012895094488970065
-9	0.0010126077970095012
-8	8.516508413036808e-4
-7	6.611520222945395e-4
-6	5.414698405845436e-4
-5	4.3380665992681964e-4
-4	3.6985958245571153e-4
-3	2.977359971335832e-4
-2	2.597093984429494e-4
-1	2.1338189867877922e-4
0	1.817378327553752e-4
1	1.4590371742673005e-4
2	1.2390902390465225e-4
3	1.008391202004969e-4
4	8.213453771177194e-5
5	6.703977333575524e-5
6	5.608468561634873e-5
7	4.489478110501613e-5
8	3.76594407616809e-5
9	2.9381242056594693e-5
10	2.3376995413274774e-5
11	1.9060966957971827e-5
12	1.513990292647128e-5
13	1.2136591832415024e-5
14	9.708384287701366e-6
15	7.546329949605406e-6
16	6.213592069283279e-6
17	4.869484312643438e-6
18	3.870825239991769e-6
19	3.088398516590468e-6
20	2.4637566544827306e-6
