-20	1.9863409517738575
-19	1.9291193562258158
-18	1.7796324982128953
-17	1.7161413956003055
-16	1.4770334422740348
-15	1.337809981638839
-14	1.0941721594986726
-13	0.94303926864408
-12	0.845630632201907
-11	0.7213708411581135
-10	0.5469269942830524
-9	0.42597792450175936
-8	0.336754104596338
-7	0.26850464604332236
-6	0.2015947083469494
-5	0.16694836008846517
-4	0.13318202120333317
-3	0.10367734980928676
-2	0.07538389067886639
-1	0.05399316419818965
0	0.040473926132516796
1	0.026014077341905164
2	0.017775697720059457
3	0.011423436001182057
4	0.006797795879757698
5	0.004525498181031401
6	0.0029445395518112416
7	0.002005437487158569
8	0.001428331672014626
9	0.0010407629475601102
10	8.123414746622624e-4
11	5.999208845764537e-4
12	4.925877022176141e-4
13	4.041769493178643e-4
14	3.1410452598507125e-4
15	2.5325005188338583e-4
16	1.988452483491954e-4
17	1.5523361324180834e-4
18	1.2593136887725613e-4
19	9.979203233821037e-5
20	7.802921062919027e-5
