-20	0.0215137083568563
-19	0.017686746088866716
-18	0.013521428943723214
-17	0.011213177940592485
-16	0.008897447301633669
-15	0.006920417365108388
-14	0.005739191961988933
-13	0.0046281979070751465
-12	0.0037015313666785895
-11	0.0028436748193191755
-10	0.0023443520761798884
-9	0.0019108267294118272
-8	0.0015636522133817001
-7	0.0012550162886545866
-6	0.0010190567715098796
-5	8.278844786626422e-4
-4	6.816045497216314e-4
-3	5.798713788478011e-4
-2	4.908683809996426e-4
-1	4.0492365470920353e-4
0	3.384985813694624e-4
1	2.853602311962562e-4
2	2.348980732459305e-4
3	1.9824501548336033e-4
4	1.622860338349764e-4
5	1.326959655421678e-4
6	1.1208600950686029e-4
7	8.955464966410726e-5
8	7.393984584896704e-5
9	5.8212616056826725e-5
10	4.701678485741316e-5
11	3.670881974317105e-5
12	3.152097936493182e-5
13	2.3661180661510294e-5
14	2.0003864452887248e-5
15	1.5686297511369692e-5
16	1.2444169528522007e-5
17	9.781224331073974e-6
18	7.696251073195836e-6
19	6.068855587696391e-6
20	4.898026474210562e-6
