-20	75.96652295389322
-19	61.47785893190044
-18	49.87807957259356
-17	40.79156146868308
-16	33.20816611952734
-15	27.357122452262708
-14	22.5507785370954
-13	18.71684748140331
-12	15.657747065037274
-11	13.139356981190232
-10	11.122102263023255
-9	9.441422405197844
-8	8.11369251896547
-7	7.041931667060415
-6	6.18000323601979
-5	5.4282223262404345
-4	4.8309404841912595
-3	4.311159678455727
-2	3.902013150357176
-1	3.5092576972894305
0	3.1512714807321585
1	2.82238447132706
2	2.5399799970714443
3	2.3027127527398807
4	2.155036597677421
5	2.079354929777313
6	2.0663711339254003
7	2.084238320084252
8	2.202864704192585
9	2.41382665095508
10	2.6984654441738267
11	2.9434725215073794
12	3.0032468570577446
13	3.055434682439018
14	3.089666130267681
15	3.089464213499029
16	3.0991185006773563
17	3.099483349366531
18	3.0797765092387057
19	3.079958649205916
20	3.1030871736425203
