-20	0.012680061602374799
-19	0.009623573062173091
-18	0.007704533884997625
-17	0.006108280782651639
-16	0.0047070058324992945
-15	0.003935373857112786
-14	0.0030654899249382994
-13	0.002413738401243599
-12	0.0018796661538982439
-11	0.0015396071152099496
-10	0.0012090264337796036
-9	9.860800994082799e-4
-8	7.644269708307859e-4
-7	6.12354222237803e-4
-6	4.7652540917480016e-4
-5	3.9377702168951585e-4
-4	2.911593531202018e-4
-3	2.454558734685257e-4
-2	2.056826072991026e-4
-1	1.5091145277488355e-4
0	1.2374847464686968e-4
1	9.553309004905585e-5
2	7.598988999827809e-5
3	6.175091135911343e-5
4	4.7255978852946514e-5
5	3.7760161995977435e-5
6	3.013291783368031e-5
7	2.39804058630343e-5
8	1.9416897067274063e-5
9	1.5231465552780595e-5
10	1.235590962396462e-5
11	9.593916410594451e-6
12	7.735169958268182e-6
13	6.355818660872646e-6
14	4.903032036783384e-6
15	3.910078710835837e-6
16	2.9767237960433217e-6
17	2.4341527142664797e-6
18	1.9965399747108337e-6
19	1.5706294050286813e-6
20	1.247181733072657e-6
