-20	0.17377141020554393
-19	0.137923716109183
-18	0.11255491272574182
-17	0.08630622524758265
-16	0.06816033800979232
-15	0.055194255523293545
-14	0.04448615971500988
-13	0.03524825641242859
-12	0.028107304111930444
-11	0.022883258812770684
-10	0.01712496172781204
-9	0.014320551058285471
-8	0.01174208790351326
-7	0.009539818474992225
-6	0.0077941523092183475
-5	0.006579925643735906
-4	0.005000118346141414
-3	0.00431597373483723
-2	0.0036244286799304165
-1	0.002946192444899642
0	0.0024776780809433363
1	0.0020935904968539826
2	0.0018485474680327225
3	0.0015651371010772515
4	0.0013110579251885154
5	0.001096204294242015
6	8.832499757665422e-4
7	7.405453846313395e-4
8	6.287531642382485e-4
9	5.066836627650304e-4
10	3.985389255932353e-4
11	3.046124204189371e-4
12	2.391258551883945e-4
13	1.9446193049334356e-4
14	1.5389101167512863e-4
15	1.2043518335351353e-4
16	1.005058475935477e-4
17	7.717011105739604e-5
18	5.939497809694151e-5
19	4.908746631503775e-5
20	3.936313888319444e-5
