-20	0.2683330646833746
-19	0.2056580751256408
-18	0.15520817508634976
-17	0.11877189749419842
-16	0.09276959749545764
-15	0.065303903930175
-14	0.04911429338372835
-13	0.037948847983208134
-12	0.02774332417828028
-11	0.0224147409605207
-10	0.017981662514406534
-9	0.014609181447810633
-8	0.012268612462539434
-7	0.01028269394012654
-6	0.008889091533447706
-5	0.0072527126254904204
-4	0.0061528332488718345
-3	0.005373043025411241
-2	0.004465276560507745
-1	0.0038010593846407857
0	0.003224173672198055
1	0.0027862958777914925
2	0.0022507511534590897
3	0.0018112603990584585
4	0.0015059961284181658
5	0.0012413236296183738
6	9.769810469271434e-4
7	7.965433797627595e-4
8	6.134364922806062e-4
9	4.8770861256319955e-4
10	3.8662641217423294e-4
11	3.085803099183068e-4
12	2.5150849770032166e-4
13	1.9895437925411636e-4
14	1.550413007242987e-4
15	1.2629314378267753e-4
16	9.90556855499372e-5
17	7.767299791576354e-5
18	6.189193115902376e-5
19	5.080562678768147e-5
20	3.962830972510747e-5
