-20	0.17823414555085348
-19	0.1336411681043981
-18	0.10725983808765563
-17	0.0799579665411545
-16	0.061172876390957004
-15	0.04714150024799466
-14	0.0361216085026899
-13	0.026271546107421745
-12	0.019718217320505924
-11	0.01496089507517693
-10	0.011255226122791345
-9	0.008442924475834035
-8	0.006242102699967697
-7	0.00473669448390093
-6	0.0034804525457839126
-5	0.0025870854502745865
-4	0.0018970623414771058
-3	0.0013943426663259354
-2	0.0010896684686292164
-1	7.667554167567253e-4
0	5.80825917385507e-4
1	4.3545692627943816e-4
2	3.421864926493884e-4
3	2.727497850881984e-4
4	2.0417872013317971e-4
5	1.591199990506648e-4
6	1.247654820628923e-4
7	1.0067872286372508e-4
8	7.763711962120071e-5
9	6.300016136485396e-5
10	5.046325200144011e-5
11	4.071742115827486e-5
12	3.103031842999253e-5
13	2.5080418456994828e-5
14	2.0029335243410205e-5
15	1.58409824863411e-5
16	1.254817748815264e-5
17	1.0077789816312833e-5
18	7.982073653028484e-6
19	6.2583362663957295e-6
20	4.903976043761046e-6
