-20	0.10573085322764687
-19	0.08100320568835793
-18	0.06686919673252642
-17	0.052703081546490026
-16	0.04118961966891624
-15	0.033838339001427103
-14	0.02715171759638816
-13	0.021736172378961034
-12	0.017527226405861022
-11	0.014227948477567495
-10	0.01077368407937819
-9	0.009007245731748915
-8	0.007444115076887205
-7	0.0059569833231398455
-6	0.004964975047972947
-5	0.004232836193324689
-4	0.0032723094868947187
-3	0.0026939389626656034
-2	0.002171474295646943
-1	0.0017764763411280513
0	0.001520332609541255
1	0.0012250971679385254
2	0.001006823633728666
3	8.259533609942734e-4
4	6.766940281219478e-4
5	5.325036438659727e-4
6	4.5655333154144524e-4
7	3.6098718278245877e-4
8	3.095131344389827e-4
9	2.3560068257428624e-4
10	1.8935025282909633e-4
11	1.513846293657198e-4
12	1.223321901897323e-4
13	9.906229115941152e-5
14	8.073491822491245e-5
15	6.38613866741464e-5
16	4.82748142655771e-5
17	3.855452627010959e-5
18	3.205180579629192e-5
19	2.4620630357842853e-5
20	1.9168000786082378e-5
