-20	0.6251448836850308
-19	0.4995847470077475
-18	0.40477318794192013
-17	0.30362864880211576
-16	0.23192040131633343
-15	0.18047575703177565
-14	0.15161732868958397
-13	0.11404200742720318
-12	0.09256919613933524
-11	0.08075912016733269
-10	0.06664816060522076
-9	0.055482689961188054
-8	0.048029604146774804
-7	0.039494233748689156
-6	0.03471512613483454
-5	0.030467426346666996
-4	0.026034680963503285
-3	0.02206792002605996
-2	0.019709043534558945
-1	0.017433346735769583
0	0.015177634052401036
1	0.013095352890318978
2	0.010531112859780454
3	0.00785024087299123
4	0.004999855894731333
5	0.0027125601960292776
6	0.0012445759923890647
7	5.13222989437981e-4
8	2.1828317787001415e-4
9	9.809100928232063e-5
10	4.7884562285534984e-5
11	2.479635286061284e-5
12	1.3947974282904227e-5
13	8.688825187088496e-6
14	5.825001403241111e-6
15	4.049066927676955e-6
16	3.1664491731169967e-6
17	2.510945213563156e-6
18	1.9770576048020657e-6
19	1.5487745441205894e-6
20	1.2225534596587615e-6
