-20	19.080684139808703
-19	14.740308177176058
-18	11.356413272179674
-17	8.554697387517244
-16	6.476853763879213
-15	4.844164074827056
-14	3.579347397243067
-13	2.658105129102647
-12	1.920256485376154
-11	1.3995080397538944
-10	1.013441805473993
-9	0.7242164111925368
-8	0.5160297109346776
-7	0.362500252247652
-6	0.25521417519869866
-5	0.17606197176063812
-4	0.11853991108071409
-3	0.08114441354971429
-2	0.054661755153977025
-1	0.035896384575370324
0	0.024099125531417298
1	0.016044878126308806
2	0.011021095893657124
3	0.007598535356229989
4	0.005282386694531512
5	0.003845743320492844
6	0.002869680519316109
7	0.002183031556038089
8	0.001643783116144075
9	0.0012989256557798445
10	0.00100598217413583
11	7.92111425043682e-4
12	6.26849793568282e-4
13	4.928355722338841e-4
14	4.0103528097348954e-4
15	3.1923691114412047e-4
16	2.4899030839578746e-4
17	2.0054117411393154e-4
18	1.5918887097360514e-4
19	1.262406692717159e-4
20	1.0012496811489833e-4
