-20	29.32603386459766
-19	22.52588689790201
-18	16.889226072130167
-17	12.711626155501044
-16	9.510201827742142
-15	7.0487006624420125
-14	5.165275044476253
-13	3.75595856793822
-12	2.6624740719161184
-11	1.882050518220296
-10	1.2968845938393532
-9	0.8838496766751572
-8	0.5749086927153435
-7	0.37835388152567473
-6	0.2394999066583167
-5	0.1445837368311838
-4	0.08743698749864075
-3	0.05455754675136269
-2	0.033872770322032134
-1	0.02153579782967465
0	0.016008011077686034
1	0.011698279343572428
2	0.009369856241152415
3	0.007365659078547707
4	0.0059518578220746545
5	0.004844097034182808
6	0.0038823615487623728
7	0.0031477516979471873
8	0.002587678407187552
9	0.0019375393141618704
10	0.001534068571246984
11	0.0012427420010397542
12	9.888536943896224e-4
13	7.903513693806149e-4
14	6.21042135335085e-4
15	5.084658226577146e-4
16	3.961472889395474e-4
17	3.192873003281266e-4
18	2.4930982557056094e-4
19	1.9671782495023828e-4
20	1.5306899896576261e-4
