-20	0.012175482925629396
-19	0.00947916662639125
-18	0.007134775857611794
-17	0.006266437818102757
-16	0.0050533905526246705
-15	0.003715192436887332
-14	0.003076956790209174
-13	0.0025568767777630523
-12	0.0019608856455043846
-11	0.001536605844102326
-10	0.0011489080497162501
-9	9.844617179554584e-4
-8	7.850657740571377e-4
-7	5.620388771770912e-4
-6	5.378746547370404e-4
-5	3.983908803458435e-4
-4	2.888594643191365e-4
-3	2.2881472986443585e-4
-2	1.96958364827528e-4
-1	1.4768799362304698e-4
0	1.282811775694523e-4
1	8.307708207614217e-5
2	7.299798102621113e-5
3	6.0280386364436124e-5
4	4.9131101601233904e-5
5	3.806589689824207e-5
6	3.3379094912422174e-5
7	2.4866693151616246e-5
8	1.8513928246547637e-5
9	1.4286996603448731e-5
10	1.2151955268610999e-5
11	9.455560687078251e-6
12	7.704487848138146e-6
13	6.415129637694715e-6
14	4.6152173328528225e-6
15	3.5028745041486096e-6
16	3.3152379536964707e-6
17	2.267012597896637e-6
18	1.924280213896627e-6
19	1.6206757226049344e-6
20	1.2138611283731696e-6
