-20	0.6024707389204689
-19	0.4521220225258432
-18	0.3506899697988436
-17	0.26905994153933704
-16	0.20215654727929444
-15	0.1538663911353989
-14	0.11289936236233653
-13	0.08463220107706357
-12	0.06585937859979875
-11	0.05030613381486645
-10	0.04118735699389618
-9	0.03211510897796218
-8	0.025402939964643347
-7	0.019258946856814972
-6	0.015965026252968886
-5	0.012584876105307305
-4	0.00988338900283757
-3	0.007666532677598376
-2	0.005991677752044548
-1	0.004989619530063785
0	0.003922163512708988
1	0.0030959220825984113
2	0.0024502909038657877
3	0.0019138787597936674
4	0.001561860211614037
5	0.001237100364652743
6	0.0010015800810308922
7	7.93213196881651e-4
8	6.061112999971508e-4
9	4.979863617901963e-4
10	3.808240663843399e-4
11	3.0929286655954484e-4
12	2.548607823365721e-4
13	1.9270393897987174e-4
14	1.5863035919143258e-4
15	1.1896930312820691e-4
16	9.907223108945908e-5
17	7.59873911213713e-5
18	6.24801852516461e-5
19	4.9831731291647156e-5
20	3.821031453946313e-5
