-20	4.807850394508673
-19	3.8088643973408223
-18	3.0869292307868466
-17	2.366135657287908
-16	1.7892645944347554
-15	1.4592911658604306
-14	1.102876994425541
-13	0.8703814341469451
-12	0.6430216466625754
-11	0.5157244186002232
-10	0.4012357700098991
-9	0.3156379385228353
-8	0.2526849418691387
-7	0.19885438876393913
-6	0.1554136211605761
-5	0.12348962534759926
-4	0.09768041811735607
-3	0.0810021241049979
-2	0.06776162973786574
-1	0.05283030656424286
0	0.04440073130832108
1	0.03742742689490361
2	0.03150272648500553
3	0.025265713330434928
4	0.02175125159847149
5	0.017610395233807297
6	0.015081781785687804
7	0.012191199947665947
8	0.00963434293099226
9	0.007720758694824718
10	0.006104248979532088
11	0.004989788739626756
12	0.003963863721922577
13	0.003072357823753804
14	0.0025444649158039667
15	0.0019655830668457545
16	0.001623305613359462
17	0.0012519469711379989
18	9.796437504338434e-4
19	7.708217612577505e-4
20	6.403280307349089e-4
