-20	13.346718789300908
-19	10.170683830702096
-18	7.78105927934278
-17	5.907131228500835
-16	4.479315941562755
-15	3.3496407961346755
-14	2.5010489188538214
-13	1.8616704679458034
-12	1.369127868855304
-11	0.9889512405045613
-10	0.7170674694364844
-9	0.508238062985042
-8	0.3545148686923773
-7	0.24485982992695426
-6	0.16507871640967486
-5	0.10943618285505186
-4	0.06994487545319994
-3	0.04352457895227408
-2	0.02679689691103923
-1	0.015419487351198666
0	0.008704596642756659
1	0.0048489737406767945
2	0.002695682440516435
3	0.0015237312873085942
4	9.931074950020515e-4
5	6.501204771536765e-4
6	5.005151028998564e-4
7	3.7865305030665414e-4
8	3.1000326363400346e-4
9	2.520047649423117e-4
10	1.9468537496592162e-4
11	1.5496027312709298e-4
12	1.223964582840841e-4
13	9.569889471746456e-5
14	7.528534559898317e-5
15	6.227403366792082e-5
16	4.8289991278536196e-5
17	3.800114670067551e-5
18	3.0875953575846816e-5
19	2.4278220879712873e-5
20	1.9439236089455455e-5
