-20	33.71312373382522
-19	25.97781643965233
-18	19.949599276326403
-17	15.25623229827539
-16	11.612919963548629
-15	8.779735686535467
-14	6.628813779023598
-13	4.958549576632339
-12	3.6800985028076227
-11	2.7107478796177475
-10	1.9760303019301546
-9	1.4244810478753958
-8	1.0184625432311178
-7	0.7137338727893652
-6	0.4935195965183352
-5	0.33852866795657705
-4	0.22411755432678965
-3	0.14837174714604762
-2	0.09403446531039333
-1	0.059347322090100844
0	0.036078611476030066
1	0.021604043817893357
2	0.012320492056454925
3	0.007121550132559837
4	0.003943099407480255
5	0.0021292052065405545
6	0.0011337613354519918
7	5.427511709279618e-4
8	2.748597258315923e-4
9	1.3486080863219082e-4
10	6.136430736740456e-5
11	3.374484349741102e-5
12	2.2197009859975478e-5
13	1.4799069687381196e-5
14	1.013172592845451e-5
15	8.296513457798573e-6
16	6.05685518108801e-6
17	5.214294819209448e-6
18	3.7793140724351917e-6
19	3.1638401216263676e-6
20	2.513411982766143e-6
