-20	0.004516606682777313
-19	0.003699904403723048
-18	0.0028393030877965205
-17	0.0021847986590041095
-16	0.002018024931470575
-15	0.0015324016240206675
-14	0.0012357039688594778
-13	8.474394010250572e-4
-12	7.079884315588787e-4
-11	6.426170079577725e-4
-10	5.31742020580445e-4
-9	4.2209265224101857e-4
-8	3.048042945721543e-4
-7	3.290768317719845e-4
-6	2.8379960143282796e-4
-5	1.9180652086478318e-4
-4	1.7946812423983886e-4
-3	1.511274492682689e-4
-2	1.3129977880926006e-4
-1	1.1639391587854009e-4
0	8.597339251430429e-5
1	7.802792943694268e-5
2	6.571503602207697e-5
3	5.3892601281544674e-5
4	4.70888147332755e-5
5	3.9464314442615934e-5
6	2.907402982646765e-5
7	2.6911244243860533e-5
8	2.079598841548154e-5
9	1.4882286071608104e-5
10	1.3134763420732074e-5
11	9.297959110421212e-6
12	8.062284667191602e-6
13	6.377118334751663e-6
14	5.401388875543186e-6
15	3.024884759256066e-6
16	3.2837146107509102e-6
17	2.328025186562264e-6
18	1.9117916074811357e-6
19	1.6467805680771777e-6
20	1.2138270245002605e-6
