-20	38.8365087855604
-19	30.502684027757525
-18	23.356786979701862
-17	17.969272367367914
-16	13.79455681244358
-15	10.960119540822209
-14	7.917147676536446
-13	6.150884906715398
-12	4.684063655640339
-11	3.497438112794604
-10	2.6606915295222264
-9	1.9994604643490816
-8	1.4665362725657267
-7	1.1529240370708562
-6	0.8893870523798596
-5	0.7136791695182584
-4	0.5514841056846213
-3	0.4337977941583301
-2	0.3576389648499309
-1	0.28710719468306245
0	0.22979250816363106
1	0.1858748461849329
2	0.14927061854575294
3	0.11951453652959679
4	0.09856392310794923
5	0.07762837020668245
6	0.059513854449801465
7	0.050705286258934994
8	0.03880671001472929
9	0.03218298601603175
10	0.024602525046813477
11	0.019937466833549387
12	0.016019773986599938
13	0.01237913003537955
14	0.010012420055212896
15	0.008030454301471347
16	0.006348735872044392
17	0.005077948073800262
18	0.004006470718706278
19	0.003100285023178244
20	0.0025038182738412415
