-20	0.05181127025959628
-19	0.05147201799853583
-18	0.050453095089468894
-17	0.05130296739686413
-16	0.05177031994731767
-15	0.051986421599697664
-14	0.051532256529438214
-13	0.050980999656657186
-12	0.052094434254245356
-11	0.051555377294201614
-10	0.05085744734948339
-9	0.0516269523313396
-8	0.051251965199031316
-7	0.051140319919058826
-6	0.05223172096382584
-5	0.049967582979605844
-4	0.05220223610058501
-3	0.051439116852594155
-2	0.051943768856078064
-1	0.05135116642842496
0	0.050423856559368645
1	0.04860920105753413
2	0.046773197309943775
3	0.043108510125932344
4	0.035104117196560876
5	0.023070511545129388
6	0.010170259973825297
7	0.0031535798236417808
8	0.0010685692276570047
9	4.6116683084913e-4
10	2.0989074687717096e-4
11	1.0585533948535897e-4
12	5.86944725422621e-5
13	3.490977421455721e-5
14	2.2962746755400535e-5
15	1.6799455648495927e-5
16	1.2766474496426924e-5
17	9.67402268997356e-6
18	7.804065254715541e-6
19	6.290056059016795e-6
20	4.9418969768621365e-6
