-20	0.21472834624362983
-19	0.16233948307869076
-18	0.126431610727979
-17	0.0978309216833979
-16	0.0738565836793852
-15	0.06109043668593283
-14	0.04725244813232685
-13	0.037721958342825226
-12	0.029260453866293484
-11	0.02282568626052628
-10	0.019493776631702535
-9	0.015064512101527766
-8	0.012177039629344959
-7	0.009919404456088741
-6	0.008231850043276975
-5	0.006623302070559525
-4	0.005514502420617355
-3	0.004442211033420867
-2	0.003782443569413323
-1	0.0030200262899149587
0	0.002664601349477281
1	0.002240393723500056
2	0.001920111282699767
3	0.00156111623109366
4	0.001319260741063733
5	0.0011112087946455562
6	9.182487089617195e-4
7	7.507642385312313e-4
8	6.186005488800475e-4
9	4.936748840057506e-4
10	3.8284998475510916e-4
11	3.090343185198406e-4
12	2.5506265618443195e-4
13	1.9661324456487494e-4
14	1.5629748312397294e-4
15	1.261138305411881e-4
16	9.234615181183665e-5
17	7.772973920055113e-5
18	6.36113978409945e-5
19	4.878868627850528e-5
20	4.077041062468169e-5
