-20	0.25524960224499327
-19	0.18498594429466522
-18	0.14012419941741072
-17	0.09542651847124868
-16	0.06611842419159705
-15	0.0476867993591284
-14	0.0311415566115049
-13	0.022687563510626535
-12	0.014638950915234818
-11	0.010154253034511094
-10	0.006848082990533244
-9	0.004531331774414629
-8	0.003213898396306838
-7	0.002135995893806587
-6	0.0014388314581471498
-5	9.715575288558783e-4
-4	6.698713666101752e-4
-3	4.7792311825681244e-4
-2	3.372435399335739e-4
-1	2.230102167192008e-4
0	1.6233772180077564e-4
1	1.1655153235385947e-4
2	9.058900699892977e-5
3	6.784799888256915e-5
4	4.9996034543003956e-5
5	3.931990402255851e-5
6	3.137518925322581e-5
7	2.424277814558899e-5
8	1.862533296375467e-5
9	1.5327228326542414e-5
10	1.2153045154398304e-5
11	9.966727610479233e-6
12	7.665782920760214e-6
13	6.22860091009019e-6
14	4.877924613629508e-6
15	3.856860666600691e-6
16	3.0426870347813628e-6
17	2.4411442781366867e-6
18	1.9022463664758562e-6
19	1.5805317774486159e-6
20	1.2306562572527537e-6
