-20	2.78794320084219
-19	2.7827702826533196
-18	2.697109648395506
-17	2.6143680355894894
-16	2.516027085932927
-15	2.4773991799720556
-14	2.4302554809928885
-13	2.2526428263012725
-12	2.167060110943773
-11	1.9805555804517263
-10	1.9291018316769128
-9	1.7991751825476459
-8	1.6274572095265039
-7	1.4814523252503453
-6	1.2909161262189874
-5	1.099468100525047
-4	0.9529879479162401
-3	0.8072740556420568
-2	0.6643215473888158
-1	0.5108436122207956
0	0.41899105666419245
1	0.3247130142401226
2	0.23991791863336825
3	0.17772524643357301
4	0.12491207437077533
5	0.09049925903277005
6	0.06410107990810499
7	0.04180557911735455
8	0.029035603845607567
9	0.019063460512513414
10	0.013062733298690302
11	0.010429664595429966
12	0.007851080332047457
13	0.006459304643732615
14	0.004982366346097639
15	0.004038438444273058
16	0.0033359683317538435
17	0.002512841752325178
18	0.0019651841302532505
19	0.0016021501737316013
20	0.001239111700204313
