-20	2.023953076333864
-19	1.8584493737442256
-18	1.6578103211159207
-17	1.5830783910186574
-16	1.3969509914566678
-15	1.307824650200479
-14	1.1065207931620986
-13	0.9534225605076936
-12	0.746993199603328
-11	0.6081021932146304
-10	0.4533275945603794
-9	0.362556615609026
-8	0.2825271823454151
-7	0.19840229239178894
-6	0.1484240894262657
-5	0.10961994824939425
-4	0.08394068053047388
-3	0.06739152433647348
-2	0.05097459334139853
-1	0.0409925539113654
0	0.03288396439204931
1	0.02593929438200986
2	0.019656906115005715
3	0.015784376727841047
4	0.012471120632875253
5	0.009661154253135245
6	0.0078191772752537
7	0.006315662275322273
8	0.004862119163262713
9	0.00392743947548958
10	0.0031098184546060254
11	0.0024204769016920127
12	0.0020459141921574464
13	0.0015569553193329534
14	0.0012108989443044222
15	9.940126167671333e-4
16	7.863394727070013e-4
17	6.284746953829946e-4
18	4.872828306862649e-4
19	3.963916089055815e-4
20	3.1584544541902613e-4
