-20	48.92001700358547
-19	39.55619008618618
-18	31.675657318909803
-17	25.23608639912717
-16	20.02622497301679
-15	16.305973167046414
-14	12.435549795598684
-13	10.13671113687099
-12	7.84461067229139
-11	6.211667861086391
-10	4.913746879530933
-9	4.03597608187872
-8	3.0898693695467947
-7	2.6176939662095924
-6	2.0039946283993904
-5	1.5649443936884173
-4	1.2363737652597886
-3	0.9950555128661194
-2	0.8073224697099025
-1	0.6398810240859826
0	0.4890534805969498
1	0.3882262050504572
2	0.3216467185908701
3	0.24964948254349262
4	0.20176412126014168
5	0.16046293223173153
6	0.1241870024732146
7	0.10077650006019229
8	0.08135944747171385
9	0.0630903959905582
10	0.05007521967640822
11	0.03942282857526804
12	0.03157105526645291
13	0.02486840589129185
14	0.0198804053346866
15	0.01578664425050563
16	0.012337671198216752
17	0.01007345582145204
18	0.007940426593978945
19	0.006193406554467503
20	0.004926030066380826
