-20	0.20547633229317017
-19	0.20533165267961412
-18	0.2051753754175417
-17	0.20582265857324022
-16	0.2055376729650042
-15	0.20568278628917477
-14	0.20494413981704385
-13	0.20371232653775861
-12	0.20519713746984644
-11	0.20279177812266497
-10	0.20442459400353638
-9	0.20201572600407625
-8	0.19891245860857334
-7	0.1960423625255783
-6	0.18875591149640633
-5	0.1834561937750316
-4	0.1732833294407426
-3	0.15757009246983203
-2	0.13949743589491095
-1	0.11050041737666443
0	0.08147601197854776
1	0.05145906199749359
2	0.027723206047634227
3	0.013220213874564455
4	0.006618346819872121
5	0.003642224067824276
6	0.0021793213518020976
7	0.0014153816983034056
8	9.576166370437026e-4
9	6.860280550816105e-4
10	5.191568983682738e-4
11	4.069261792313151e-4
12	3.1937302285259814e-4
13	2.4987154504041626e-4
14	1.9578314064100938e-4
15	1.5860335069428394e-4
16	1.24847902542224e-4
17	9.812058750598576e-5
18	8.054895545716834e-5
19	6.296396876126126e-5
20	4.957004017096227e-5
