-20	2.922827508626373
-19	2.8363861504812515
-18	2.8410881264811896
-17	2.8497183071051766
-16	2.727316513522914
-15	2.7315035266501835
-14	2.595785219031902
-13	2.5720944781816404
-12	2.451453642720951
-11	2.3246042655951458
-10	2.33122964652208
-9	2.0895169107406453
-8	2.0152725568574232
-7	1.8728382311100442
-6	1.7560232163961031
-5	1.6208359359487974
-4	1.4675173000486783
-3	1.2880651290041976
-2	1.082016949419845
-1	0.9535915509800535
0	0.7457446367767158
1	0.6492169998799115
2	0.5220785252144299
3	0.39460461779253947
4	0.30564209329114855
5	0.24372984940350284
6	0.18680269875102745
7	0.15057367404372013
8	0.11651473755095071
9	0.08770330664403453
10	0.06487622132912217
11	0.04186680370786155
12	0.025834218661661582
13	0.01357907184362419
14	0.0047676289936678376
15	0.0025275834743571837
16	0.001237710754159261
17	6.512686316920002e-4
18	4.988653230305153e-4
19	3.924409689206101e-4
20	3.137511102355374e-4
