-20	1.4194809911958168
-19	1.120836762336465
-18	0.899758535056841
-17	0.6942128465977344
-16	0.5323807525788601
-15	0.4480564203175619
-14	0.36105200420629757
-13	0.2793076380733677
-12	0.22380230569927703
-11	0.1802489337210106
-10	0.14802165304182607
-9	0.1156882388369252
-8	0.09780632466767938
-7	0.07596669625128027
-6	0.0591539467692642
-5	0.04803436171430468
-4	0.0387091789693404
-3	0.031447017690177805
-2	0.024369238987965926
-1	0.019386658134813602
0	0.01541136257510808
1	0.012666241871719771
2	0.009688169939969635
3	0.007820268155938654
4	0.006175292142059788
5	0.004914095649155206
6	0.003919670930645413
7	0.003046622156861279
8	0.002501680155510871
9	0.0019569042544949566
10	0.0015897529580275245
11	0.001209294467182086
12	9.743673391065292e-4
13	7.931511230192375e-4
14	6.169233349719131e-4
15	4.92404906227711e-4
16	4.0541648971216857e-4
17	3.109905523388497e-4
18	2.403279449109503e-4
19	1.9012367789902475e-4
20	1.5989170235930223e-4
