-20	64.48601800227738
-19	50.264074922597864
-18	39.35301475526903
-17	30.19201709960723
-16	23.404212835231867
-15	18.11257345147824
-14	13.973386923837767
-13	10.685402165303836
-12	8.226133494663607
-11	6.3484147769952015
-10	4.869656863685978
-9	3.7607591573930725
-8	2.893853299064365
-7	2.248765581074993
-6	1.776997109880113
-5	1.4259240727813085
-4	1.1629718518461187
-3	0.9565427857962399
-2	0.806483034325436
-1	0.6935871155112844
0	0.6333860371634221
1	0.5816149494194747
2	0.5417171225470337
3	0.51373116009791
4	0.49033081896433894
5	0.4937339543576049
6	0.5018659196814111
7	0.5130225022482742
8	0.5429464955200767
9	0.5665136561936344
10	0.5803222231878135
11	0.5871280378172978
12	0.5880103474331903
13	0.5863135165394369
14	0.5857191574303073
15	0.5839482950335819
16	0.5773105309816924
17	0.5652535280072414
18	0.5380532929626782
19	0.49585181860116245
20	0.43289380926814713
