-20	63.936361237764366
-19	50.538889021308286
-18	38.72919995643163
-17	30.770168174385812
-16	23.490239974587425
-15	17.82199341044171
-14	13.788303045809645
-13	10.470565101002073
-12	7.7025079983631555
-11	5.9616061955530615
-10	4.288717170479156
-9	3.0439359819348613
-8	2.2433489683998693
-7	1.6404410500215052
-6	1.1275993122621908
-5	0.7449363431897538
-4	0.5287504130833581
-3	0.3779198058179953
-2	0.24891730216795255
-1	0.17421803174969108
0	0.12743795431009425
1	0.08380332100628467
2	0.0605952640331463
3	0.0466145358242716
4	0.033163398892753666
5	0.026265977667283284
6	0.014318029850944656
7	0.00716508053647377
8	0.003644289753215866
9	0.0017423650622457939
10	9.750243298803831e-4
11	5.120267047691494e-4
12	3.466342725695193e-4
13	2.2616879916236306e-4
14	1.787346813399251e-4
15	1.30265887025579e-4
16	9.85235247765994e-5
17	8.027756416347851e-5
18	6.284291142301693e-5
19	4.566690184187693e-5
20	3.851729911144844e-5
