-20	3.0224148229269003
-19	2.9627075509663885
-18	2.9755743353945343
-17	2.9854313637877463
-16	2.9243673391216127
-15	2.8708174106078808
-14	2.7759935814718277
-13	2.8023777264266974
-12	2.710676898932648
-11	2.652345271994728
-10	2.5474872492605094
-9	2.4528813416669943
-8	2.3524632353110375
-7	2.190620318894489
-6	2.090351469344471
-5	1.8201746637129455
-4	1.5786189581501622
-3	1.4933936175178328
-2	1.2212740917737952
-1	1.0006355162150526
0	0.7219622169958219
1	0.5643836989747355
2	0.4018075019886173
3	0.26317641084242027
4	0.15497698577167815
5	0.04880621712725658
6	0.02325027062387247
7	0.015588512598482472
8	0.008690131658265992
9	0.004000990713029035
10	0.003203216008853807
11	0.002476715539018619
12	0.0019829162002618235
13	0.0015678394012121051
14	0.0012402054026836589
15	9.711716466128258e-4
16	7.80391358903323e-4
17	6.062571039411072e-4
18	5.005246142709973e-4
19	3.9292675524913383e-4
20	3.1203575875154776e-4
