-20	0.9090114647006219
-19	0.6877316317072408
-18	0.639375540033073
-17	0.5061531673747159
-16	0.3750367245422901
-15	0.3074344276116464
-14	0.24345264531271346
-13	0.2049798691638436
-12	0.1792962525285734
-11	0.13948962400933373
-10	0.12227024158045932
-9	0.08908800746425447
-8	0.07817246537282949
-7	0.06914824846122464
-6	0.047296496686187524
-5	0.036190312634520445
-4	0.026866636131530737
-3	0.017411330516420635
-2	0.010823743156332713
-1	0.007152252165988791
0	0.004091197025067437
1	0.0025883218045634725
2	0.0015687310463088763
3	8.834898383790409e-4
4	5.190846269767585e-4
5	3.061398802104784e-4
6	2.133608146135364e-4
7	1.3098263767418234e-4
8	1.0040462193345357e-4
9	6.227315077410401e-5
10	4.6565388110077556e-5
11	3.4832535293224895e-5
12	3.150670649156304e-5
13	2.2739196225789066e-5
14	2.0904216335644953e-5
15	1.501778420812611e-5
16	1.2797220035459316e-5
17	1.0619963740949603e-5
18	8.124768633853006e-6
19	5.675734282407469e-6
20	5.225368908413205e-6
