-20	25.474157233397836
-19	19.340909239203793
-18	14.561007901761352
-17	10.880409162037791
-16	8.096012877183117
-15	5.956277381717321
-14	4.332231419443266
-13	3.118576568308122
-12	2.1900823463226353
-11	1.5274297513933928
-10	1.039201383522827
-9	0.697497072122568
-8	0.4536604698583577
-7	0.2881067626280648
-6	0.17824726825766435
-5	0.10454319599388844
-4	0.06129987975487334
-3	0.03474220510773686
-2	0.01903241752296144
-1	0.010081944409418607
0	0.005688631836815583
1	0.0037796733740634715
2	0.0025608131281264026
3	0.0019151782801092188
4	0.0015577656578801195
5	0.001202009065458896
6	9.973143177720485e-4
7	8.077835745817104e-4
8	6.354401637840183e-4
9	4.886462140378189e-4
10	3.8557659073056456e-4
11	3.1131059355494817e-4
12	2.449305627418008e-4
13	1.9332479203332018e-4
14	1.4865400316883156e-4
15	1.2475364312023395e-4
16	1.0005243476474567e-4
17	7.878695900711118e-5
18	6.142485159834731e-5
19	4.9571667621168015e-5
20	3.799158646846981e-5
