-20	0.21741341824317437
-19	0.17778685870765537
-18	0.1337800324408364
-17	0.10810482935623664
-16	0.08550151190190287
-15	0.06531292541728358
-14	0.05555504960921065
-13	0.04434005954477481
-12	0.03536576504583117
-11	0.02779243633961953
-10	0.022911356706908415
-9	0.01781884355386674
-8	0.014666425051787368
-7	0.01167029771839253
-6	0.009786091432715366
-5	0.00785462607556015
-4	0.006652097029554639
-3	0.005210009618724289
-2	0.0043213085571838375
-1	0.0035743035028636184
0	0.0029430925989711765
1	0.0024657996439444094
2	0.0020730146234443666
3	0.0016209394852404945
4	0.0013816509314879817
5	0.0011613233081599734
6	8.903600393740991e-4
7	7.346033777223264e-4
8	5.949394626278446e-4
9	4.708026110495359e-4
10	3.962463908605396e-4
11	3.102767366601897e-4
12	2.519837009897853e-4
13	2.004912380212983e-4
14	1.5511369256828635e-4
15	1.2336703148705893e-4
16	9.986970988014638e-5
17	8.072199783800665e-5
18	6.16478233768432e-5
19	5.05787420751418e-5
20	3.8223996405034073e-5
