-20	15.720652305088871
-19	11.913347853944972
-18	9.048505227908164
-17	6.830932711554487
-16	5.130344349134601
-15	3.8134077873797096
-14	2.8572680703110604
-13	2.1034978184505917
-12	1.5382088763135355
-11	1.131031041588807
-10	0.8093718180023363
-9	0.58115967342482
-8	0.40932124421837435
-7	0.2838617150875612
-6	0.19503111049946534
-5	0.13194265347382866
-4	0.0865724402215408
-3	0.055894496841479645
-2	0.0352045190685478
-1	0.022584389126519454
0	0.013867833224333968
1	0.008316568295710652
2	0.0052178815003252705
3	0.003215313179903273
4	0.002241486421913278
5	0.0015583192765490385
6	0.0011417721173224609
7	8.441888909049963e-4
8	6.494081266886272e-4
9	5.056818224171992e-4
10	3.923521178464308e-4
11	3.096262185889273e-4
12	2.4584133576969504e-4
13	2.0545506639374348e-4
14	1.568368219882157e-4
15	1.2393685141810225e-4
16	9.545728105454713e-5
17	7.878126471861983e-5
18	6.254115295767511e-5
19	4.9391081983302825e-5
20	3.960849835750677e-5
