-20	6.005614991231894
-19	4.539719865636141
-18	3.6933583763945355
-17	2.803516812084823
-16	2.0736524726550742
-15	1.6054355581142474
-14	1.2386181422820672
-13	0.9514008293312074
-12	0.7198735034077682
-11	0.5473279461496162
-10	0.41915761546402447
-9	0.34286291867806096
-8	0.2685040423950638
-7	0.20330070322477564
-6	0.17363058794159136
-5	0.13856717530951487
-4	0.11604682906178584
-3	0.09179922887454176
-2	0.07680219670783327
-1	0.06131775417162546
0	0.05239933156047281
1	0.044201652454755054
2	0.03421888299913811
3	0.02735598945374459
4	0.022394307140613256
5	0.018842244019190862
6	0.014553983580735976
7	0.012278995760113254
8	0.009395043061507697
9	0.007641964797069421
10	0.006117079079273383
11	0.004874402339751117
12	0.003825253939831765
13	0.0030916788836978038
14	0.002438335741206687
15	0.0020011770132072524
16	0.0015900543637711033
17	0.0012608129507591405
18	9.800752131008507e-4
19	7.606907765869819e-4
20	5.976377496226605e-4
