-20	5.710525000581857
-19	4.550026062229535
-18	3.4504762984171924
-17	2.6846219295357754
-16	2.0604023059857757
-15	1.6461621912307292
-14	1.2964703137908595
-13	0.98574433365525
-12	0.7565948219063174
-11	0.5752974978282169
-10	0.4609758828597832
-9	0.3346979813915495
-8	0.2689492707770827
-7	0.19963376504142616
-6	0.15453830045182315
-5	0.12278283168263333
-4	0.09846560548518885
-3	0.07844000421583015
-2	0.06593719465249057
-1	0.05389590729685556
0	0.04955712402634433
1	0.040995579484765225
2	0.03413510060543045
3	0.028513563272662003
4	0.022571854631395556
5	0.019582177308416705
6	0.015502620817239625
7	0.012355330808065043
8	0.009831325799101783
9	0.007799435519281261
10	0.00622634192360116
11	0.004820147236050016
12	0.00393571171794989
13	0.0030661517621609685
14	0.0025003848688125194
15	0.002011665857337644
16	0.001601227157680026
17	0.0011950977445091431
18	9.888902307465973e-4
19	7.767497652904708e-4
20	6.418295517802126e-4
