-20	0.04873521923447492
-19	0.039015486038733976
-18	0.0313733610920768
-17	0.025459685125933308
-16	0.01974003338756886
-15	0.01544766071734704
-14	0.012605899092425182
-13	0.009893114925662477
-12	0.007791497932200636
-11	0.006362836924902303
-10	0.005057085892818966
-9	0.004011910016143764
-8	0.0030979897490351085
-7	0.0025215471585277416
-6	0.0020087270639714784
-5	0.0015660976503833774
-4	0.001271256075570427
-3	0.0010127637270101848
-2	7.826453333958702e-4
-1	6.31775363750524e-4
0	4.939804062958808e-4
1	3.923317052891553e-4
2	3.1777362506244487e-4
3	2.4917099297729e-4
4	2.0009692810715193e-4
5	1.5776074372743728e-4
6	1.2397780575796038e-4
7	9.925631649798499e-5
8	8.04021837395405e-5
9	6.258531451825508e-5
10	5.009574844810108e-5
11	3.923841498474456e-5
12	3.153051283218147e-5
13	2.5045410452593248e-5
14	1.992860780866881e-5
15	1.5775147229175392e-5
16	1.2680151935852165e-5
17	1.0115162461118977e-5
18	7.957312867970315e-6
19	6.349608652432155e-6
20	4.9689697393466345e-6
