-20	0.048242008113975075
-19	0.03852337867888479
-18	0.030742884414946627
-17	0.023904487057903875
-16	0.019117210843207413
-15	0.01544050052131759
-14	0.01249562106483293
-13	0.009484136976010905
-12	0.007743589865835349
-11	0.006093361587791199
-10	0.004889659634727259
-9	0.0038446853435570717
-8	0.0030939022815790343
-7	0.002454022702649701
-6	0.0020607012849109783
-5	0.001559018140566531
-4	0.0012799713609305092
-3	9.697030881702946e-4
-2	7.926446698376486e-4
-1	6.162554795682717e-4
0	4.8078099466696196e-4
1	3.905735807035798e-4
2	3.0792810910553663e-4
3	2.449896408118561e-4
4	1.985351362645725e-4
5	1.5345879825142872e-4
6	1.246116897576546e-4
7	9.939448139084566e-5
8	7.781860330353413e-5
9	6.15146011432302e-5
10	4.841139390917304e-5
11	3.9478894765023776e-5
12	3.140478308732674e-5
13	2.3535994166261722e-5
14	1.9272469760634666e-5
15	1.514120463315249e-5
16	1.2097501256696831e-5
17	9.591041066515648e-6
18	7.916428377231226e-6
19	5.84138900192595e-6
20	4.759450963842991e-6
