-20	2.952571275545865
-19	2.909983260599192
-18	2.8368979582323495
-17	2.901203466255137
-16	2.770065406079238
-15	2.679514481414752
-14	2.6554004486295817
-13	2.578646473947217
-12	2.5517568278011815
-11	2.385322418287019
-10	2.27857046537035
-9	2.1981870192517277
-8	2.084711769298567
-7	1.9633573980196846
-6	1.8627191441398314
-5	1.611958203163977
-4	1.4999959143396053
-3	1.3771610741302054
-2	1.2311333851117736
-1	1.04562535995545
0	0.900495264530074
1	0.742600279595639
2	0.5769590854177191
3	0.44674727046822843
4	0.3162194186576049
5	0.2107077699708827
6	0.1156671156290263
7	0.06708218323014885
8	0.040937013068263764
9	0.012465084745859289
10	0.004513316335916565
11	0.002708358884878971
12	9.627996434154734e-4
13	7.819479167026852e-4
14	6.165513713218049e-4
15	5.042791627714851e-4
16	3.9038426600933795e-4
17	3.1800178954701294e-4
18	2.457997748970056e-4
19	2.0331157035392597e-4
20	1.5377750206381323e-4
