-20	0.7665566282576197
-19	0.6057467026818755
-18	0.48717728648784026
-17	0.35757447152377986
-16	0.2796747665912636
-15	0.21404093314649617
-14	0.15437766980425832
-13	0.11720525277389708
-12	0.08689958971219595
-11	0.06590203065323857
-10	0.05247626652682679
-9	0.04227765673245904
-8	0.032881123107545845
-7	0.02546373810590739
-6	0.02033740543118893
-5	0.015934779201684988
-4	0.012358599370921035
-3	0.00989269733900052
-2	0.007912206787819382
-1	0.006306868184295647
0	0.005029291849658525
1	0.004009611106087254
2	0.003145332845763192
3	0.002514248580202568
4	0.001969499276196617
5	0.0015880561248789618
6	0.0012649498099431677
7	0.0010002007705899407
8	7.90646881665747e-4
9	6.376316574614868e-4
10	4.959110115644729e-4
11	3.951571551640437e-4
12	3.2028664879004743e-4
13	2.529586472199872e-4
14	1.9913621591241722e-4
15	1.569613150318207e-4
16	1.2670534414504944e-4
17	1.0130863937307193e-4
18	7.936647797303566e-5
19	6.308941081176969e-5
20	5.0687669613352814e-5
