-20	2.273774193475484
-19	2.1700153881372226
-18	2.030960412862206
-17	1.889760288592023
-16	1.7607908709315367
-15	1.5755777297562772
-14	1.4383310321628233
-13	1.2905097364455234
-12	1.098611761047737
-11	0.9303611453504073
-10	0.7814578578245804
-9	0.6545503708304681
-8	0.5082679356060371
-7	0.39882292944148556
-6	0.3145896446087234
-5	0.23401313268182658
-4	0.18114131497665426
-3	0.13540486077673045
-2	0.11238194727450593
-1	0.08968539800331177
0	0.07341064500791693
1	0.06244828478289945
2	0.0512472348400847
3	0.04400841545901933
4	0.0360367490766609
5	0.028041361516634736
6	0.020355216589874835
7	0.012860418215440263
8	0.007330112755305508
9	0.003689591501370717
10	0.0017766770092725107
11	9.706843614460229e-4
12	5.634418529553663e-4
13	3.4133055883540887e-4
14	2.3564427185917362e-4
15	1.6776780791440184e-4
16	1.2857892987802093e-4
17	9.998724984721768e-5
18	7.960238220899259e-5
19	6.245828142086994e-5
20	4.937688168576752e-5
