-20	30.040708192887937
-19	23.582313660109975
-18	18.26305169226072
-17	14.212106742378761
-16	10.840010204613476
-15	8.272635852915117
-14	5.968388661554627
-13	4.488888161414428
-12	3.2029657811124133
-11	2.2321849578103774
-10	1.509075739070823
-9	0.9352265469360987
-8	0.5824844158127038
-7	0.36516369748910965
-6	0.2210109885884479
-5	0.11007929426501
-4	0.06493322986880144
-3	0.037489139447206145
-2	0.02081490939352834
-1	0.010898586959111084
0	0.006566058809762557
1	0.003973720611125523
2	0.0028858230313183564
3	0.0019750961722396145
4	0.0016059857588256708
5	0.001210290398348896
6	0.0010047767422926594
7	7.991196709326243e-4
8	6.175983782358371e-4
9	4.796586685238194e-4
10	3.82523108864241e-4
11	2.8544639640766154e-4
12	2.4970446601572184e-4
13	2.0623554689776637e-4
14	1.483219022392228e-4
15	1.280177583713972e-4
16	9.737696467710114e-5
17	7.6634748159087e-5
18	5.972862767068569e-5
19	5.23656011537257e-5
20	4.057536890079735e-5
