-20	56.53333437214036
-19	43.635822324622175
-18	33.5095989080001
-17	26.015716579671654
-16	19.61910726538413
-15	14.841519164722177
-14	11.209253047253247
-13	8.381313512157416
-12	6.278725306539156
-11	4.583062253842543
-10	3.3791701682097
-9	2.446170011258867
-8	1.7559038211301519
-7	1.2400403166194285
-6	0.8689327175269668
-5	0.5883268505652682
-4	0.40223894548773087
-3	0.27560181184648935
-2	0.1881105224312158
-1	0.12072480454897788
0	0.07984412388409837
1	0.053291235554865486
2	0.03702508279624445
3	0.023987664057374937
4	0.017065537977675186
5	0.011811831617595655
6	0.008650027462704823
7	0.006598648658629898
8	0.00510785572843845
9	0.003914411811554999
10	0.0031153510501716218
11	0.0024871875220290394
12	0.0020101624053939214
13	0.001583722893109005
14	0.0012240597715077928
15	0.0010184342719887726
16	7.657394278218257e-4
17	6.269793801080333e-4
18	5.078229849869696e-4
19	4.0352789245593444e-4
20	3.058883599004706e-4
