-20	58.739307513277055
-19	45.208229311600185
-18	34.58839589930079
-17	26.69163466331985
-16	20.353419887262845
-15	15.393354721330574
-14	11.62589708159372
-13	8.685162365264043
-12	6.4891913828211525
-11	4.744269056814226
-10	3.4658170683366856
-9	2.514083738027119
-8	1.8017278837233306
-7	1.2696473698126198
-6	0.8795257889237882
-5	0.6041575992366061
-4	0.4020190002811623
-3	0.26880503244784165
-2	0.1721317798146654
-1	0.10853020691410399
0	0.06759903903762675
1	0.04093537109765501
2	0.025250261248006868
3	0.015068857523716861
4	0.00942987257721904
5	0.005731088917975776
6	0.003427762826397635
7	0.002211025826447096
8	0.0015255195134072513
9	0.0010818136543917162
10	8.208949079076445e-4
11	6.251219794097501e-4
12	5.019751910000245e-4
13	3.9454208560820965e-4
14	3.1480431748621794e-4
15	2.4302631160354725e-4
16	1.9783196983057946e-4
17	1.5459829747760016e-4
18	1.2173435871306188e-4
19	9.848428989274235e-5
20	7.949542080476046e-5
