-20	0.005378566369342928
-19	0.0043922675472765245
-18	0.0034970500980814946
-17	0.0027770683219163718
-16	0.00220047582636886
-15	0.0017769666975885506
-14	0.001396738652482948
-13	0.0011407880363967123
-12	9.276467197419376e-4
-11	7.337263753883558e-4
-10	5.783926938569195e-4
-9	4.813606500272595e-4
-8	3.933055935505082e-4
-7	3.2204824099276564e-4
-6	2.5675569368949084e-4
-5	2.1097030588855553e-4
-4	1.7415287613912635e-4
-3	1.482164899630849e-4
-2	1.1898102266822608e-4
-1	1.0124467730807441e-4
0	8.658795927544506e-5
1	7.192089623895656e-5
2	5.9766826658537254e-5
3	4.982004478764801e-5
4	4.0809441918162005e-5
5	3.371273298255314e-5
6	2.775219445755684e-5
7	2.283181348343627e-5
8	1.8724415582296856e-5
9	1.4592175803609809e-5
10	1.217467293559299e-5
11	9.530109299969461e-6
12	7.494532761150796e-6
13	6.077202033459325e-6
14	4.749769796790411e-6
15	3.820487582491259e-6
16	3.098094295656214e-6
17	2.4283365937247635e-6
18	1.907629466120258e-6
19	1.555040943845035e-6
20	1.2124642849671605e-6
