-20	37.19370936215564
-19	30.154132459623558
-18	24.915449631013004
-17	20.72201535009594
-16	17.40302325734992
-15	14.836191716044684
-14	12.942919476242839
-13	11.449678015043645
-12	10.298037151496821
-11	9.281157663530191
-10	8.412768896690169
-9	7.659315114971903
-8	6.923284952098124
-7	6.282821107980008
-6	5.7444527456036285
-5	5.3145539881681065
-4	4.965416030692732
-3	4.693521110287713
-2	4.48137760302226
-1	4.320843464012593
0	4.204789118249383
1	4.122825013688073
2	4.067913034566112
3	4.033219580282026
4	4.01498943060972
5	4.005948010882044
6	3.9519015831333077
7	3.4738902041463176
8	2.656321362250759
9	2.165031978106709
10	2.0103548171829506
11	1.9967570308276383
12	1.9987474141093662
13	1.9382232873054062
14	1.9872326823407584
15	1.9616004648580045
16	1.9921703552834955
17	2.0009251778065087
18	1.9839635956512456
19	1.9527985919903168
20	1.9441041454074035
