-20	33.134393396106645
-19	25.28645444047539
-18	19.598453070158826
-17	15.313562267997343
-16	12.143899486211346
-15	9.474623299168146
-14	7.153941078317759
-13	5.606974966982407
-12	4.247363592972339
-11	3.296574548552038
-10	2.4571835942307008
-9	1.890067427664523
-8	1.4712852757231558
-7	1.0699045613339222
-6	0.860671367305775
-5	0.6456352310991248
-4	0.488150923839238
-3	0.40459673608546787
-2	0.3007119694538028
-1	0.2386635284890906
0	0.19370955564386239
1	0.15354834833429915
2	0.13611569778274743
3	0.11672595705734855
4	0.09202028634643246
5	0.07498206262191777
6	0.06078501219054153
7	0.04899909188238939
8	0.03756177261235272
9	0.03037075769539461
10	0.024751942618876806
11	0.0197968070648615
12	0.015653327626917075
13	0.012314003333496658
14	0.00972330959010495
15	0.007810192237433057
16	0.006033414847756999
17	0.00507554144262678
18	0.003971870901689689
19	0.0031960123367172203
20	0.0025328210644052366
