-20	0.26395860404779803
-19	0.2049228610134924
-18	0.15593619338386305
-17	0.11364896944983476
-16	0.08615737931944237
-15	0.06531495304232851
-14	0.05184086049491269
-13	0.03899379962941434
-12	0.03147393706319663
-11	0.024795746873090142
-10	0.021254829447729807
-9	0.017876228354154332
-8	0.01491192294854539
-7	0.01157704413696554
-6	0.009284616002669482
-5	0.007903823281648844
-4	0.006836704606253252
-3	0.005797084038455126
-2	0.004655311221958086
-1	0.003825160431863573
0	0.0032491546071953905
1	0.0026916739512620066
2	0.0022630955332526145
3	0.0018541584207714089
4	0.0015266702166591615
5	0.0011987448852738979
6	9.607075849538886e-4
7	8.01851050444482e-4
8	6.151375198764147e-4
9	4.8219021123300105e-4
10	3.926564200750197e-4
11	3.119350457534947e-4
12	2.5493458415089607e-4
13	1.9465189672249078e-4
14	1.6004666018449302e-4
15	1.191610175682921e-4
16	9.858178655811506e-5
17	7.696040122965318e-5
18	6.37212921707218e-5
19	5.060312082762512e-5
20	3.808776792141823e-5
