-20	0.6779628694214749
-19	0.5331718336533553
-18	0.4326210987683781
-17	0.34662532458248163
-16	0.26405470005064907
-15	0.2238474654697993
-14	0.18135419140769082
-13	0.14663691024551515
-12	0.1217590148065217
-11	0.0941651025927697
-10	0.0775935499349583
-9	0.06038790127861234
-8	0.04673119116798686
-7	0.03848595624439457
-6	0.03110123417953415
-5	0.024459365288769203
-4	0.019736794756471946
-3	0.01534310000910142
-2	0.012110487076208524
-1	0.009628955638131102
0	0.008002095946741705
1	0.006194719626821769
2	0.004999641322182798
3	0.0037585384702543516
4	0.003060663547908514
5	0.0024289214314514988
6	0.0019540652061204723
7	0.0015610401726358324
8	0.0012458813167448277
9	9.993318294295084e-4
10	7.943972708351364e-4
11	6.333750553160149e-4
12	4.932002933085571e-4
13	3.84073185832892e-4
14	3.181617273028166e-4
15	2.475841027086061e-4
16	2.0440365820707175e-4
17	1.5338176515518613e-4
18	1.232361324187452e-4
19	9.626545329582511e-5
20	7.70593195911291e-5
