-20	59.05851158870839
-19	45.55776080916066
-18	35.040380810985496
-17	26.820114298953385
-16	20.43887263027312
-15	15.495055488702134
-14	11.673332041090054
-13	8.740283401901532
-12	6.489090424648308
-11	4.783675747462352
-10	3.4893913977966773
-9	2.516351629729578
-8	1.794138862589626
-7	1.2616447989056774
-6	0.8735579439048259
-5	0.5937002823794791
-4	0.3961381251961868
-3	0.258993658814317
-2	0.16534806256749632
-1	0.10301648824479849
0	0.06250409497028249
1	0.03687931110302915
2	0.021203054231402767
3	0.011737839961757111
4	0.006311848456724941
5	0.00324920297811165
6	0.0016080224286596201
7	7.338283101418026e-4
8	3.2248563359116804e-4
9	1.278682351526061e-4
10	4.992495326713637e-5
11	1.986412614726588e-5
12	1.0039767851159099e-5
13	6.3400245013925076e-6
14	4.709291320201259e-6
15	3.794518095277772e-6
16	3.0564268311523784e-6
17	2.4925137876192162e-6
18	1.9446168304315784e-6
19	1.472584073978875e-6
20	1.2218906594009682e-6
