-20	15.469940363820331
-19	11.561436863761378
-18	8.679169341718257
-17	6.467213158090436
-16	4.75211836148023
-15	3.4852489421832273
-14	2.5022178164439675
-13	1.7776826370978775
-12	1.2600910066515902
-11	0.8763856251530951
-10	0.6009120958909946
-9	0.4008681609597395
-8	0.26194195754832555
-7	0.16820270426791759
-6	0.10518069369632865
-5	0.06449025705609486
-4	0.03801622790322198
-3	0.022257506281320026
-2	0.013135771731297295
-1	0.00778229987227284
0	0.004884939339219622
1	0.0032589119812089984
2	0.002467338611929623
3	0.0017985431917448731
4	0.0014960247123805646
5	0.0012638865746198227
6	9.972437470195648e-4
7	7.563704783592574e-4
8	6.107083290344888e-4
9	4.8721515416765975e-4
10	3.762517022350652e-4
11	3.2013638872766e-4
12	2.4832298138094606e-4
13	1.9631015240890518e-4
14	1.5397551883634798e-4
15	1.2169254579215596e-4
16	9.930337592972097e-5
17	7.59714524050525e-5
18	6.189928929622673e-5
19	4.942104054078007e-5
20	3.98802697734259e-5
