-20	2.6701483477773187
-19	2.6117698623185497
-18	2.4224633058942437
-17	2.3719055611815607
-16	2.2643474977405087
-15	2.1703196476042783
-14	1.9894228116153856
-13	1.9017049583895342
-12	1.7524490890565236
-11	1.660419902789763
-10	1.4562825588705854
-9	1.3299313360843386
-8	1.1389273087547072
-7	1.0040585132354027
-6	0.8522224775017183
-5	0.7518924591895638
-4	0.5620184678145721
-3	0.4748197705217378
-2	0.33758261038814286
-1	0.27389448437220104
0	0.2117215756611121
1	0.14412286017588263
2	0.09914711076888334
3	0.06559940729653416
4	0.04197421591769048
5	0.02438304006581385
6	0.01423773352414591
7	0.009219593263409102
8	0.005841381993774781
9	0.004346855086574977
10	0.003204136245495183
11	0.002489557708487747
12	0.0020150501307681
13	0.0015606936436200964
14	0.0012434575367111342
15	9.575472052166013e-4
16	7.939079018628972e-4
17	6.232869734317146e-4
18	4.951378007044951e-4
19	3.9613947760863867e-4
20	3.007903354356257e-4
