-20	6.316890726685848
-19	4.744950510084059
-18	3.5507429435132902
-17	2.633251126118617
-16	1.948208868315356
-15	1.4341707262443253
-14	1.0368261572999458
-13	0.7421313839750737
-12	0.523607761142578
-11	0.3673059905829662
-10	0.25242162603130924
-9	0.17139290795040013
-8	0.11207617925357272
-7	0.07293651497794226
-6	0.04562150155765179
-5	0.027616336579305113
-4	0.016188921087547818
-3	0.009401827306922203
-2	0.005198391047842894
-1	0.0028711375888113375
0	0.0016563300758702403
1	0.0010230423760684041
2	7.090362100461939e-4
3	5.05611349349114e-4
4	3.946681970384393e-4
5	3.1092749336319634e-4
6	2.4627984600594875e-4
7	1.9441664760518052e-4
8	1.5297867657370525e-4
9	1.2133458321607664e-4
10	9.810192925467434e-5
11	7.831109733131589e-5
12	6.148152827737004e-5
13	4.8254854236014284e-5
14	3.855054895191479e-5
15	3.115933140292883e-5
16	2.4900470581284943e-5
17	1.978872931232349e-5
18	1.5511697285528228e-5
19	1.2086762805167324e-5
20	9.695208748200149e-6
