-20	1.0277557049339083
-19	0.7975671261688501
-18	0.6061155273890436
-17	0.4729615976722013
-16	0.37714886138311987
-15	0.28134987206444056
-14	0.21729799222809343
-13	0.18511548453345514
-12	0.13734228893881625
-11	0.1107763384688698
-10	0.08856693120980443
-9	0.07145722994374505
-8	0.05594503046642713
-7	0.044870938144924835
-6	0.03849215385986732
-5	0.030701595798392448
-4	0.025901086966819902
-3	0.020840064980582794
-2	0.017189533937042013
-1	0.014507614911774604
0	0.011609340116727202
1	0.009672340102456673
2	0.00799199082483129
3	0.006743206312013895
4	0.005472008379836376
5	0.004533010980028516
6	0.0036100928826355676
7	0.002881608961560885
8	0.0023687429618418124
9	0.0019771236480439053
10	0.001539067440282416
11	0.0012152172498597858
12	9.778973236902798e-4
13	7.61201379869712e-4
14	6.482053538538821e-4
15	4.963349767263832e-4
16	3.982994198363789e-4
17	3.057380087783763e-4
18	2.5063970098330974e-4
19	2.0249658524863553e-4
20	1.5352691065231548e-4
