-20	0.6230225143281576
-19	0.4654170575855058
-18	0.36073999193068157
-17	0.26661219897843164
-16	0.19776767905056164
-15	0.1493241761390699
-14	0.11368201830203413
-13	0.08694802788858373
-12	0.06388237764760356
-11	0.050814228949429205
-10	0.04066292563070009
-9	0.0331136146365131
-8	0.025882523783399614
-7	0.022858894790727603
-6	0.019420812568687117
-5	0.01608576482400306
-4	0.01302414568403564
-3	0.010867292448348822
-2	0.009274443087997837
-1	0.0075909927145029156
0	0.006658642166916842
1	0.005532511595394836
2	0.0045329653156941235
3	0.003681059652466469
4	0.003031127982670743
5	0.0023838129789206896
6	0.0019338689175237335
7	0.0016153379540336005
8	0.0011968834576434404
9	9.95450223482511e-4
10	8.010133242356483e-4
11	6.176871879927681e-4
12	4.873600889417478e-4
13	4.0017560198565204e-4
14	3.139407391086367e-4
15	2.551140727926897e-4
16	1.9361216322320398e-4
17	1.552070857794115e-4
18	1.2050131787356358e-4
19	9.675603891929035e-5
20	7.861697028236362e-5
