-20	0.7000906873483408
-19	0.5447851837880756
-18	0.4417032962957865
-17	0.33758952464498554
-16	0.27856859407765744
-15	0.22030267344717563
-14	0.18424249570564236
-13	0.14180551971421898
-12	0.11811315618834708
-11	0.09562949556577575
-10	0.07407509757460273
-9	0.061101185568432734
-8	0.04889811006467506
-7	0.03982232927390354
-6	0.03128280617103169
-5	0.0242689351785501
-4	0.019384231306309837
-3	0.015396152820607112
-2	0.01204113297577012
-1	0.009815425716702375
0	0.007700495146551103
1	0.0063290930705010885
2	0.004908334012893616
3	0.003979489254696062
4	0.003051594550968552
5	0.0024276761327974485
6	0.001997948403349203
7	0.0015662993743664245
8	0.0012613618027958117
9	9.941257399436146e-4
10	7.658190686031066e-4
11	6.222059422523093e-4
12	4.929564921098143e-4
13	3.917420885337534e-4
14	3.1257743012456566e-4
15	2.491834710987935e-4
16	1.9590455019273257e-4
17	1.5622519337962372e-4
18	1.2746696383534947e-4
19	1.0071618574237605e-4
20	8.231199636033415e-5
