-20	69.05343631965896
-19	54.02642132598716
-18	42.42882488755853
-17	32.753945707628425
-16	25.30047228367219
-15	19.619168915401872
-14	14.88181412617181
-13	11.298426508765411
-12	8.442824447294145
-11	6.180991423844662
-10	4.5924559765918795
-9	3.299720852176875
-8	2.3888189458289557
-7	1.6927197416847746
-6	1.2052896253504664
-5	0.834088509268571
-4	0.5791886316891616
-3	0.4007573142297061
-2	0.2832338198699628
-1	0.19645264989086397
0	0.14055626615778496
1	0.09979823498334583
2	0.07513367491082258
3	0.057014179532342044
4	0.03645615764978325
5	0.021030824489378167
6	0.009259630856118622
7	0.0034352965312940036
8	0.0014024632771378889
9	6.032164156755236e-4
10	2.8701034485614037e-4
11	1.5267082823816443e-4
12	8.850526140474074e-5
13	5.972311146372785e-5
14	4.3869895237351084e-5
15	3.273081587593549e-5
16	2.507061145822156e-5
17	1.9723122705703492e-5
18	1.531925027208335e-5
19	1.2045357226658858e-5
20	9.835548428338665e-6
