-20	91.43145384904301
-19	74.51223576296596
-18	60.872828014288096
-17	49.91495292832453
-16	40.87021413622568
-15	33.86609290705249
-14	28.109672668281867
-13	23.331015156897923
-12	19.62429738385807
-11	16.559962744069722
-10	14.122949344011445
-9	12.086015926755618
-8	10.455792763300307
-7	9.093163947829906
-6	8.024323626921221
-5	7.115014265596798
-4	6.40263803054772
-3	5.820139285055521
-2	5.336827287468805
-1	4.971342424693612
0	4.672730921274459
1	4.428555342368233
2	4.231146859593017
3	4.0812340672512555
4	3.9561902636324455
5	3.8415654711586993
6	3.7315197146623498
7	3.629150777425914
8	3.528716796975382
9	3.465184522502133
10	3.436250710619262
11	3.4268205750685055
12	3.4210360230108474
13	3.4172629843860354
14	3.416312729474833
15	3.4271000954515207
16	3.4661846678076507
17	3.5514133139407886
18	3.640628662871744
19	3.7033024587515975
20	3.736210630797195
