-20	3.496660246215047
-19	2.63918024908371
-18	1.9996864717997898
-17	1.5571586209806598
-16	1.0941429311644675
-15	0.9144991391317584
-14	0.6935634260663592
-13	0.5517263563913454
-12	0.4367039469900383
-11	0.3487356394728978
-10	0.2804178284767226
-9	0.22385647791515084
-8	0.18073468531588616
-7	0.15084299117211417
-6	0.11865307306265467
-5	0.09874420129380257
-4	0.07543842048700025
-3	0.06182920130325058
-2	0.047749263782990374
-1	0.03899959061390935
0	0.03050962029882605
1	0.024946687714129324
2	0.019526569543876136
3	0.015290656956894244
4	0.012504245969422125
5	0.009982154965822852
6	0.007911344936275141
7	0.006244440984227568
8	0.0049652353030679545
9	0.004002759161186504
10	0.0031607001809832594
11	0.0024286150345184964
12	0.0020015629927448075
13	0.0015605953028688955
14	0.0012431291308915141
15	0.0010182178421481996
16	7.905462638133713e-4
17	6.106112757461814e-4
18	4.934864896035588e-4
19	3.8053639499189407e-4
20	3.197229007144942e-4
