-20	1.6845420616057116
-19	1.5080123484610297
-18	1.3500868935746602
-17	1.2196972356908122
-16	1.056556461817444
-15	0.9123364662389131
-14	0.7533787756499614
-13	0.6470667074791945
-12	0.5017252095954078
-11	0.4209110319389544
-10	0.3532912670218339
-9	0.28991176123534584
-8	0.23480910510765843
-7	0.18785783808622306
-6	0.14907751384679746
-5	0.10459552301683075
-4	0.0674563347189311
-3	0.03314731132150797
-2	0.016161654828173413
-1	0.007604079260989812
0	0.0036983380046639743
1	0.0017919701294496616
2	9.790579431941046e-4
3	5.132026681452394e-4
4	2.846473082374061e-4
5	1.757589395721676e-4
6	1.0051710200030932e-4
7	6.772096055048801e-5
8	4.697828543423189e-5
9	3.2881106852564454e-5
10	2.485923610852406e-5
11	1.910164961268649e-5
12	1.4999196290372818e-5
13	1.229755607766249e-5
14	9.86486270443893e-6
15	7.786150362278858e-6
16	6.0744212559549944e-6
17	4.9731741219607705e-6
18	3.8526240980248885e-6
19	3.1599876408740998e-6
20	2.4284851700089713e-6
