-20	27.008803515957638
-19	20.47718383992837
-18	15.474757617278367
-17	11.64123127033994
-16	8.66910845431525
-15	6.362866591982485
-14	4.664035895324908
-13	3.3625150408170046
-12	2.3939347634450727
-11	1.6712676022300308
-10	1.141756502281938
-9	0.7630969895159749
-8	0.5008706143445267
-7	0.31814104332288334
-6	0.1976618613630623
-5	0.12245111568349096
-4	0.07075043443287458
-3	0.04138642380424169
-2	0.023632901865317062
-1	0.014015457796285989
0	0.008953081899560076
1	0.006600289193306512
2	0.004689878273756715
3	0.0037739116165367613
4	0.0029647050941819394
5	0.002448565491497754
6	0.0019267602352162942
7	0.001560090210559942
8	0.001215553711099029
9	9.644803930554817e-4
10	7.598071122737143e-4
11	6.11140897691049e-4
12	5.130179651466763e-4
13	3.896868384669756e-4
14	3.226630328671241e-4
15	2.400706126675644e-4
16	1.9528385225237054e-4
17	1.5636328913367468e-4
18	1.249388701107518e-4
19	9.848736668710743e-5
20	7.749911003468674e-5
