-20	49.14749994670866
-19	37.77711052985275
-18	28.98512313419801
-17	22.060726960866127
-16	16.738291596132825
-15	12.644553631703472
-14	9.487263793054309
-13	7.014026859155505
-12	5.19301782230359
-11	3.7869965612355494
-10	2.7352729258294106
-9	1.9347020595196462
-8	1.3578967233698127
-7	0.9363609004704544
-6	0.6302684149472585
-5	0.4164970769374124
-4	0.2665702896978808
-3	0.16485175874857783
-2	0.0997113831868024
-1	0.055609101225206806
0	0.030871776350459266
1	0.015913427916043815
2	0.00817467034936374
3	0.003984702520307146
4	0.0022817644694656334
5	0.0014317446686264253
6	9.907931000687918e-4
7	7.43717681573337e-4
8	6.003914613371928e-4
9	4.8027894584468995e-4
10	3.791585578871659e-4
11	3.064375997303926e-4
12	2.337456468939149e-4
13	1.901743112822861e-4
14	1.5328600932177364e-4
15	1.2242039752224606e-4
16	9.659771535961236e-5
17	7.638177679514547e-5
18	6.086241170060346e-5
19	4.885306573418235e-5
20	3.757572922244034e-5
