-20	50.65269045826283
-19	39.20508282296926
-18	30.030001831437897
-17	22.825192482808493
-16	17.33868767778252
-15	13.077078669104186
-14	9.813494018181053
-13	7.272543354588147
-12	5.381318748036394
-11	3.936707486357284
-10	2.862426090452491
-9	2.0486194582298913
-8	1.4614193705441298
-7	1.0116955647390005
-6	0.6905792376707048
-5	0.45600796351244655
-4	0.2916587650902317
-3	0.18135188645271375
-2	0.10506843997083093
-1	0.05846954306223363
0	0.03119859797235944
1	0.015739801084687453
2	0.007519248014378508
3	0.0034744893705012368
4	0.0015377879905429039
5	7.18747411305437e-4
6	3.900773181600828e-4
7	2.3441735719416718e-4
8	1.7093721843027888e-4
9	1.2731665940690282e-4
10	1.0081973676117805e-4
11	7.907478969518012e-5
12	6.19907169085926e-5
13	4.917431459947796e-5
14	3.914121377210569e-5
15	3.150932782914426e-5
16	2.4662980451614274e-5
17	1.969566330014718e-5
18	1.551941655934791e-5
19	1.2115310661915186e-5
20	1.001798565116952e-5
