-20	0.024586554487619414
-19	0.019390278091730658
-18	0.014545505981291305
-17	0.012209983099072943
-16	0.010028952970428488
-15	0.007497711221039772
-14	0.00598116494713144
-13	0.004807548600336763
-12	0.0038652980096590818
-11	0.0030187166759020386
-10	0.0024480399124028017
-9	0.0018798902383564443
-8	0.001575433129103429
-7	0.001248807675723404
-6	9.804242318317928e-4
-5	7.697390862230207e-4
-4	6.049360018629598e-4
-3	4.6743870414273043e-4
-2	3.827434200727494e-4
-1	2.970948787053763e-4
0	2.4056367914492065e-4
1	1.954645232920593e-4
2	1.5101753824609375e-4
3	1.215364918022167e-4
4	9.895453334563384e-5
5	7.611604642401752e-5
6	6.305926878074132e-5
7	5.03356360950001e-5
8	3.7979009864497406e-5
9	3.090755699830645e-5
10	2.3801975522994925e-5
11	1.9385405500855114e-5
12	1.525834464225566e-5
13	1.2492467562861475e-5
14	9.550055514876057e-6
15	7.469105578511873e-6
16	6.066362119667186e-6
17	4.787248490231163e-6
18	3.849520086348419e-6
19	3.1093935416378632e-6
20	2.4789484945581253e-6
