-20	1.4132634432481788
-19	1.28768642517353
-18	1.089834433882607
-17	0.9259100594057283
-16	0.7547403101560862
-15	0.6180855222242356
-14	0.4674478888103394
-13	0.3543576600860451
-12	0.2705046242645134
-11	0.19040988781346269
-10	0.13873885686360676
-9	0.09777811660955288
-8	0.07142153551589325
-7	0.05285568017837484
-6	0.03724212744025683
-5	0.0269693151477799
-4	0.01985308259191276
-3	0.014017136822460969
-2	0.010788718920897878
-1	0.007959996155611411
0	0.005876286749739414
1	0.004612037486299169
2	0.0034216309819078
3	0.002617376927481897
4	0.0019908088083783713
5	0.001620411510181016
6	0.001275348936938167
7	0.0010220718740418385
8	7.898638664161728e-4
9	6.239361750432197e-4
10	5.075334130516467e-4
11	3.9739120887559085e-4
12	3.1274012081161905e-4
13	2.5065495876946037e-4
14	1.9435506718095116e-4
15	1.5416985909887074e-4
16	1.263240954251275e-4
17	1.0089787014187226e-4
18	7.870979482068484e-5
19	6.170053525864098e-5
20	5.09719416144418e-5
