-20	17.664643344452152
-19	13.346497634652728
-18	10.042005530572583
-17	7.477413465425236
-16	5.54201042059558
-15	4.065866291278283
-14	2.9585067717689566
-13	2.1258139301559504
-12	1.4989143102093945
-11	1.0466162256695513
-10	0.7201520674400419
-9	0.48153264704460946
-8	0.31566679786346646
-7	0.20056420147506646
-6	0.12267969662943053
-5	0.07220421304820046
-4	0.0413513083882123
-3	0.02211568668168025
-2	0.010905552926483696
-1	0.005295257106244544
0	0.002323458868055126
1	0.0010398056749924877
2	4.8672039425159193e-4
3	2.870072841336147e-4
4	2.0071163403269176e-4
5	1.498097684369652e-4
6	1.2375132721480187e-4
7	9.919821588246098e-5
8	7.76771580276004e-5
9	6.314893389923218e-5
10	4.8793884963232325e-5
11	3.7774809359411584e-5
12	3.0341994961797196e-5
13	2.4026337949647962e-5
14	1.9554000156854648e-5
15	1.6073949612208448e-5
16	1.277946286468474e-5
17	9.842583751410423e-6
18	7.894084636102811e-6
19	6.1161059080772626e-6
20	4.718467063282926e-6
