-20	24.37092438838871
-19	18.54724968236204
-18	13.94067432209767
-17	10.324796232904806
-16	7.753008245267257
-15	5.752149484327391
-14	4.199892284158315
-13	3.0084595138738037
-12	2.1257426435194553
-11	1.4907121298460482
-10	1.0062869666853713
-9	0.6912301334070363
-8	0.45184809774280205
-7	0.29593203158095177
-6	0.18514589654982821
-5	0.11829327418086959
-4	0.07400682962697722
-3	0.04562211333348659
-2	0.03188138103231622
-1	0.02140766542334176
0	0.015520282515707006
1	0.012057337024890386
2	0.009269876649104078
3	0.0074627267944701444
4	0.0061396983192020405
5	0.005054650670623311
6	0.003844749313640205
7	0.0031157783045248854
8	0.0025054258013910684
9	0.001976458419729734
10	0.0015684278191739466
11	0.0012311796654699044
12	9.650117068296617e-4
13	8.149518433134199e-4
14	6.083810743656872e-4
15	5.080702483740899e-4
16	3.883664022798542e-4
17	3.101591640988014e-4
18	2.4089641067460618e-4
19	2.0586157872515563e-4
20	1.611724021449505e-4
