-20	32.45472313800777
-19	25.693134059861208
-18	20.09022616194072
-17	15.771899418975375
-16	12.456375507570256
-15	9.482827691354164
-14	7.442458750514607
-13	5.7744147967180455
-12	4.504393144332608
-11	3.4255764799024737
-10	2.58380941819462
-9	1.936913164430797
-8	1.4428401875306616
-7	1.0644095069885604
-6	0.7689994839239932
-5	0.5695365099464619
-4	0.4119815033813435
-3	0.3007110003980958
-2	0.2186906384315622
-1	0.16445081544892173
0	0.12260172617525593
1	0.08659805392572248
2	0.06670329969702048
3	0.0461435122509396
4	0.03392560391079348
5	0.02546707694934018
6	0.018343584287480185
7	0.013846407949120672
8	0.010498552334695712
9	0.00799998162755233
10	0.006489491836850754
11	0.004963815846080135
12	0.003931102976798419
13	0.003153002306309854
14	0.0025139787146292326
15	0.001969522461297564
16	0.001576352749836607
17	0.0012043434255425128
18	0.0010005734052138471
19	7.83957124472772e-4
20	6.319783044437509e-4
