-20	0.5598822766464516
-19	0.4328038863502217
-18	0.32568028886341527
-17	0.2599295701618016
-16	0.20417871019825679
-15	0.16387337066813532
-14	0.12410961175913438
-13	0.10302248397461027
-12	0.0816870580142772
-11	0.0653198156210587
-10	0.05485288359508394
-9	0.04271837625638069
-8	0.03534008657246722
-7	0.028766051392835158
-6	0.02259815535630818
-5	0.019334451032765976
-4	0.014755431197834136
-3	0.012193499822287068
-2	0.010270496130167346
-1	0.00792580652066735
0	0.006725325080279038
1	0.005371896353564058
2	0.004342785941281603
3	0.0035322941930996605
4	0.0028781093441679452
5	0.002310216945661353
6	0.001865348305822718
7	0.001499650982670036
8	0.0011926401435442473
9	9.39301750013254e-4
10	7.667507516604332e-4
11	6.174584848144606e-4
12	4.7993813773065773e-4
13	3.871980604555829e-4
14	3.1333582114309615e-4
15	2.4400988319452161e-4
16	1.979077476795376e-4
17	1.551665429397695e-4
18	1.221679565536636e-4
19	1.0106024234457287e-4
20	7.457118247664259e-5
