-20	0.26623133103008095
-19	0.2106654898934108
-18	0.14717622017476054
-17	0.1092433055987183
-16	0.08274620049889073
-15	0.06687982455523143
-14	0.05080759727978179
-13	0.04023211976250293
-12	0.03116136218158772
-11	0.02452708392261542
-10	0.019815318851400192
-9	0.015899870115381548
-8	0.011870420970751347
-7	0.00983897599788195
-6	0.007965068846450494
-5	0.006146327387220842
-4	0.004959818047091704
-3	0.003839227764152988
-2	0.0031144210726488436
-1	0.0024404169062430038
0	0.0020232548440239717
1	0.0015725472578937785
2	0.0012159035521442801
3	9.486583276982692e-4
4	7.52826122834233e-4
5	6.06048031936179e-4
6	4.967371519238749e-4
7	3.787021023633225e-4
8	3.036596237346865e-4
9	2.4444144622710813e-4
10	1.9840303704623177e-4
11	1.5368020963225386e-4
12	1.208211708016866e-4
13	9.929931350931402e-5
14	7.597255740819852e-5
15	5.9440490446863115e-5
16	4.975122735246997e-5
17	3.805646085085631e-5
18	3.079627222990441e-5
19	2.4866656255543616e-5
20	1.957525663042142e-5
