-20	41.04133211316148
-19	31.58481409696883
-18	24.18468031839093
-17	18.340034305853223
-16	14.03625326323302
-15	10.499173761996058
-14	7.860528220162746
-13	5.766215429932603
-12	4.294901600653407
-11	3.1273955976109207
-10	2.2297205429831948
-9	1.621486496837355
-8	1.1204864623044715
-7	0.7940287149815166
-6	0.5424615769633903
-5	0.37106888628478835
-4	0.24901705259555074
-3	0.15750284163516112
-2	0.1044100901065171
-1	0.06920632036027023
0	0.04560202190211034
1	0.029617249657404664
2	0.021304676914157102
3	0.015457713956293275
4	0.011443017268029737
5	0.00945888962654405
6	0.007509929674479527
7	0.006016367843546598
8	0.0047553912905161245
9	0.003950584661781587
10	0.0031268490677257787
11	0.002567205508026035
12	0.0019593727869051656
13	0.0015436373560209931
14	0.0012146341096562826
15	9.832638872347e-4
16	7.834101491455861e-4
17	6.112218254555779e-4
18	4.901598245094813e-4
19	3.9611185335093466e-4
20	3.0331317797778804e-4
