-20	59.617735237796154
-19	46.09514985554418
-18	35.38496391291277
-17	27.157639683607517
-16	20.66604490575588
-15	15.68033920968142
-14	11.811975045647225
-13	8.841490418171219
-12	6.59500028986582
-11	4.854541528089398
-10	3.5355829920818738
-9	2.558897693124065
-8	1.8261963512959198
-7	1.2911125756959556
-6	0.8917313529408021
-5	0.6101523771374129
-4	0.4099642742511203
-3	0.2691470073638852
-2	0.17397890345489728
-1	0.11019832585527636
0	0.06792759290941347
1	0.04106217897015939
2	0.02452544477363291
3	0.01432776207373922
4	0.008358743565847853
5	0.0049378951385755845
6	0.0028432046308005643
7	0.0016878125135293758
8	0.0010944676815591579
9	7.25474302036945e-4
10	5.253536144888277e-4
11	3.9589202423142677e-4
12	3.107778440824677e-4
13	2.494581597071958e-4
14	2.0251870111073048e-4
15	1.5601435086269158e-4
16	1.258423605386945e-4
17	9.982167522990159e-5
18	7.679302249197669e-5
19	6.314966773767552e-5
20	4.900805870408812e-5
