-20	2.3584588764591228
-19	2.3248260874395035
-18	2.1297307850412412
-17	1.9940710586242612
-16	1.839767715859081
-15	1.7655855384280796
-14	1.6207399575359402
-13	1.4322385713926877
-12	1.2325788577319368
-11	1.1089869581895055
-10	0.9375013554792713
-9	0.7921255932871314
-8	0.6661100945396666
-7	0.4894723997115997
-6	0.4207083145240305
-5	0.30058317552004193
-4	0.2540978534866203
-3	0.19803570930013564
-2	0.1466463728255126
-1	0.1258002785929692
0	0.0987738339360018
1	0.08563391433153694
2	0.07115564934375045
3	0.06030815169432975
4	0.050048013643106945
5	0.03504047040720013
6	0.022978909480999298
7	0.01177420101014336
8	0.004508642531649487
9	0.001672735392983669
10	7.990217477408424e-4
11	4.043811483368324e-4
12	2.3158423194236333e-4
13	1.3964960864329946e-4
14	9.628361960933036e-5
15	6.84850956694765e-5
16	4.9390359699488815e-5
17	3.781635993107136e-5
18	3.0868643891339034e-5
19	2.5281523962121944e-5
20	1.960113718720248e-5
