-20	46.73103311236942
-19	36.017141776537706
-18	27.60935959014381
-17	21.103418414238643
-16	16.095822616594646
-15	12.176127898978347
-14	9.139713773874588
-13	6.831842282580424
-12	5.066788137544008
-11	3.7314978417534084
-10	2.71415132607162
-9	1.9682228630427332
-8	1.3972774825116208
-7	0.9840318666115571
-6	0.6786437007142929
-5	0.4634618570097799
-4	0.3106448475040259
-3	0.20218030811227844
-2	0.1297715187579996
-1	0.0816879875707659
0	0.049688074200236194
1	0.029862298561211975
2	0.017557102893419295
3	0.009849298181861685
4	0.00547346742350547
5	0.0030220719284899562
6	0.0016416080142917138
7	9.231039379984171e-4
8	5.323812886415314e-4
9	3.328000557705575e-4
10	2.2318080231548674e-4
11	1.6077272084244603e-4
12	1.2857723723345345e-4
13	9.717707527657518e-5
14	7.661225763917469e-5
15	6.163804419688378e-5
16	4.7791904789786324e-5
17	3.945530577856079e-5
18	3.0766001962750034e-5
19	2.4317421577443244e-5
20	1.975333982227298e-5
