-20	62.593956171762876
-19	48.33225656213972
-18	37.224823718885084
-17	28.362728249780123
-16	21.697103559361018
-15	16.483768223836755
-14	12.53173834841953
-13	9.357222816561277
-12	7.036603020310884
-11	5.203036494343909
-10	3.8289699409428373
-9	2.782565542466523
-8	2.0112725702998118
-7	1.438526289147582
-6	1.0165589532810577
-5	0.7072554797687292
-4	0.487028201007617
-3	0.3323351634893104
-2	0.2262149145535328
-1	0.1504457578191798
0	0.10204130239924758
1	0.07113169710467368
2	0.04943511928935108
3	0.0347867011322317
4	0.025145402699669923
5	0.018315955573196683
6	0.01362020976592818
7	0.010446857558080537
8	0.007995085699588157
9	0.006229276029897139
10	0.004875329433136828
11	0.003874426706908877
12	0.0030926847089176573
13	0.0024496900031766296
14	0.0019653933314262855
15	0.0015639382839518702
16	0.001241098031038583
17	0.0010165967088932365
18	7.969121546486742e-4
19	6.337246754699821e-4
20	4.983422756083745e-4
