-20	3.0359671233630436
-19	2.31898200519535
-18	1.787291249916987
-17	1.3546056688437769
-16	1.02818761175012
-15	0.7826225353138586
-14	0.608806684208014
-13	0.43557620542127123
-12	0.3430467341016745
-11	0.26050870805967136
-10	0.20648941052437728
-9	0.15652332538724503
-8	0.11827147191194083
-7	0.09208804313508301
-6	0.07209527788964162
-5	0.058916442894964074
-4	0.049273730842147305
-3	0.042558923520755056
-2	0.03503520800719339
-1	0.031060526096200376
0	0.02509912317225076
1	0.022292361615016482
2	0.017967401562566588
3	0.014808840624955565
4	0.011871242287585569
5	0.009469096913229178
6	0.0080041873663033
7	0.006160676604755247
8	0.004951450001336067
9	0.00401498309969206
10	0.0032160345173841295
11	0.0025091557880354107
12	0.0019092358069289614
13	0.0015156531361248953
14	0.0012673540543578295
15	9.569709109122053e-4
16	7.90681857139719e-4
17	6.293419122400966e-4
18	4.729680833224859e-4
19	3.8997469162059924e-4
20	3.0935662784871675e-4
