-20	0.1202217773837734
-19	0.09006992420759725
-18	0.07024185054985334
-17	0.055505975775252625
-16	0.045407873118488616
-15	0.035012184629820815
-14	0.026736948831327077
-13	0.022318579256748832
-12	0.0169335488961864
-11	0.014297535558315493
-10	0.01116394244738064
-9	0.008436442254786632
-8	0.006870628634286618
-7	0.005376405838453389
-6	0.00425643826806364
-5	0.0035158346322689974
-4	0.0028624743335542388
-3	0.002239975224528525
-2	0.0018467748525225363
-1	0.0014784428608962852
0	0.001127494444857476
1	9.445939107765907e-4
2	7.677956634903759e-4
3	6.204095299155535e-4
4	4.978345515216095e-4
5	3.9436192469552303e-4
6	3.0680870274367016e-4
7	2.3266537545793824e-4
8	1.753514198505194e-4
9	1.2145384609576857e-4
10	8.628028118421065e-5
11	6.0624588697019736e-5
12	3.9910236882667096e-5
13	2.881065486139377e-5
14	2.0963672416008262e-5
15	1.559638894649603e-5
16	1.2560247022170316e-5
17	9.865459524818311e-6
18	7.684482263200062e-6
19	5.970128597434632e-6
20	4.882820596668671e-6
