-20	2.5470146950603434
-19	2.4532386532315393
-18	2.362553317636793
-17	2.231207721636709
-16	2.1467006112795803
-15	1.980557991983668
-14	1.8627217720733207
-13	1.7152243465903987
-12	1.590750737318796
-11	1.391941515963066
-10	1.2479954694076163
-9	1.1085516544059473
-8	0.9402231510640912
-7	0.7834400951786196
-6	0.6202557424657129
-5	0.48383518519555707
-4	0.3819430710724962
-3	0.2866740730563371
-2	0.21408165878236496
-1	0.1617075285234073
0	0.12522013871740786
1	0.09713165874672967
2	0.07623970618227985
3	0.060285360718996206
4	0.04788572427758141
5	0.03846643133344011
6	0.031135601949768443
7	0.02431986248801123
8	0.01895983861037654
9	0.013843780849229756
10	0.00985285521894753
11	0.00692826873930121
12	0.004766532017835214
13	0.0032007549693079994
14	0.002309522750504698
15	0.0016773579422258945
16	0.001291393192090507
17	0.0010124624539059616
18	8.01706235015289e-4
19	6.307700362496827e-4
20	5.029798060600292e-4
