-20	59.4534517519398
-19	45.84867561153508
-18	35.21068936116726
-17	26.95372250838736
-16	20.53269246007154
-15	15.615835492770488
-14	11.715456136017789
-13	8.788704706971194
-12	6.529117915551249
-11	4.817046501432526
-10	3.506609387296118
-9	2.5357638529826536
-8	1.81240551968328
-7	1.2768063313132125
-6	0.8825047628549544
-5	0.6002553349656253
-4	0.4019056098657792
-3	0.26318121653239834
-2	0.16923092117447255
-1	0.10525866417926392
0	0.06416439894137237
1	0.03872451106559643
2	0.022813839690384665
3	0.012854236360997617
4	0.007164368774876813
5	0.003974510238011636
6	0.002156836416766909
7	0.001110059762108417
8	6.116778426799235e-4
9	3.4585121995401533e-4
10	2.3283700768712004e-4
11	1.6115386941761479e-4
12	1.1966933652735036e-4
13	9.568815267123516e-5
14	8.055367253989297e-5
15	6.178734855537615e-5
16	4.885958555345374e-5
17	3.887860357430092e-5
18	3.143412243839549e-5
19	2.4692382251943003e-5
20	1.9418296675051634e-5
