-20	18.084201443670835
-19	13.8180286719922
-18	10.303130281280854
-17	7.767011891032718
-16	6.057555316572607
-15	4.600589191657432
-14	3.589211147828468
-13	2.6993763119243455
-12	1.9681954563110462
-11	1.53190736492375
-10	1.165104457488817
-9	0.8785413962275749
-8	0.6856479427179313
-7	0.5330028662750037
-6	0.43864661474272654
-5	0.346462290237563
-4	0.28668917772990005
-3	0.21982688838053874
-2	0.18329603850617632
-1	0.14735841788556822
0	0.11878923161897842
1	0.09497819404931604
2	0.07809600465550659
3	0.059293067301252826
4	0.048670737344370704
5	0.03993418430353328
6	0.03153709231478593
7	0.024786246748046213
8	0.019681703824095655
9	0.015190022267999115
10	0.012105040717129957
11	0.010057848360133053
12	0.007886888458220493
13	0.006123230152165485
14	0.004857540629389088
15	0.003997466380325233
16	0.003022806902815501
17	0.0025901754030176025
18	0.0019515777203369244
19	0.0015660357991249508
20	0.0012726287937220601
