-20	2.617121701317995
-19	2.499469376685119
-18	2.4681565626098863
-17	2.36805209614252
-16	2.2252091461646755
-15	2.143692876057231
-14	2.0473993302202245
-13	1.9050422550668893
-12	1.7433966451328746
-11	1.618772727898468
-10	1.4504529229316467
-9	1.2537860083867636
-8	1.0726739647883357
-7	0.9158363519727196
-6	0.7427483272571055
-5	0.6368040283417413
-4	0.48907288487261924
-3	0.37299908527266545
-2	0.30114827693074775
-1	0.21034890653016947
0	0.16869863647149055
1	0.12576676529736844
2	0.09805426263436053
3	0.07492316700874148
4	0.06035471413922004
5	0.046216667676354295
6	0.038681567154472386
7	0.03115278894602149
8	0.023343613925636966
9	0.018046464327111284
10	0.013520563115801406
11	0.008880233966854984
12	0.006350125146197193
13	0.004203764891851125
14	0.0030268271552784695
15	0.0021457457832864263
16	0.0016102048379495286
17	0.0012709188767231145
18	9.75426189440523e-4
19	7.789506038424454e-4
20	6.322270071399727e-4
