-20	0.1847512513211107
-19	0.14558216706427363
-18	0.11560945497553766
-17	0.09633122330114612
-16	0.0742892836017538
-15	0.05886370740450219
-14	0.04866261966096269
-13	0.038446452203704656
-12	0.031068693489809583
-11	0.02504605934747829
-10	0.01964093715484877
-9	0.01585338191635591
-8	0.01214295572308952
-7	0.009672297155334346
-6	0.007920381770347373
-5	0.00630992125161083
-4	0.004797836599663839
-3	0.003926275056988262
-2	0.0029612016165941044
-1	0.0025112288221533522
0	0.0019297920316778462
1	0.0015910592197980584
2	0.0012598601519315607
3	9.867495131071547e-4
4	7.830232046572315e-4
5	6.207844286275861e-4
6	5.174863306631249e-4
7	3.8500965711856124e-4
8	3.148887409919945e-4
9	2.3990419861055865e-4
10	1.9000702900271528e-4
11	1.5600593948686398e-4
12	1.243476897775982e-4
13	9.811741293085694e-5
14	7.544223078195839e-5
15	6.228484909166151e-5
16	4.865627119390464e-5
17	3.777130478906856e-5
18	3.065813023552871e-5
19	2.451474563667764e-5
20	1.923117592829262e-5
