-20	15.468778738750826
-19	11.829345327237808
-18	8.924844879065793
-17	6.688726950536401
-16	4.892173367671806
-15	3.6406377766132856
-14	2.6399305017418717
-13	1.904014808010578
-12	1.342767956276871
-11	0.9584118952378582
-10	0.6629388177965526
-9	0.4728587965018397
-8	0.3273984245408036
-7	0.2291536630897802
-6	0.1596013896551917
-5	0.11679894317634068
-4	0.08037647589187348
-3	0.06201147845175451
-2	0.04797006805124156
-1	0.03651493121728935
0	0.029185787885712723
1	0.022909757722427575
2	0.018926089836075344
3	0.014905273447551255
4	0.011944407218458405
5	0.009722742421704345
6	0.00766307738268499
7	0.006208008981121216
8	0.004922893233955063
9	0.003956613926823948
10	0.0031064106385665555
11	0.002500172856611915
12	0.001935235733189023
13	0.00154421256451418
14	0.001234233483137903
15	9.367298546409003e-4
16	7.884558667399838e-4
17	6.117417060723809e-4
18	5.127292175311326e-4
19	4.03640822293365e-4
20	3.215937572811092e-4
