-20	0.3481204292172417
-19	0.2876371438396623
-18	0.22692394960905848
-17	0.18078567965891953
-16	0.14782816331872659
-15	0.11926741755161982
-14	0.0919349180363189
-13	0.07550537748041536
-12	0.06054777234100478
-11	0.0496819528021155
-10	0.03880554961152422
-9	0.030830566170636838
-8	0.02553954696362058
-7	0.019773853805742276
-6	0.015308434187829695
-5	0.012155589939895404
-4	0.009769570341892823
-3	0.007693935915816835
-2	0.006141688940727401
-1	0.004899205554433824
0	0.0038905361609914506
1	0.0030570116326345126
2	0.0024575450204973085
3	0.00193591030417207
4	0.001516355902441819
5	0.0012454389115685255
6	0.0010391962303997924
7	7.715246289688876e-4
8	6.27875859053399e-4
9	4.8790886949048173e-4
10	3.938928775016179e-4
11	3.159750188818056e-4
12	2.4766351705918146e-4
13	1.9387938391629428e-4
14	1.4953083764809521e-4
15	1.2111020775740637e-4
16	9.918106515996188e-5
17	7.872231062073353e-5
18	6.298956311038504e-5
19	4.9148226291440025e-5
20	3.8976683845952956e-5
