-20	62.144534731818226
-19	47.84313183338352
-18	36.731297675732094
-17	28.32150082978565
-16	21.573040918252417
-15	16.639671675073124
-14	12.555805572380903
-13	9.481131109962874
-12	7.12467301037023
-11	5.255420083757191
-10	3.830858427365578
-9	2.799384549084026
-8	2.023486398444068
-7	1.5111897020222822
-6	1.0285390573665745
-5	0.7221005495400029
-4	0.5267771799158
-3	0.37555755364663207
-2	0.270767318539657
-1	0.18582883956943552
0	0.13329802277304428
1	0.10178218010237985
2	0.07678219521055173
3	0.05728473277230099
4	0.04551116170954855
5	0.035838582961140036
6	0.02927863764592502
7	0.023993323054549587
8	0.01876591178118197
9	0.015511796917909347
10	0.012377652999315683
11	0.009739846848346495
12	0.007714534881276809
13	0.006068026937402893
14	0.005014153368726205
15	0.003929472445936746
16	0.003148904822070592
17	0.0025114132355763554
18	0.001975808140271576
19	0.0015327979537901662
20	0.0012639261367643911
