-20	2.299078305273741
-19	2.234172260208968
-18	2.081107163816519
-17	1.9983838060717936
-16	1.8653848817888334
-15	1.7674601179842688
-14	1.5692678592467482
-13	1.4134448496961471
-12	1.2618716973939763
-11	1.1035978847646306
-10	0.9523258510125424
-9	0.7342154680596591
-8	0.6335898244061716
-7	0.4921013288202645
-6	0.3566569862099363
-5	0.2927376239972598
-4	0.22242333333176975
-3	0.17712132877837608
-2	0.13294496297140246
-1	0.10240575342056502
0	0.07986929703724524
1	0.0667865206103337
2	0.05274519852996168
3	0.04447351702750535
4	0.035615324038450726
5	0.03022109732878287
6	0.022223594452198767
7	0.016782773056120557
8	0.01166194525486113
9	0.007833569033127707
10	0.004646082428253949
11	0.002758527715664555
12	0.00165852441653965
13	0.0010307813777503082
14	7.312737556595632e-4
15	5.372246867249263e-4
16	4.1424685047297005e-4
17	3.1856074566346556e-4
18	2.4865719502742265e-4
19	2.0205703120865852e-4
20	1.5847060471492106e-4
