-20	8.787918933134677
-19	6.5944703032680945
-18	4.905408736997683
-17	3.6384557019174317
-16	2.655401302788537
-15	1.9270408046831857
-14	1.3869479291085036
-13	0.9996894943423247
-12	0.7074149579604857
-11	0.4928554042104842
-10	0.3341571363595093
-9	0.2337341074601266
-8	0.1579094888826361
-7	0.10952942769935489
-6	0.07100273112456468
-5	0.0465596520946616
-4	0.030099285794805773
-3	0.02116940448986742
-2	0.01470293695014916
-1	0.010285396484696594
0	0.007633356046992678
1	0.006129546578280836
2	0.0047560214592607
3	0.0038736150820395266
4	0.00311991983102688
5	0.002453986958243335
6	0.001933340947542921
7	0.0015350956033705271
8	0.0012272695343097113
9	9.509422911958534e-4
10	7.671089857065085e-4
11	6.244759864116006e-4
12	4.7423461725782187e-4
13	3.981373349663075e-4
14	3.104303519175629e-4
15	2.4661476009116366e-4
16	1.919288219550069e-4
17	1.569079992214869e-4
18	1.2493946233031828e-4
19	9.875710452478925e-5
20	7.829288779374327e-5
