-20	2.6185254280884505
-19	2.5155821390084085
-18	2.4412097141286626
-17	2.351924261786841
-16	2.2621956050481544
-15	2.1384658308498983
-14	2.0255016794782876
-13	1.8984399842819195
-12	1.7281141169493723
-11	1.5873023701871471
-10	1.3914941271813859
-9	1.2123507814187326
-8	1.0547724690949822
-7	0.878491700333865
-6	0.680463219781264
-5	0.5346810365321465
-4	0.37884130437242786
-3	0.2828264942030826
-2	0.18919537320073654
-1	0.1205517455450152
0	0.0820377020842241
1	0.052318720622113186
2	0.03854245816052319
3	0.02873875706316654
4	0.021471544974088756
5	0.016031058279334688
6	0.012586551775632919
7	0.010065692997477211
8	0.007952688495264482
9	0.006316289751161337
10	0.005104385008159008
11	0.00407585645636267
12	0.003169052814508555
13	0.0024889043508900025
14	0.0019757445655145998
15	0.001580515745288625
16	0.0012409542347746768
17	0.001008857056938642
18	7.917384813714389e-4
19	6.337058248432992e-4
20	5.046561157563779e-4
