-20	0.024334923278474717
-19	0.020311750086883563
-18	0.015202591426650418
-17	0.012337592945840256
-16	0.00956769110949589
-15	0.007672265553326534
-14	0.0062464892664610165
-13	0.00493353007381198
-12	0.0038776274997410426
-11	0.0031090615510525146
-10	0.0023901032319077558
-9	0.001955111596231365
-8	0.001546698831030766
-7	0.0012557810485634886
-6	9.72403528834081e-4
-5	7.685171516574985e-4
-4	6.225764241675893e-4
-3	4.7857421419649474e-4
-2	3.7519066695420136e-4
-1	3.068214993401781e-4
0	2.44508906875559e-4
1	2.0238891410864838e-4
2	1.5182297329736496e-4
3	1.225886668612878e-4
4	9.60025803140562e-5
5	7.923603381913782e-5
6	5.931412596468446e-5
7	4.849950885358815e-5
8	3.8410253380566135e-5
9	3.0669613135882825e-5
10	2.4498204697743248e-5
11	1.9460028849832123e-5
12	1.5665428062057717e-5
13	1.2112154678437814e-5
14	9.838829559870703e-6
15	7.710818595791986e-6
16	6.062419956518415e-6
17	4.978009160987386e-6
18	3.906386263769681e-6
19	3.0682246213257985e-6
20	2.4436586691697453e-6
