-20	0.25476636896775073
-19	0.2080346733255084
-18	0.15907990417585258
-17	0.12377934250192056
-16	0.10531274770494406
-15	0.08068005905964798
-14	0.06674131310417188
-13	0.05424649013503166
-12	0.04415416031445753
-11	0.03468890999072005
-10	0.02809485226497366
-9	0.021783919946981218
-8	0.01775719972438295
-7	0.014429961810614907
-6	0.011515855966870851
-5	0.009059561802013668
-4	0.007352354497758184
-3	0.006163186282882517
-2	0.005050888920616849
-1	0.004116821430991192
0	0.0032341992870112447
1	0.0026977081060574814
2	0.002124189726220292
3	0.0017716344333967811
4	0.0014073334876177092
5	0.0011926346547470703
6	8.89472038023466e-4
7	7.64396167151256e-4
8	6.069750054608613e-4
9	4.769522128374774e-4
10	3.8755387770067696e-4
11	3.0978542749689696e-4
12	2.462000071445168e-4
13	1.9663000909997527e-4
14	1.5821844513392512e-4
15	1.2763357094141916e-4
16	9.593603042080551e-5
17	7.913138904077668e-5
18	5.973248769391565e-5
19	4.790020935564107e-5
20	3.9466484327937535e-5
