-20	0.8622284634808841
-19	0.7056812782748363
-18	0.5536073306113389
-17	0.41989855752536487
-16	0.314768349612466
-15	0.23150065072188586
-14	0.1628894667691389
-13	0.11750542814705968
-12	0.08394559666943105
-11	0.06023163998692041
-10	0.04046708137056831
-9	0.02638468671788504
-8	0.020120544069141304
-7	0.014068462694592594
-6	0.009900943757546134
-5	0.006671725441391935
-4	0.004682178501646759
-3	0.0033315789194468324
-2	0.002411546630503846
-1	0.0017168551563768552
0	0.0012545591659971593
1	9.243166735561111e-4
2	6.920184935099951e-4
3	5.207917973237825e-4
4	4.2225354059554574e-4
5	3.112398676599563e-4
6	2.451197569519751e-4
7	2.0054819983927592e-4
8	1.5780816187157e-4
9	1.2227279652852303e-4
10	9.905615123273423e-5
11	7.570554996646383e-5
12	6.011524467179672e-5
13	4.7651216520315195e-5
14	3.8106760151193405e-5
15	3.024591414597308e-5
16	2.4286511032955218e-5
17	1.9239298845911152e-5
18	1.558032609828894e-5
19	1.241015907723531e-5
20	9.560273175660466e-6
