-20	2.606316272446537
-19	2.45418158961251
-18	2.3808988620650005
-17	2.2774914166423077
-16	2.138526168077248
-15	1.9986379525606768
-14	1.8875213067221084
-13	1.6630621480479648
-12	1.5309139791927757
-11	1.4168061708301893
-10	1.1465820634848036
-9	0.8957425200529479
-8	0.7345069867817415
-7	0.5148267632835355
-6	0.33982650261099473
-5	0.19420135732691649
-4	0.0986268940498567
-3	0.055074443202008126
-2	0.02733091481129042
-1	0.019178661485993568
0	0.010472362706194173
1	0.007745654694372254
2	0.005804352338628735
3	0.00414782306741239
4	0.0033753278576666864
5	0.0025519711017197885
6	0.0019569507486517828
7	0.0015325323043279793
8	0.0012236213508687102
9	0.001019213492890339
10	8.010316304013996e-4
11	6.410042520102242e-4
12	5.038853225769875e-4
13	3.9639620902031704e-4
14	3.128152160096731e-4
15	2.5726395423413055e-4
16	1.9568079528217505e-4
17	1.6073825778286762e-4
18	1.2547284667051246e-4
19	9.710562123918333e-5
20	7.849411291910804e-5
