-20	46.1445063069629
-19	35.202425053651886
-18	27.016066806968336
-17	20.498809353625166
-16	15.760012483928321
-15	11.76598007717233
-14	8.935594946596874
-13	6.7397022446369315
-12	4.999263691606772
-11	3.825624354484261
-10	2.7421232880085817
-9	1.993291154235587
-8	1.4310297070559626
-7	1.032340977282363
-6	0.7635501596116456
-5	0.5402456045062639
-4	0.3927846813930006
-3	0.2859581021218853
-2	0.22229873163103375
-1	0.15645834380543266
0	0.11679939297290716
1	0.09001927351802384
2	0.07105125819042091
3	0.05586016645430226
4	0.04712544113648097
5	0.038440464423847104
6	0.030031481918871856
7	0.023915717061715712
8	0.019406110221682017
9	0.015029737498498966
10	0.012094373754001395
11	0.01011051203658768
12	0.00782118887193772
13	0.006566412496475723
14	0.005185214996401726
15	0.0040402520620064514
16	0.0031843172068406938
17	0.0024913095376678496
18	0.0019717787890091852
19	0.001596031781786709
20	0.0013131413629518334
