-20	0.19821853965491393
-19	0.1550792627514072
-18	0.12031999251925656
-17	0.09404760407649751
-16	0.07686729153258087
-15	0.05884386292574288
-14	0.04452410582659037
-13	0.03655943980431334
-12	0.028489267173109373
-11	0.023192290402552777
-10	0.01893690107527898
-9	0.015021614950082087
-8	0.011591261583597261
-7	0.009577908853530716
-6	0.007686351710769504
-5	0.006326468374864804
-4	0.0052386240637423325
-3	0.004405445121091076
-2	0.0035124563872014733
-1	0.002917595735908635
0	0.0025873766651176118
1	0.0021952786040264067
2	0.001852470930516005
3	0.0015903876671384339
4	0.0013157693938950093
5	0.001104993730579358
6	9.184043279229187e-4
7	7.357440004887217e-4
8	6.062177810172009e-4
9	4.6218998178798517e-4
10	3.8639483999419483e-4
11	3.0741575282746276e-4
12	2.5037942362532e-4
13	1.9117984053248317e-4
14	1.6012400137294328e-4
15	1.2166657256917683e-4
16	1.0053640769083723e-4
17	7.70204710280087e-5
18	6.16908261869484e-5
19	5.1594361326333594e-5
20	3.958111333020116e-5
