-20	28.75861507281781
-19	22.310085925142065
-18	17.082830431057356
-17	12.854976251686816
-16	9.611336712562242
-15	6.993561750388819
-14	5.027364654701964
-13	3.4813805091184324
-12	2.349610555816601
-11	1.5578089963641164
-10	1.0186335230587675
-9	0.6431519569721237
-8	0.42075337369936633
-7	0.26449095676372325
-6	0.1604070022489571
-5	0.09445003809070583
-4	0.05349677225682244
-3	0.02939465729133358
-2	0.014810508900539008
-1	0.007365489425933126
0	0.0035275422284193384
1	0.0017057925566350439
2	9.137341243109717e-4
3	5.603654707286666e-4
4	4.125915709726935e-4
5	3.211396029745933e-4
6	2.4230662507953934e-4
7	1.9651636211210654e-4
8	1.5296220946115876e-4
9	1.261671536994649e-4
10	9.795754698402909e-5
11	7.799424285283212e-5
12	6.0906078424648255e-5
13	4.817195022737609e-5
14	3.768550098004718e-5
15	3.0203640238110292e-5
16	2.4843575531280087e-5
17	1.990337655016269e-5
18	1.548669317049547e-5
19	1.2290035042086274e-5
20	9.537951086015225e-6
