-20	0.051714424729594796
-19	0.04124088086012118
-18	0.03294920508132242
-17	0.02608126621335838
-16	0.020132212885614204
-15	0.016091619617009993
-14	0.01266206167209402
-13	0.010053347927159813
-12	0.00809245141732059
-11	0.0062405081461026635
-10	0.005001400618981177
-9	0.0039559222126157095
-8	0.0032149341262752095
-7	0.0024962424424052115
-6	0.002028909511411727
-5	0.0015783471545939049
-4	0.0012684892927215844
-3	9.989990322794488e-4
-2	8.112997015836937e-4
-1	6.31118614385797e-4
0	5.044016724525616e-4
1	3.943263476831188e-4
2	3.1283565433932184e-4
3	2.534759192300216e-4
4	1.9889564121836458e-4
5	1.577961793334194e-4
6	1.2512789176566242e-4
7	1.0052793549829504e-4
8	7.923252427707198e-5
9	6.27518427113659e-5
10	5.0996709655808406e-5
11	3.908978002304883e-5
12	3.118963716393658e-5
13	2.514303485911018e-5
14	1.969838235074824e-5
15	1.5678745912172196e-5
16	1.2738449775581099e-5
17	1.0013050930659444e-5
18	7.790821592885273e-6
19	6.238703594963902e-6
20	5.003387444123255e-6
