-20	0.10656412256949262
-19	0.07874597740949373
-18	0.06303458669620472
-17	0.048427763186997395
-16	0.03719286465091877
-15	0.027564943947742154
-14	0.021359606405138898
-13	0.015293242532925936
-12	0.0122995055137118
-11	0.00974259326732581
-10	0.008119937243473383
-9	0.006469562346025697
-8	0.005465030186030428
-7	0.004522102051438559
-6	0.0037525726639390015
-5	0.003562663218163572
-4	0.0029100648703976255
-3	0.002516826300634884
-2	0.0021352358382195793
-1	0.0018451786673236526
0	0.0015161071905173845
1	0.0013084637927075493
2	0.0010789582442092952
3	9.0592298128888e-4
4	7.315147106652471e-4
5	6.007934020294548e-4
6	4.754898461730991e-4
7	3.7973194096109627e-4
8	3.071210574755295e-4
9	2.4521027257538733e-4
10	1.9415330126080715e-4
11	1.6220318782198518e-4
12	1.268623322816027e-4
13	9.805592864320557e-5
14	7.950137793574322e-5
15	6.137611736204227e-5
16	4.9281962563285796e-5
17	3.999309605520157e-5
18	3.0311266275824217e-5
19	2.5180309076618746e-5
20	1.9140861209420597e-5
