-20	44.04369031925314
-19	33.885544953744436
-18	25.948673323381538
-17	19.746312269083088
-16	14.993838275924764
-15	11.302496286192559
-14	8.448577891343943
-13	6.269791662216439
-12	4.617414043988722
-11	3.3660910703201297
-10	2.4186854175176724
-9	1.7187291130147102
-8	1.2015139200774685
-7	0.8224706526653183
-6	0.5532029786094881
-5	0.3620954555912844
-4	0.23049065543749844
-3	0.1416973224245791
-2	0.08315311211640107
-1	0.046840408031356515
0	0.0249112693247746
1	0.012484051565682781
2	0.0057626429845656826
3	0.0024664117324967776
4	9.82249052538734e-4
5	3.986146613603888e-4
6	1.8090867264041792e-4
7	1.0668175185691476e-4
8	7.949099237275056e-5
9	6.009174645797688e-5
10	4.949919387467703e-5
11	3.910790766704483e-5
12	3.0354787157289753e-5
13	2.4866311413050514e-5
14	1.9166329716469343e-5
15	1.5301060114151475e-5
16	1.1892582672611307e-5
17	9.860791461400797e-6
18	8.170023343418701e-6
19	6.049617004823902e-6
20	4.896305180088703e-6
