-20	57.55943611014755
-19	44.32944055353928
-18	34.012087905765
-17	26.10312989309025
-16	19.923149172197007
-15	15.052542143708028
-14	11.354873322669421
-13	8.504061109509065
-12	6.30885352688026
-11	4.6293566735769325
-10	3.3883164535172736
-9	2.4493431502385414
-8	1.748245778481565
-7	1.2296738032759655
-6	0.8492861534154769
-5	0.5800632777556414
-4	0.3899296883639347
-3	0.2553861084260507
-2	0.16431299430078003
-1	0.10288128963170072
0	0.0633161295156369
1	0.03774874392890361
2	0.022796881385902374
3	0.013156787365469214
4	0.007541667626616601
5	0.0043850450697189725
6	0.002501862484920833
7	0.0014751786834992908
8	9.127398112474134e-4
9	5.830060077539349e-4
10	4.0269676281201263e-4
11	3.2130805710346054e-4
12	2.425054732988815e-4
13	1.993428551156462e-4
14	1.5767649448474773e-4
15	1.242565494959867e-4
16	9.721321113050452e-5
17	7.966613257394845e-5
18	6.152667502308148e-5
19	4.8174970496511215e-5
20	3.792783825490384e-5
