-20	1.2912119562162196
-19	0.9751249078703745
-18	0.7645702932349167
-17	0.5866189792738715
-16	0.4601154410261429
-15	0.33745922435180103
-14	0.2629862840639577
-13	0.2030395069557019
-12	0.14801510792535616
-11	0.1135878571278116
-10	0.08453958916917881
-9	0.06582867056344423
-8	0.05089550027480633
-7	0.04036444696882705
-6	0.032789476905888695
-5	0.027882557038414534
-4	0.02254332206966796
-3	0.02051753239951472
-2	0.017443724136184877
-1	0.014541794771495085
0	0.012958119932369385
1	0.010621299428806621
2	0.008787652725922792
3	0.007201221608345956
4	0.0060604881591771334
5	0.004973375537877636
6	0.003978281852507537
7	0.0031073264651011578
8	0.002465027908720383
9	0.0019416704512178764
10	0.0015771071323807603
11	0.0012159238962891055
12	0.001015171471101898
13	7.830227326616005e-4
14	6.138376571961941e-4
15	4.991193116184041e-4
16	3.9670429601352695e-4
17	3.0667323264953276e-4
18	2.4729574346674457e-4
19	1.9760441602267154e-4
20	1.6108525916418986e-4
