-20	0.17719563446490272
-19	0.13844270554215823
-18	0.10831924411169964
-17	0.08667168348249657
-16	0.06805326441249895
-15	0.056705459757570756
-14	0.04352772589167748
-13	0.03616500248391767
-12	0.028784015818422812
-11	0.022958463962659915
-10	0.018170003085048417
-9	0.01432526795080069
-8	0.011254685588825699
-7	0.009684385297715495
-6	0.007756290755705849
-5	0.006334135387821771
-4	0.005200673910943297
-3	0.004264773233416443
-2	0.00349787333075195
-1	0.0029596650991110278
0	0.0025034959385844217
1	0.002128340211709769
2	0.0018420125258275543
3	0.0015320097686782217
4	0.0013118550795448273
5	0.0011126193326677991
6	8.796439737937117e-4
7	7.522792515035179e-4
8	6.261372205115628e-4
9	4.904126787652847e-4
10	3.896516803715028e-4
11	3.110426169988948e-4
12	2.4064283189328023e-4
13	1.984960881708727e-4
14	1.5667074349247326e-4
15	1.2283114843239775e-4
16	9.602217919665778e-5
17	8.128995388179948e-5
18	6.357095829838654e-5
19	5.037233074247175e-5
20	3.831507470946146e-5
