-20	24.67651873038332
-19	18.46160506390832
-18	13.781678355357117
-17	10.10700654406892
-16	7.342865472090787
-15	5.235153001081159
-14	3.730039061235824
-13	2.650495456218877
-12	1.8639542810233394
-11	1.298471533194396
-10	0.885408370933586
-9	0.5926376802337482
-8	0.38757411239090067
-7	0.24599284064996033
-6	0.15105808423673492
-5	0.08887264767876277
-4	0.05021167604521337
-3	0.02667718924658549
-2	0.013284913826353602
-1	0.006160410095396836
0	0.002643487496645481
1	0.0010656781001175868
2	4.3281758759586297e-4
3	1.9530566714269374e-4
4	1.1473910827745883e-4
5	8.054517739584832e-5
6	6.060439510517689e-5
7	4.702951430431203e-5
8	3.827239285963397e-5
9	3.0271524945152846e-5
10	2.4563374990006567e-5
11	1.948122685565653e-5
12	1.5079071320659391e-5
13	1.229301019541814e-5
14	9.631829375631955e-6
15	7.886622663901814e-6
16	6.094721794937441e-6
17	4.893241502378555e-6
18	3.889595058272757e-6
19	3.1165017478382427e-6
20	2.4320001615638535e-6
