-20	55.89296975738599
-19	43.556096011138756
-18	33.853061576091385
-17	25.928776399646104
-16	20.002710087891028
-15	15.012249495567684
-14	11.471357905180552
-13	8.497203303235137
-12	6.310876047761376
-11	4.579510109135027
-10	3.3752870354056848
-9	2.422683717765835
-8	1.735770475802492
-7	1.2266609508928128
-6	0.8429583492716048
-5	0.5571721053985431
-4	0.3596994776604959
-3	0.214451502292337
-2	0.12433771599031761
-1	0.0657081136714085
0	0.03442633929095221
1	0.01728131412103171
2	0.008130136797534474
3	0.0036555483005819823
4	0.001668178314990456
5	7.44137834756431e-4
6	4.0733272772478494e-4
7	2.439198623721535e-4
8	1.7181983595639368e-4
9	1.2729192738569092e-4
10	1.002824385582052e-4
11	7.81317094877044e-5
12	6.262240610965756e-5
13	4.912641137771565e-5
14	3.928372830535305e-5
15	3.106655121414574e-5
16	2.4619522822663685e-5
17	1.9648645447588828e-5
18	1.5604075773468597e-5
19	1.2268735369066455e-5
20	9.766623999143222e-6
