-20	0.6864907882992898
-19	0.7411554276448461
-18	0.4497130938421214
-17	0.4110027838815582
-16	0.2550567276922542
-15	0.19977790072202528
-14	0.13542445959864485
-13	0.12067753524072733
-12	0.08759638058997654
-11	0.06201719764308713
-10	0.05485206703436139
-9	0.0443548072346249
-8	0.03328264311778527
-7	0.027474024148967185
-6	0.019068924512553483
-5	0.016678944468269438
-4	0.0126364678443357
-3	0.011233301678555224
-2	0.008591063045363355
-1	0.006214543386699238
0	0.004666115979195001
1	0.0037776112667456856
2	0.0031678763009815513
3	0.002481562935673205
4	0.0018271913204225669
5	0.001661564337322862
6	0.001193716148575597
7	0.001084550276387447
8	7.542615156337238e-4
9	6.849415994618207e-4
10	5.036821508496962e-4
11	3.891202566201546e-4
12	3.0690146977400674e-4
13	2.5470447358789456e-4
14	1.7750118093839338e-4
15	1.3667501666456095e-4
16	1.2999499890047886e-4
17	1.0643265235775182e-4
18	8.80337001893255e-5
19	5.997099909911024e-5
20	4.6974883824931354e-5
