-20	58.87212018358716
-19	46.397728196104495
-18	36.586339390821045
-17	28.900508168840325
-16	23.124595702114195
-15	18.031947023781402
-14	14.21223599693199
-13	11.071620284966311
-12	8.61851078870948
-11	6.732376237573955
-10	5.111336431746901
-9	3.953888495861301
-8	3.0549715325628197
-7	2.3067780305801806
-6	1.7401513674265414
-5	1.2909055122917494
-4	0.9521347115419271
-3	0.685825875252568
-2	0.5126974558627247
-1	0.3691049763404344
0	0.25603677403774394
1	0.1588032117025125
2	0.10502294248286789
3	0.05934106755535293
4	0.03096283888195337
5	0.017798729262763668
6	0.010817882268021417
7	0.0075922432928818865
8	0.005358811198640313
9	0.004085880710380782
10	0.003260021342321272
11	0.0024917242481534785
12	0.001977611672513405
13	0.0015710993670374992
14	0.0012882859574894383
15	9.96285634702894e-4
16	7.906759553755285e-4
17	6.290577016917171e-4
18	4.933880451953884e-4
19	3.8785858219319e-4
20	3.1022175330143367e-4
