-20	0.1266211976516642
-19	0.10079218439503923
-18	0.07737849541800473
-17	0.06265555045598452
-16	0.05174928627011078
-15	0.03959946123637635
-14	0.03267510695521915
-13	0.026446391389627
-12	0.021075674594412192
-11	0.01662255471751939
-10	0.013405854576265181
-9	0.010903599758450776
-8	0.008538817493930978
-7	0.007113913567395622
-6	0.005698761247083893
-5	0.004443431725723814
-4	0.0035622515173660252
-3	0.0029517137286454325
-2	0.0024513507367360924
-1	0.0018869918666015498
0	0.0015964868620547473
1	0.0013212659053792428
2	0.0010817303682703892
3	8.842316286097852e-4
4	7.227522406324601e-4
5	5.890465974000911e-4
6	4.671556053786392e-4
7	3.756751133032336e-4
8	3.048166996102672e-4
9	2.4941463914077047e-4
10	1.9353779695985277e-4
11	1.5568105075242653e-4
12	1.24340693678346e-4
13	9.78554002460579e-5
14	7.767615708330382e-5
15	6.270283755946671e-5
16	4.952566638300608e-5
17	3.8944336532022286e-5
18	3.061233911656477e-5
19	2.532917715749132e-5
20	1.9673411686563427e-5
