-20	48.258220870399434
-19	37.23119325918418
-18	28.577256214517348
-17	21.876714953176194
-16	16.672293579700668
-15	12.607614432457284
-14	9.518678768610696
-13	7.117221224248204
-12	5.279443522467259
-11	3.888873409318865
-10	2.8392127250795633
-9	2.0440137622198358
-8	1.4594874455342748
-7	1.0250614111535274
-6	0.7096288697321105
-5	0.4823055994777842
-4	0.3221564072954172
-3	0.2105405398217139
-2	0.1347207363514031
-1	0.08378507074049125
0	0.051005498109359886
1	0.030224331567064708
2	0.01728576520239618
3	0.009702644942744558
4	0.005262927905161488
5	0.002760638847388224
6	0.0013845746567106756
7	6.732891075606301e-4
8	3.1701118708657027e-4
9	1.515249052765126e-4
10	7.854374349755467e-5
11	4.7498446486802755e-5
12	3.342980605628272e-5
13	2.5882395902602833e-5
14	1.919494651749247e-5
15	1.5702100059288644e-5
16	1.2804477790466018e-5
17	1.0080741789473386e-5
18	7.907395269242005e-6
19	6.387122920559564e-6
20	5.027529301248855e-6
