-20	25.687375879452787
-19	19.59410417407353
-18	14.888890108464182
-17	11.003190792102593
-16	8.090574658646005
-15	5.831015113612677
-14	4.082033640335221
-13	2.86775255497459
-12	1.9562763530986453
-11	1.3240256958351415
-10	0.8931113309484179
-9	0.5924045875272157
-8	0.38405635042897673
-7	0.24421915718411483
-6	0.14950866604008012
-5	0.08895909196797047
-4	0.05068515511304656
-3	0.027570068480289103
-2	0.014141974371430745
-1	0.006938696954500535
0	0.0033381382936809294
1	0.0016062604349410172
2	9.173114189639231e-4
3	5.721221619249553e-4
4	4.138189339092065e-4
5	3.0108497942439116e-4
6	2.4264220445135894e-4
7	1.9080659972745017e-4
8	1.5353637689582964e-4
9	1.2106212474591698e-4
10	9.7045184634962e-5
11	7.773328817854331e-5
12	6.180735264184152e-5
13	4.916251277006499e-5
14	3.8963010454624226e-5
15	3.032988531720493e-5
16	2.4062545897100382e-5
17	1.969108793470874e-5
18	1.5074730068922146e-5
19	1.1980328387141815e-5
20	9.967183858376796e-6
