-20	0.01154287191407607
-19	0.008452182551570382
-18	0.006191696072553475
-17	0.004776608233318893
-16	0.003671626329174714
-15	0.002884425180588065
-14	0.0023554176518710574
-13	0.0020228375518245526
-12	0.001566608780670613
-11	0.0012924460339242118
-10	0.0010834508278209725
-9	9.094222543080775e-4
-8	7.502982300136573e-4
-7	6.250232018239461e-4
-6	5.101963158460492e-4
-5	4.4401368335279654e-4
-4	3.723407912073549e-4
-3	3.0687393407668106e-4
-2	2.69752950967908e-4
-1	2.2609433910991577e-4
0	1.9568690571448598e-4
1	1.636502596435718e-4
2	1.3987759760824712e-4
3	1.139531550040393e-4
4	9.155125742078956e-5
5	7.785141540038953e-5
6	6.095663109615529e-5
7	5.016411752314173e-5
8	3.758724889131329e-5
9	3.0424213536594367e-5
10	2.4498138206620846e-5
11	2.0268833225313314e-5
12	1.600999567280068e-5
13	1.1917349042446101e-5
14	9.68290862023616e-6
15	7.748552577004076e-6
16	6.10800359166288e-6
17	5.02790148817306e-6
18	3.9549697572855515e-6
19	3.043154074464939e-6
20	2.501538706276694e-6
