-20	2.5795364773848983
-19	2.4571259937196346
-18	2.3500058884501613
-17	2.272514418810336
-16	2.1557725577879663
-15	2.0002434385607315
-14	1.9394834044466842
-13	1.7402210676022565
-12	1.57775179681371
-11	1.4364293079024886
-10	1.2546610200705617
-9	1.0977611276693597
-8	0.9865899545207257
-7	0.8280911424039287
-6	0.6449863278672131
-5	0.5095377684335435
-4	0.4218061696485518
-3	0.31506107885302387
-2	0.24143955999088276
-1	0.18048818444892956
0	0.1381740989343379
1	0.10207173983444581
2	0.07661715282927194
3	0.05550906028320593
4	0.03935053640473784
5	0.026972476269628287
6	0.018358596975691453
7	0.013383320295073886
8	0.009192931315850349
9	0.006655834647268774
10	0.005165392385252164
11	0.003993927505382105
12	0.0032212426593065274
13	0.00254643953444201
14	0.002006909001533544
15	0.0015604972599581252
16	0.0013003689899493385
17	0.00100521720875426
18	7.96087121572189e-4
19	6.231388598555823e-4
20	4.977393356195857e-4
