-20	0.2712351460995473
-19	0.20790324885158276
-18	0.15483034880422797
-17	0.11942158623727292
-16	0.08754473172677761
-15	0.06404681835906342
-14	0.04931016653698476
-13	0.0369951510220121
-12	0.028730305568058397
-11	0.022762340625121977
-10	0.01821899327817379
-9	0.014731333770330327
-8	0.0121624502091563
-7	0.01032723836316101
-6	0.008678804280054745
-5	0.007392221701755011
-4	0.006158877133112114
-3	0.00524158239063766
-2	0.00437982499538572
-1	0.0037939181272164733
0	0.0032191961022288687
1	0.002666428175398768
2	0.002256268477992393
3	0.00180277527718513
4	0.0015158563416795747
5	0.001195452280823701
6	9.701477939658017e-4
7	7.862226910176464e-4
8	6.192902984340024e-4
9	4.859713574329213e-4
10	3.961416512715681e-4
11	3.1476248094012356e-4
12	2.4309021336481318e-4
13	1.8914462931368415e-4
14	1.5572202022620053e-4
15	1.2160990875592681e-4
16	1.0442517001663059e-4
17	7.868875074097307e-5
18	6.042845785570988e-5
19	5.098216047143918e-5
20	3.861409387820793e-5
