-20	2.350224775055493
-19	2.245934515953584
-18	2.178869334307217
-17	2.0287994789536974
-16	1.8779641335796664
-15	1.7935526254202814
-14	1.6376233906637052
-13	1.4518837845560237
-12	1.3020212433569796
-11	1.059638573452086
-10	0.9902434506162358
-9	0.8096033464395267
-8	0.6697065010051106
-7	0.5199565921075873
-6	0.4013134371773252
-5	0.3091088361217981
-4	0.22919848079987323
-3	0.17375763407702635
-2	0.13680102702806968
-1	0.10506518588004994
0	0.07839186373685926
1	0.06100281150543506
2	0.04426016139312975
3	0.03207950104821687
4	0.02255793033004292
5	0.015537851462907029
6	0.011098653759125034
7	0.007888741412923414
8	0.005590996207295076
9	0.004297003973240306
10	0.0032622469175603826
11	0.002489099332412223
12	0.002011928406467894
13	0.0015249685611636052
14	0.0012391063539533762
15	9.614147407407976e-4
16	7.512806662447882e-4
17	6.256462975381975e-4
18	5.014277027018153e-4
19	4.0783852076270194e-4
20	3.128842741445624e-4
