-20	38.48489571202956
-19	29.65316970749331
-18	22.374455730189606
-17	16.87358360952872
-16	12.71994845920382
-15	9.610220878608896
-14	7.175580959062625
-13	5.254930385865556
-12	3.808989024959923
-11	2.7324316082173046
-10	1.9801637326440058
-9	1.3535983386989077
-8	0.9633704972423873
-7	0.6450483852831138
-6	0.4331546948629546
-5	0.29062880002908775
-4	0.19971431343470555
-3	0.13075603392095794
-2	0.09360035310569631
-1	0.06645786529728237
0	0.055813854212085165
1	0.043597043346463686
2	0.035069468239166665
3	0.028873628112637967
4	0.02267045057011826
5	0.01962426534023065
6	0.01551067354198852
7	0.012356193916407979
8	0.009831521159280876
9	0.007799452589561657
10	0.0062263415254855
11	0.004820147353998722
12	0.003935711720041516
13	0.0030661517621803297
14	0.002500384868812431
15	0.002011665857337569
16	0.001601227157680001
17	0.0011950977445091228
18	9.888902307465786e-4
19	7.767497652904683e-4
20	6.418295517801992e-4
