-20	16.780130495028686
-19	12.879384801290099
-18	9.768129720679259
-17	7.358647481748269
-16	5.626070717913668
-15	4.219432710534909
-14	3.1813380373291684
-13	2.3800035760253313
-12	1.7440395707392087
-11	1.2931593396973746
-10	0.9368823212757336
-9	0.672614676215494
-8	0.48372237636939325
-7	0.3427417120785876
-6	0.2358893642067244
-5	0.16150070473777645
-4	0.10998270074036456
-3	0.0738569208135622
-2	0.047122741510076324
-1	0.030888160694618267
0	0.019192295849051348
1	0.012386342648650928
2	0.007460684930035495
3	0.00473314159247994
4	0.003148719391306073
5	0.0020178578249135386
6	0.0012803667163083508
7	9.524431764592263e-4
8	6.831584297125213e-4
9	5.071321333418841e-4
10	3.9899369545617734e-4
11	3.135634378722128e-4
12	2.4714978066115475e-4
13	1.9673936428645135e-4
14	1.5822382073316663e-4
15	1.276284971619932e-4
16	9.593578738515914e-5
17	7.913138688159309e-5
18	5.9732475086277484e-5
19	4.790020712968098e-5
20	3.946648435774157e-5
