-20	55.00190031526827
-19	42.70993245930775
-18	32.208292408821
-17	25.31688508166179
-16	18.695956250707813
-15	14.399237499256854
-14	10.655060511296776
-13	7.98136404604738
-12	5.9559759535010475
-11	4.305532471395052
-10	3.232038753955661
-9	2.3057920301243215
-8	1.5906488602508313
-7	1.1561270706525784
-6	0.7645570994297141
-5	0.4855755227580611
-4	0.2975222046936545
-3	0.17383559926179346
-2	0.10089843325142422
-1	0.0555588923287741
0	0.02919123027710519
1	0.01441165374147947
2	0.00671455617143243
3	0.0028244105420464167
4	0.0010833284418264076
5	4.2851624489108906e-4
6	1.457424362976975e-4
7	7.043804999541573e-5
8	4.780473228884341e-5
9	3.0250631760188e-5
10	2.4326625296362524e-5
11	1.9004525477218206e-5
12	1.6889074966674867e-5
13	1.1234324115153647e-5
14	1.0234950767637453e-5
15	8.260223446691485e-6
16	6.228940050421463e-6
17	5.19298411360428e-6
18	4.214178147313326e-6
19	2.9591971075283514e-6
20	2.3669200343859406e-6
