-20	22.469643972172552
-19	17.009047516333904
-18	12.808145271476478
-17	9.56623926667218
-16	7.093244542906247
-15	5.208274180777221
-14	3.790699667513801
-13	2.7276424986587235
-12	1.932802306876445
-11	1.349949509574065
-10	0.9253608883223368
-9	0.6200082806659367
-8	0.40592709156058515
-7	0.2582283326400819
-6	0.15839780292942265
-5	0.0931726402300859
-4	0.052575124776388975
-3	0.027792263807473516
-2	0.013714404199754652
-1	0.00629245395303077
0	0.0026431812726651666
1	0.001001711294817805
2	3.4925719345079895e-4
3	1.2705879051952721e-4
4	6.336126033023421e-5
5	4.040281822898629e-5
6	3.171885492860895e-5
7	2.4159709588950675e-5
8	1.9408352865524416e-5
9	1.5519525141581494e-5
10	1.2316114248321406e-5
11	9.786930980617439e-6
12	7.860807225108186e-6
13	6.27539019403484e-6
14	4.871718874044074e-6
15	3.7831056769465065e-6
16	3.0915723754001723e-6
17	2.5204028890281433e-6
18	1.9606188838461583e-6
19	1.520867551938715e-6
20	1.2524530591671935e-6
