-20	0.2674849951360604
-19	0.20124991339153805
-18	0.15631298894476892
-17	0.1257326317014678
-16	0.09899657670199935
-15	0.07496260867847541
-14	0.062144844680070206
-13	0.04970618341400283
-12	0.04059849510332197
-11	0.034465851587869425
-10	0.02637630374577684
-9	0.02199382132822602
-8	0.01774828576331874
-7	0.01445896923574613
-6	0.01132299292954102
-5	0.009624743738847743
-4	0.007974394898326496
-3	0.006227462224314014
-2	0.005330293191413624
-1	0.004089624598561966
0	0.0035373596290968175
1	0.002912373482491355
2	0.0023053581180192844
3	0.0019246001116384672
4	0.0015765530359861122
5	0.001238108224770228
6	9.293451088846555e-4
7	7.572151057454699e-4
8	6.209895381306353e-4
9	4.961564770514997e-4
10	3.829814149952925e-4
11	3.037151053459618e-4
12	2.5263619450527466e-4
13	1.922551764920259e-4
14	1.6192854942019308e-4
15	1.1971588232669999e-4
16	9.704681236548707e-5
17	7.496658537618119e-5
18	6.0316759272532525e-5
19	5.0080611825233734e-5
20	3.9654310062693826e-5
