-20	0.005911315437532429
-19	0.004832139736719621
-18	0.0036187070854763895
-17	0.0030304185855398067
-16	0.0024268406473446926
-15	0.0019260984450427596
-14	0.0014843912410191827
-13	0.0011760944543127588
-12	9.564643835348738e-4
-11	7.868324313630809e-4
-10	6.168343919378782e-4
-9	5.086063497803546e-4
-8	4.16216405552682e-4
-7	3.4575688230191156e-4
-6	2.7002931791311855e-4
-5	2.2121154038802217e-4
-4	1.8191760027280008e-4
-3	1.5746530895037773e-4
-2	1.2967871130205967e-4
-1	1.0484612393041827e-4
0	8.701560874652024e-5
1	7.436632544124539e-5
2	5.915179830536001e-5
3	5.102573059791952e-5
4	4.073132306522946e-5
5	3.3775702719418795e-5
6	2.7896677746738985e-5
7	2.3000502990278955e-5
8	1.8940467684136103e-5
9	1.51499038453803e-5
10	1.1746709897208152e-5
11	9.48004336171287e-6
12	7.4829305607008485e-6
13	6.009705173557628e-6
14	4.912547462049523e-6
15	4.002832663472941e-6
16	3.0836778937072344e-6
17	2.3956708997492915e-6
18	1.864830018707618e-6
19	1.5270430704930222e-6
20	1.2508000495681868e-6
