-20	65.33718360956527
-19	50.56961608332853
-18	39.22194656743272
-17	30.380470060060528
-16	23.1262108533534
-15	17.57305884686043
-14	13.219932890576281
-13	9.857165227220614
-12	7.258555437548687
-11	5.369956903383225
-10	3.918027726031324
-9	2.8127973210788912
-8	2.019124490178853
-7	1.4259811918194767
-6	1.007633902329241
-5	0.7020434686448087
-4	0.4810217669824242
-3	0.3311552944211269
-2	0.22537294100376315
-1	0.15385882192296593
0	0.10622618434551194
1	0.07471664623123628
2	0.05320288684071897
3	0.03578125790463133
4	0.02400875732198443
5	0.013832149715770802
6	0.006850415586244932
7	0.0029559898256378892
8	0.001303703914571245
9	5.733565291376475e-4
10	2.6960263870318493e-4
11	1.4352346491571956e-4
12	8.842039100136789e-5
13	5.885318195816508e-5
14	4.3952468938539355e-5
15	3.165747509536889e-5
16	2.4899391601408368e-5
17	2.0157181351188685e-5
18	1.536481323983731e-5
19	1.224711620245e-5
20	1.0100055238653554e-5
