-20	1.243361142584054
-19	0.9528317573750502
-18	0.7420957992090707
-17	0.5822432243649455
-16	0.43260526026631996
-15	0.32613347359634426
-14	0.25061179034801573
-13	0.20790922892188773
-12	0.15582676150948147
-11	0.12522264532150074
-10	0.10440577503257184
-9	0.08576332408907884
-8	0.0666123842412226
-7	0.055878115628312346
-6	0.04480278927216206
-5	0.03677095655353678
-4	0.028620465847337472
-3	0.023501240752267602
-2	0.01901846729191784
-1	0.015038618191351298
0	0.012982923046227312
1	0.01062063645981648
2	0.008533226091322092
3	0.00703372585831632
4	0.006201736090933796
5	0.004551224732521638
6	0.00386276704457633
7	0.0030598560463816604
8	0.0023326546930088495
9	0.001903516024960285
10	0.0015670329559284027
11	0.0012554621608367646
12	9.886362165670423e-4
13	7.931246597025583e-4
14	6.346545502877583e-4
15	5.078289509349444e-4
16	3.985701018041322e-4
17	3.0956099057337757e-4
18	2.5040814999798726e-4
19	1.9836506333679272e-4
20	1.660523239566199e-4
