-20	0.024870426073081466
-19	0.019787675950367505
-18	0.015592094285960633
-17	0.012325707398673613
-16	0.01003759335552188
-15	0.007502941399338252
-14	0.006125188405845846
-13	0.004723989337332004
-12	0.003809323040577683
-11	0.003050708943225822
-10	0.0024899277530474476
-9	0.0019318177004312453
-8	0.001562995236192385
-7	0.0012373171231191916
-6	9.660672837169468e-4
-5	7.374620747873166e-4
-4	6.138067000565473e-4
-3	4.6971272163640146e-4
-2	3.996350976815397e-4
-1	3.15317264934137e-4
0	2.4173677304173725e-4
1	1.9349815724679434e-4
2	1.588247303601057e-4
3	1.2247472206782078e-4
4	9.869830437337664e-5
5	8.066081214123088e-5
6	6.222282277060158e-5
7	4.721123331573722e-5
8	3.82395903284875e-5
9	3.1509245302954354e-5
10	2.4079380118135428e-5
11	1.9641702299485972e-5
12	1.5309526329581273e-5
13	1.191652592394883e-5
14	9.601962041386731e-6
15	7.5207517003121365e-6
16	6.13261868498753e-6
17	4.975951167861212e-6
18	3.711708762638851e-6
19	3.19992954989009e-6
20	2.4596844119296807e-6
