-20	0.008184875138312708
-19	0.0066292772973806195
-18	0.005298082051851659
-17	0.00422794706801718
-16	0.003388391896155638
-15	0.002695372053230045
-14	0.0021693251456920888
-13	0.0017385803444733103
-12	0.001370503356397009
-11	0.0011054218654424667
-10	8.698960377119105e-4
-9	6.823853179043968e-4
-8	5.744358708519359e-4
-7	4.6624418431478575e-4
-6	3.549218706083675e-4
-5	2.975499394069785e-4
-4	2.531304073856655e-4
-3	2.0336878338752786e-4
-2	1.5977695941803228e-4
-1	1.3323158082741954e-4
0	1.0872300319225112e-4
1	9.069028286136964e-5
2	7.015557063927734e-5
3	5.833112624654528e-5
4	4.702420144913395e-5
5	3.802723363928059e-5
6	3.060962102984449e-5
7	2.4166232863874253e-5
8	1.9320300486859392e-5
9	1.547038283233167e-5
10	1.2441347047540963e-5
11	9.945548515432167e-6
12	7.280392262632378e-6
13	6.293529993594293e-6
14	4.8749354342078374e-6
15	3.841571190598466e-6
16	3.0081226132081183e-6
17	2.410665395683535e-6
18	1.9560750157992733e-6
19	1.5357029666194574e-6
20	1.2517749306933097e-6
