-20	2.4132587321490284
-19	2.2641304479508557
-18	2.1588854554732078
-17	2.091672969380733
-16	1.8923679385155046
-15	1.8150129005454416
-14	1.6862542890103625
-13	1.4754126484238272
-12	1.3860941122024668
-11	1.2524248728543317
-10	1.0278471514213192
-9	0.8766881374724924
-8	0.7229535001313813
-7	0.594830406227648
-6	0.46687052100658866
-5	0.37983533461579955
-4	0.31216919035006413
-3	0.242870137775077
-2	0.16385811463867647
-1	0.112340517345138
0	0.07093437922448856
1	0.04101515458224758
2	0.018200680402650916
3	0.008116318877634207
4	0.004541657160484526
5	0.0027823514435009506
6	0.0016252171975450387
7	0.0011055273765395947
8	7.688027577797621e-4
9	5.226991802875521e-4
10	3.9782588340916367e-4
11	3.170199930070069e-4
12	2.4224430675222108e-4
13	1.913257701641613e-4
14	1.5738241704647734e-4
15	1.2491157802645963e-4
16	9.745767754299344e-5
17	7.841904649891566e-5
18	6.3708747576124e-5
19	4.950934691777426e-5
20	4.026274977155888e-5
