-20	0.6064621386838096
-19	0.4580724549491703
-18	0.3459542144285479
-17	0.2709494645441832
-16	0.20935771938567332
-15	0.15340867124200008
-14	0.112575855322846
-13	0.08614319883297383
-12	0.06431101610766354
-11	0.048336059451921695
-10	0.03850983398899467
-9	0.030119071590645967
-8	0.023591289521559238
-7	0.01950939984485876
-6	0.016607795504526845
-5	0.01469547158092951
-4	0.01214498538425909
-3	0.010376454305827147
-2	0.008506440411804189
-1	0.00758451392436242
0	0.00634478613398604
1	0.005204740850100717
2	0.004534070149971409
3	0.0035914132795084298
4	0.0029993488529036806
5	0.0024509559231197845
6	0.0019258880391783255
7	0.0015712711388385075
8	0.0011917177929549054
9	9.664716478702599e-4
10	7.768863698870274e-4
11	6.443404917128462e-4
12	5.006084797840862e-4
13	4.009539388652951e-4
14	3.112819683541706e-4
15	2.411564545812425e-4
16	2.0502455814567236e-4
17	1.5637078919485554e-4
18	1.2201984716711814e-4
19	9.915370124326816e-5
20	7.863554399116506e-5
