-20	46.884444567590116
-19	36.51920425951506
-18	28.885741305935138
-17	22.6789429358637
-16	17.79555285057456
-15	13.671744221613041
-14	10.601220151010384
-13	8.163011523361929
-12	6.3244934993398445
-11	4.738893075985612
-10	3.603062369174156
-9	2.672951607308006
-8	1.9904464376162323
-7	1.4328151455502338
-6	1.0204507788581463
-5	0.7375409570395985
-4	0.5240081026353001
-3	0.368047650464802
-2	0.2588452893859719
-1	0.18004739127214409
0	0.12448654229824481
1	0.08319583620798175
2	0.053814877633081515
3	0.03485668598232221
4	0.021831465017179637
5	0.013788852043349587
6	0.009959556919528907
7	0.007129874228866039
8	0.005307667577733283
9	0.004115649119971531
10	0.003225600610009541
11	0.0025328890248536577
12	0.002027873390302651
13	0.0015582446346817783
14	0.00124287872993434
15	0.0010011859129861352
16	7.624177695929248e-4
17	6.250195553248203e-4
18	4.8611166644715e-4
19	3.8749262389502556e-4
20	3.1215751634229116e-4
