-20	1.4363961347286
-19	1.058373130656764
-18	0.8217069918005853
-17	0.6037494949656707
-16	0.4631154913361146
-15	0.35429275856720477
-14	0.26216620091449994
-13	0.2061238769595584
-12	0.15895155662579402
-11	0.12693472043236764
-10	0.09778003112997787
-9	0.07999292904023071
-8	0.06421279516733597
-7	0.05658099902648155
-6	0.04653961025116278
-5	0.035657779112836054
-4	0.03034559453583932
-3	0.024862616848491836
-2	0.020217173055162165
-1	0.01667992077481231
0	0.013636889071795597
1	0.011464368615514116
2	0.009235369026086118
3	0.007587396222768232
4	0.006165899796869111
5	0.004973009429571687
6	0.0038631878055918564
7	0.0030590897703020713
8	0.0024053314760382485
9	0.0019229977427917485
10	0.0015757968264303774
11	0.0012353563620369791
12	9.873883617062533e-4
13	8.032290253728395e-4
14	6.062720200941549e-4
15	4.973651578437814e-4
16	3.9572693440691003e-4
17	3.1162112734278046e-4
18	2.4608487128952136e-4
19	2.014064151536676e-4
20	1.5920243453710462e-4
