-20	50.98763085439883
-19	39.13538601195537
-18	30.06907582917563
-17	22.95201723820823
-16	17.398577097408353
-15	13.109568976696202
-14	9.829143033630269
-13	7.316194765290874
-12	5.405779921765754
-11	3.9312583867487434
-10	2.8484854003372
-9	2.033508534728304
-8	1.4229523689958137
-7	0.9811879432227039
-6	0.6607169989581607
-5	0.43739231937434986
-4	0.2791578167486641
-3	0.17358869703510058
-2	0.10353265209305958
-1	0.05894424615498732
0	0.03259524920163903
1	0.016806555468558255
2	0.008444064387702364
3	0.0042508581390171205
4	0.0023718637004693766
5	0.0013938862385517482
6	0.0010084851759004242
7	7.582628780222272e-4
8	6.065975282402192e-4
9	4.822769836407195e-4
10	3.835063997128521e-4
11	3.1962857598005756e-4
12	2.5006457829050894e-4
13	1.901419576712913e-4
14	1.6041784375138884e-4
15	1.2324129232493656e-4
16	9.76790283764873e-5
17	7.706291409599096e-5
18	6.182222856679694e-5
19	4.9341535726389215e-5
20	3.939973634121857e-5
