-20	7.830800690524648
-19	6.010969198912913
-18	4.575581068410455
-17	3.4919915471121263
-16	2.582214429497742
-15	2.0030978029309505
-14	1.490907276337952
-13	1.133137486004345
-12	0.899829411478179
-11	0.7129095188079443
-10	0.5662626715006108
-9	0.436687037868484
-8	0.33954452027993376
-7	0.2852860836187256
-6	0.22601388330498898
-5	0.1756644627769545
-4	0.1481658967278253
-3	0.12163648453528508
-2	0.09563541622244918
-1	0.0771474938379235
0	0.060684193120070506
1	0.04828973021493936
2	0.03873318719205444
3	0.030902562790634268
4	0.024389259267149122
5	0.01972716392119425
6	0.01575216471015048
7	0.01196932019088436
8	0.009846064022033751
9	0.007637299593576087
10	0.006191759880008461
11	0.004983273954560448
12	0.0038890687548148385
13	0.0031947101486031406
14	0.0025126671304035275
15	0.0019439795844628587
16	0.0014811923818090866
17	0.001225186485497612
18	9.57967234659826e-4
19	7.824492191202578e-4
20	6.185209935569638e-4
