-20	0.3546091548398559
-19	0.2756252263168389
-18	0.19765700524868116
-17	0.12477831817162412
-16	0.07978933572502754
-15	0.04808233646832101
-14	0.024352739504043944
-13	0.016650423453088817
-12	0.011226261896469504
-11	0.006620115476885018
-10	0.004320534182138916
-9	0.0030489290318626385
-8	0.0018171816049974013
-7	0.0010587728333919344
-6	7.002938966453568e-4
-5	4.4384975229389353e-4
-4	3.377354873394613e-4
-3	2.1722054088993523e-4
-2	1.5065681636290332e-4
-1	9.811502285020859e-5
0	6.906367072356809e-5
1	5.030823881260802e-5
2	3.839952960815338e-5
3	2.7794277637840217e-5
4	2.0444003419114532e-5
5	1.6877527793886173e-5
6	1.2292602312535439e-5
7	1.0218981075141583e-5
8	7.786347876268241e-6
9	6.1998269597170705e-6
10	4.975799224673438e-6
11	4.068141492016007e-6
12	3.12905655841743e-6
13	2.3781595806566266e-6
14	2.028062972204219e-6
15	1.5112507932488351e-6
16	1.2461068265904e-6
17	9.619446077755082e-7
18	7.708651456202693e-7
19	6.347604481596782e-7
20	4.900168947327207e-7
