-20	0.7667439102651813
-19	0.7538619584590164
-18	0.7337835380306191
-17	0.7079592514122134
-16	0.684237939828582
-15	0.6307794767410954
-14	0.5912609873290898
-13	0.5404729239798671
-12	0.48889763551802845
-11	0.4130663510263995
-10	0.3244190131495798
-9	0.25399334763649134
-8	0.18673168103568155
-7	0.12594769494631297
-6	0.07389396441933016
-5	0.04632275671188752
-4	0.028143064611076914
-3	0.018147531125451227
-2	0.012166847334197893
-1	0.008226765237525238
0	0.005509641161529846
1	0.004074458424570454
2	0.0029116514520032403
3	0.002188894899468565
4	0.001667314690559671
5	0.0012204310417615598
6	9.929731672112371e-4
7	7.581451215335955e-4
8	6.218247545646645e-4
9	5.017327250801019e-4
10	3.928539635247792e-4
11	3.121280456895088e-4
12	2.4564422238612123e-4
13	1.8982953184489324e-4
14	1.5109741918796434e-4
15	1.2424971689333817e-4
16	1.0010919412413217e-4
17	7.66591395333987e-5
18	6.198276982604005e-5
19	4.866440828930079e-5
20	3.9070755047586584e-5
