-20	0.9519191244094445
-19	0.7331383523464495
-18	0.5722463998160645
-17	0.44494618060233526
-16	0.35258584459901016
-15	0.28258769986337634
-14	0.21359897712827877
-13	0.1668951776590248
-12	0.13214070972467748
-11	0.10132973345028058
-10	0.08468561819360869
-9	0.066446546981288
-8	0.05225799647390553
-7	0.04288433724036668
-6	0.033124037834133875
-5	0.029031898466019192
-4	0.0224829457809595
-3	0.01890953451868393
-2	0.01482264577945805
-1	0.012756773395928976
0	0.010717672672212446
1	0.008824432915196967
2	0.007648796908059466
3	0.006402033648353893
4	0.005617059333896862
5	0.0045061342164440035
6	0.0037533067529155494
7	0.002824047928531453
8	0.0023919948439331496
9	0.0019522289980850162
10	0.001586542298702068
11	0.0012525421659920382
12	9.76948779306179e-4
13	7.856690236538174e-4
14	6.214495425938189e-4
15	4.8632215432529156e-4
16	3.869744830886364e-4
17	3.103066163663062e-4
18	2.456347139867076e-4
19	1.9787325252134283e-4
20	1.582078568040294e-4
