-20	41.30511172503912
-19	32.78242976051143
-18	26.069985848506505
-17	20.970557779701334
-16	16.797167956706364
-15	13.253054427448054
-14	10.774453508165427
-13	8.586562268421181
-12	6.910598789511313
-11	5.6422622285613615
-10	4.516688445849754
-9	3.630667041527814
-8	2.883648558177927
-7	2.2987589376424613
-6	1.8933456058725464
-5	1.4398563801490114
-4	1.155065651900067
-3	0.9034166617467787
-2	0.7056276470412648
-1	0.5053733599276814
0	0.3617117903480697
1	0.2417558992706699
2	0.16794777263713945
3	0.10932773646660021
4	0.06217009872928713
5	0.031888953459865664
6	0.015310196708099733
7	0.00999946022009805
8	0.006424533154219941
9	0.0039860238937933406
10	0.003142611611244459
11	0.002469274297786417
12	0.001956685772297773
13	0.0015900560786510864
14	0.001226055479110423
15	9.928326416067028e-4
16	7.897405026157547e-4
17	6.133707382733353e-4
18	4.8323242338756806e-4
19	3.832589236448096e-4
20	3.178470984510491e-4
