-20	61.109113074043805
-19	48.035379556989874
-18	38.28487145869831
-17	30.262702410862687
-16	23.684677669497212
-15	18.45873047888093
-14	14.689577040113473
-13	11.167991684753334
-12	8.6125592044549
-11	6.701878823050264
-10	5.288837913646458
-9	3.9815629063489366
-8	2.9108234864109774
-7	2.332354455910521
-6	1.5925426471597546
-5	1.1772300640271034
-4	0.8596155689807177
-3	0.6298233124539494
-2	0.4167699386590716
-1	0.2804150029667909
0	0.1813295553271405
1	0.10041211018703934
2	0.04055654473381786
3	0.020458215574941836
4	0.01124260836492998
5	0.005088645460445491
6	0.003308848700971564
7	0.0023955971324338076
8	0.0016621364304727493
9	0.0013167910732052564
10	0.0010257415406479562
11	7.869069099044452e-4
12	6.526197686559607e-4
13	5.041172364715316e-4
14	3.933000607331474e-4
15	3.2017595748027027e-4
16	2.3954992239009012e-4
17	1.9642799327510254e-4
18	1.556594680328808e-4
19	1.2214750725276455e-4
20	9.985751301047303e-5
