-20	3.1878648926551754
-19	2.547613687446556
-18	1.8996129859415538
-17	1.4341199434002168
-16	1.0901426925878948
-15	0.8331205097901744
-14	0.6265265526760849
-13	0.45989244980511096
-12	0.35691818510847995
-11	0.2621787131380049
-10	0.2030976391721744
-9	0.165192583631982
-8	0.13182413168345253
-7	0.10535437537817806
-6	0.08503845697976073
-5	0.06861858105393738
-4	0.05866149771149467
-3	0.04809057091238542
-2	0.04069711926699489
-1	0.03381191689027662
0	0.02609070751310768
1	0.022180172568370397
2	0.018369432995699857
3	0.01513334901681746
4	0.01247915100301298
5	0.009691947133421938
6	0.0075912466830216204
7	0.0062165894026386765
8	0.004885367134888549
9	0.0040456351275041935
10	0.003097680734980604
11	0.0024770722904452758
12	0.001919358895989185
13	0.001556528108505057
14	0.0012478101573121655
15	0.001013485282071616
16	7.66997444516794e-4
17	6.380960137784678e-4
18	5.045057541809021e-4
19	3.83973714584075e-4
20	3.1339384730289215e-4
