-20	1.18246139682647
-19	0.9163965902435625
-18	0.7509949658180599
-17	0.5732983658431583
-16	0.43442123805862154
-15	0.3368999737158733
-14	0.26195987541263943
-13	0.199621394194864
-12	0.15402175304811067
-11	0.1151238755707319
-10	0.08856377699386996
-9	0.06471254979857861
-8	0.049750145689875964
-7	0.039012026009415474
-6	0.03226601254166117
-5	0.026884178961291996
-4	0.02311178276148255
-3	0.019400930903994144
-2	0.016838868554431875
-1	0.014284334036331512
0	0.012743401884285029
1	0.010510852429561573
2	0.008523442117001418
3	0.007089271744378845
4	0.006052319642061883
5	0.00500313648385165
6	0.0039293806358018935
7	0.003116590804611475
8	0.002407234320945164
9	0.0019117096085890448
10	0.001550154296922007
11	0.0012574615900733763
12	9.508491522453035e-4
13	7.842578927851201e-4
14	6.264753039683509e-4
15	5.000769058231294e-4
16	3.9479459281543836e-4
17	3.1306744633725783e-4
18	2.457695690949612e-4
19	1.9939205279564706e-4
20	1.5678661251234479e-4
