-20	0.21140870009318127
-19	0.16421156055757993
-18	0.12534675914443652
-17	0.10048490295561385
-16	0.07742555043766444
-15	0.05978573703104247
-14	0.0468732649328243
-13	0.03713952232800011
-12	0.029549227311832526
-11	0.024114380879860557
-10	0.018754010998901137
-9	0.015107810271145964
-8	0.01224423333669344
-7	0.010520415203158901
-6	0.008041603562677725
-5	0.00693606283521165
-4	0.005441364308824011
-3	0.004473539966010622
-2	0.0036845606142091574
-1	0.0031678834914528873
0	0.00263979020888254
1	0.002312492283104145
2	0.001868898650131105
3	0.0016274035025189034
4	0.0013419034838334494
5	0.0011243550146134039
6	9.004326327557521e-4
7	7.411611231782815e-4
8	6.142323008925008e-4
9	5.069808494612332e-4
10	3.8995193881278867e-4
11	3.1679384884248957e-4
12	2.450857371240863e-4
13	1.9707967335414551e-4
14	1.5384142636801662e-4
15	1.2101643127596749e-4
16	9.640345206750205e-5
17	7.822190704182423e-5
18	6.245604507632249e-5
19	4.7794895690190016e-5
20	4.0417845882120434e-5
