-20	0.09442565259467146
-19	0.07390572016696431
-18	0.05632608209650189
-17	0.04672869248656416
-16	0.03456220653380077
-15	0.028344255527509632
-14	0.022754907432603083
-13	0.01850962158951699
-12	0.014335995014821364
-11	0.011712909676187608
-10	0.009332852621000788
-9	0.007968555577315618
-8	0.006052604099568975
-7	0.005082020547210772
-6	0.004151426311855218
-5	0.0034435093952064366
-4	0.002805680010109801
-3	0.0024284963705708566
-2	0.001974504632087662
-1	0.0016880722169582538
0	0.0014088393457762623
1	0.0011580204134857
2	9.71307238541944e-4
3	7.993083893763223e-4
4	6.427389135501547e-4
5	5.328872196340934e-4
6	4.38891213425368e-4
7	3.478688411602251e-4
8	2.917847713720767e-4
9	2.36688039495635e-4
10	1.9275641921428954e-4
11	1.4881226828044347e-4
12	1.240014953632476e-4
13	1.0008977099743042e-4
14	7.665858328661893e-5
15	6.217066251897785e-5
16	4.824214992388464e-5
17	3.904667744331083e-5
18	3.190273821085755e-5
19	2.4847017359065687e-5
20	1.8944387632551173e-5
