-20	41.28422867781099
-19	31.608632710919913
-18	24.123796540807774
-17	18.338106911070746
-16	13.992706062236044
-15	10.492823287383018
-14	7.896642337636616
-13	5.91262102280055
-12	4.340390379310245
-11	3.2040723541432157
-10	2.3164273719936697
-9	1.6740052293158632
-8	1.1812810506756228
-7	0.833403427229385
-6	0.5880324608058446
-5	0.4004255149317613
-4	0.26852196644732523
-3	0.1828574583581741
-2	0.11840493205404545
-1	0.07887765905565866
0	0.05125122772974506
1	0.032750141011654556
2	0.02138758505449955
3	0.014267386797516738
4	0.009698162732401405
5	0.006763397822628053
6	0.0046521450825625105
7	0.003357351320112062
8	0.0025781089647718305
9	0.0020622144683973788
10	0.0015755738029344824
11	0.0012243272611823907
12	9.801755679868392e-4
13	7.616128525391899e-4
14	6.483275103597914e-4
15	4.96369596887874e-4
16	3.9829733256266196e-4
17	3.0573815101510706e-4
18	2.5063979355108285e-4
19	2.0249658146364644e-4
20	1.5352691079212715e-4
