-20	0.5882212845593624
-19	0.5299600781671433
-18	0.4628896330470925
-17	0.3899647762166073
-16	0.31321691366918875
-15	0.2462101102225077
-14	0.15873447358048093
-13	0.10765571764575216
-12	0.061930082266022785
-11	0.03427170475367267
-10	0.02236086456724704
-9	0.014433146352120577
-8	0.008306109633835511
-7	0.005632957008630089
-6	0.003597980019310301
-5	0.002331228037921349
-4	0.0015165988586278538
-3	0.001057746306274985
-2	7.113220062319288e-4
-1	4.7486361630949314e-4
0	3.550003450219604e-4
1	2.5347433817308427e-4
2	1.7553654171061162e-4
3	1.3074750608206272e-4
4	1.0431478868251287e-4
5	7.910998625890281e-5
6	6.119481925780268e-5
7	4.886335152267008e-5
8	3.847558023101334e-5
9	3.0217480513639023e-5
10	2.4321453891813423e-5
11	1.9868622549233197e-5
12	1.535079713991417e-5
13	1.2235782090971828e-5
14	9.517265037705841e-6
15	7.460242920885782e-6
16	6.097069501369939e-6
17	4.8144357710701795e-6
18	3.831909819849529e-6
19	3.284901810613781e-6
20	2.538570765901938e-6
