-20	2.553638884300052
-19	2.5239970869489063
-18	2.4140823558319973
-17	2.3199020265824735
-16	2.1817440366200334
-15	2.1204391103792277
-14	1.970683993553315
-13	1.8152768073367693
-12	1.6568035864085846
-11	1.5079094947869782
-10	1.3707608479205273
-9	1.2170376144068844
-8	1.0454322267714062
-7	0.8805154237211708
-6	0.7424110249374499
-5	0.5990494123066478
-4	0.48039105072385446
-3	0.38712013317880056
-2	0.29479664632048125
-1	0.21424501019874784
0	0.138567316508302
1	0.08534656319822961
2	0.038821428312206516
3	0.016817519911158374
4	0.007207413290501772
5	0.003548631495990022
6	0.0021455064800609894
7	0.0013890789052579586
8	9.534037808165664e-4
9	6.966060862111206e-4
10	5.211651322679961e-4
11	4.054279821537785e-4
12	3.161976990055761e-4
13	2.48906469941881e-4
14	1.9756808536286187e-4
15	1.605400757736067e-4
16	1.2240653915009933e-4
17	1.0019555885273374e-4
18	7.918942588860133e-5
19	6.241148636553131e-5
20	4.9602414952707175e-5
