-20	0.30512040327626205
-19	0.2238973052121034
-18	0.20842751947088875
-17	0.15249276538728243
-16	0.1115325460812523
-15	0.09291699964577682
-14	0.06860777435619517
-13	0.05547970099302988
-12	0.04427453240990884
-11	0.03922412814816259
-10	0.032033836554491414
-9	0.027427090831187325
-8	0.022579817066522713
-7	0.020672599642785155
-6	0.01603444417667571
-5	0.01304142665408813
-4	0.012151171672681893
-3	0.008980833121254743
-2	0.0076920586714643345
-1	0.00816773940988438
0	0.006271350253866737
1	0.005027396043536873
2	0.004242750382632887
3	0.003001469372742122
4	0.0022127098502209173
5	0.0015439596601726736
6	8.520330217219478e-4
7	4.1755271365936697e-4
8	1.780100207188902e-4
9	8.998865773385868e-5
10	4.974417483400514e-5
11	2.507493963378825e-5
12	1.5301078034435858e-5
13	7.671722949357976e-6
14	6.286081285298907e-6
15	4.098130465145233e-6
16	2.9789874170231996e-6
17	2.277741552265751e-6
18	2.1367907865457254e-6
19	1.6696049441102083e-6
20	1.298613454372074e-6
