-20	1.3046085380853196
-19	1.0771406564130952
-18	0.9526610724342217
-17	0.7436976920537257
-16	0.6142328280303586
-15	0.4783813118463557
-14	0.3722752010294329
-13	0.2878834552258051
-12	0.18977249898358836
-11	0.14649004309547461
-10	0.1008172548512082
-9	0.07239248213830381
-8	0.05441613039457968
-7	0.03780191057225367
-6	0.02884590275316033
-5	0.020940858811878623
-4	0.014571304853153359
-3	0.011208759288990405
-2	0.008226842544790738
-1	0.006141065519199619
0	0.004643515227248024
1	0.0033942385942437917
2	0.0026761108113286373
3	0.002048839626913225
4	0.0015948702122466302
5	0.0012469169772058634
6	9.714899752813309e-4
7	8.062461248505043e-4
8	6.104185863454964e-4
9	4.895170490314917e-4
10	3.8137899193905475e-4
11	3.0607582635971503e-4
12	2.468760683191394e-4
13	1.940889810922764e-4
14	1.5597831015156356e-4
15	1.2156817994467792e-4
16	9.900259257243987e-5
17	7.248150729112461e-5
18	6.30603688230678e-5
19	4.847844456246172e-5
20	3.973514086749652e-5
