-20	61.60484451897301
-19	50.55998515554589
-18	39.01715047828837
-17	30.512963352422684
-16	23.55760908295843
-15	17.972543138690863
-14	14.306870309998821
-13	11.100514811122272
-12	8.20017368768008
-11	6.075061738662122
-10	4.451210240980617
-9	3.30119303094573
-8	2.4787368821091555
-7	1.759419506075878
-6	1.2431616165109718
-5	0.8943750185401099
-4	0.5665763562739278
-3	0.4262415562210622
-2	0.2919887973435886
-1	0.21060947444165862
0	0.14460072640666005
1	0.11054015232588586
2	0.0786456536200229
3	0.05605206283437088
4	0.04564410940265232
5	0.033911151594892296
6	0.022898394296131178
7	0.015495362569016935
8	0.008246911102504723
9	0.0039488704140073
10	0.0022023742125134296
11	0.0013959347373997035
12	8.741615758302399e-4
13	5.763967886318702e-4
14	4.211217708443137e-4
15	3.503688377235953e-4
16	2.427602226544375e-4
17	2.0113514944400862e-4
18	1.6736985254246615e-4
19	1.2388581830956392e-4
20	9.800320808634815e-5
