-20	2.8737960692832827
-19	2.178531222274901
-18	1.6447110997351941
-17	1.2468438708382101
-16	0.9922563109138569
-15	0.6994041588647836
-14	0.5654768163483371
-13	0.46004174703524886
-12	0.3479366074097301
-11	0.27376545065235
-10	0.20280212304136727
-9	0.165056079351389
-8	0.13355127215168533
-7	0.10658208018896252
-6	0.08529039399790826
-5	0.07228514351798579
-4	0.0560085317467668
-3	0.0442003460975703
-2	0.03692802193340396
-1	0.031408882135755996
0	0.02520434750922481
1	0.020429942008738256
2	0.0167546796082951
3	0.01395678204616012
4	0.01090947259079333
5	0.00948110430319874
6	0.007583094010511421
7	0.006138418647488923
8	0.005087620877833724
9	0.003891206948951379
10	0.0031849020378639315
11	0.0024807703781232673
12	0.001960783337042909
13	0.0015508053177914355
14	0.0012632075072791992
15	9.603616527729525e-4
16	7.866005892936111e-4
17	6.025141710467431e-4
18	4.876308276580791e-4
19	3.8160338595008385e-4
20	3.2074669983309144e-4
