-20	3.06543301942442
-19	3.036502121435314
-18	3.0693455829491527
-17	3.0101190570701934
-16	2.982004804910284
-15	2.9546914763238195
-14	2.9221063762853565
-13	2.9100885065213977
-12	2.84181877520309
-11	2.773093345668936
-10	2.69524798374456
-9	2.6314552075254958
-8	2.479606978204025
-7	2.275775154395455
-6	2.2018864481820843
-5	1.985369578449685
-4	1.7081640161932445
-3	1.5426763828629197
-2	1.1958434758588412
-1	1.003882396308128
0	0.7825335716746049
1	0.5749437586387797
2	0.37004576411780893
3	0.2312580344221918
4	0.13799733122045743
5	0.06345433324351217
6	0.021611559016965248
7	0.011656897864800618
8	0.0017641521492486928
9	6.203598439911726e-4
10	5.141808608202504e-4
11	3.99512620835185e-4
12	3.143979099097751e-4
13	2.5215627447327025e-4
14	1.9983955726857807e-4
15	1.5837733458684333e-4
16	1.2295351387082645e-4
17	9.905249793212042e-5
18	8.08836025981499e-5
19	6.308487494311406e-5
20	5.12340779573465e-5
