-20	38.622231685959164
-19	30.684380863311212
-18	24.633485099227467
-17	19.656216120385984
-16	15.56394082516857
-15	12.378979303207588
-14	10.057925608295555
-13	8.08148488625919
-12	6.499522604003577
-11	5.196754271991416
-10	4.2596820822969805
-9	3.365476153406465
-8	2.6574396929746325
-7	2.1714137596669154
-6	1.6784767015771809
-5	1.370951390274249
-4	1.0316744883814044
-3	0.8475477880004059
-2	0.645533087779062
-1	0.4942146893585325
0	0.3841010284870895
1	0.24693864481360392
2	0.1763231387224101
3	0.08491211104353216
4	0.04391721492122386
5	0.0276950307178758
6	0.011051884033095368
7	0.007907177428262843
8	0.003232193296539442
9	0.0019925775620621014
10	0.0015245209311133291
11	0.0012411275669715193
12	0.001008045220616519
13	7.832163567545929e-4
14	6.298171018635897e-4
15	4.924159291807256e-4
16	3.960805976940323e-4
17	3.110857662644099e-4
18	2.505811144693169e-4
19	1.974068815274491e-4
20	1.5324662809331643e-4
