-20	50.25590372901739
-19	40.3801862231005
-18	31.13101606258314
-17	25.82488208246549
-16	20.03245666058701
-15	15.916366465052608
-14	12.506818351989978
-13	9.982471930064577
-12	7.94077889681899
-11	6.31398726981336
-10	4.910475223970728
-9	3.919281987964718
-8	3.1336915079207373
-7	2.5137601220191024
-6	2.0673258228832103
-5	1.5453085929387083
-4	1.2423984918441977
-3	0.9904352789933282
-2	0.7658675375285392
-1	0.6344288261822366
0	0.5080127042963619
1	0.40159053371444664
2	0.3107443831571283
3	0.25187424537491326
4	0.19903770378080266
5	0.16214607508136536
6	0.1255697996814684
7	0.10045394404526317
8	0.08040843617351318
9	0.06298212065757677
10	0.04945463511716759
11	0.040026849694520084
12	0.030876681745367215
13	0.024878577710003277
14	0.01948621371520872
15	0.016038436210103802
16	0.012670309776236054
17	0.010019145799836501
18	0.007949866912287072
19	0.006332683838271962
20	0.005019601241005081
