-20	15.565082266355414
-19	11.9412489610803
-18	9.160898860257895
-17	6.987637953525853
-16	5.312527121376599
-15	4.020835584746229
-14	3.024429930753816
-13	2.261653089460669
-12	1.6736988416279917
-11	1.234979710323374
-10	0.9013589826412808
-9	0.6501150679533759
-8	0.46451880117039407
-7	0.3269200588865006
-6	0.2268900037268314
-5	0.1546855976576856
-4	0.10386964453353133
-3	0.0684376532221206
-2	0.044178189145385356
-1	0.027930678159739507
0	0.017322546336447878
1	0.010524043901907537
2	0.0063619833657034735
3	0.0038387639353610233
4	0.002279463402823897
5	0.001373242142171325
6	8.276220550960868e-4
7	5.187020903390739e-4
8	3.3080891506307174e-4
9	2.1826435527847753e-4
10	1.4633153435501068e-4
11	1.023311643412887e-4
12	7.382556689033192e-5
13	5.449733481255581e-5
14	4.1435395054829763e-5
15	3.222726436668408e-5
16	2.5025305349099502e-5
17	1.9429658672166227e-5
18	1.597401502456335e-5
19	1.2784379938216537e-5
20	9.802256489541683e-6
