-20	37.94745893721619
-19	29.409554829973377
-18	22.79556113368915
-17	17.385108957828912
-16	13.340978599230157
-15	10.150165573381804
-14	7.504489828717193
-13	5.614668597343588
-12	4.138092247535465
-11	3.004375395047426
-10	2.18877738938533
-9	1.5720417195816023
-8	1.1096103174268381
-7	0.7789882647468785
-6	0.5350459850722281
-5	0.3656447867117628
-4	0.2487184610230896
-3	0.163238878940805
-2	0.1058397578194478
-1	0.06596436032393989
0	0.040791514678670225
1	0.024035430677790227
2	0.014529506322253178
3	0.00852987782336874
4	0.005391108717213777
5	0.0035703014657535183
6	0.002453074156792938
7	0.0017727332973184896
8	0.001325888846975119
9	0.0010206062739469624
10	7.833147922095482e-4
11	6.262848519957563e-4
12	5.000743051192442e-4
13	3.959237721669118e-4
14	3.161657969893798e-4
15	2.529289162049111e-4
16	1.9876467412226187e-4
17	1.5784691994860447e-4
18	1.2300029115368917e-4
19	9.848222288532124e-5
20	7.710267952312864e-5
