-20	46.14618054556565
-19	35.4018450441697
-18	27.108175509040407
-17	20.597500906079564
-16	15.802161497906697
-15	11.80416483627866
-14	9.012577712370133
-13	6.62928437561586
-12	4.951471880575976
-11	3.6101153228518124
-10	2.651971506998176
-9	1.9216284112402147
-8	1.362316565202633
-7	0.9742806735932543
-6	0.6625049844699356
-5	0.4753294713677289
-4	0.3215744369220464
-3	0.21673435221511808
-2	0.14970041523845215
-1	0.09979106542757998
0	0.06669981544600818
1	0.04508912361416974
2	0.03204805186171905
3	0.02114517447454181
4	0.015849987118133468
5	0.01111848620530783
6	0.00848144626177589
7	0.006472192275226668
8	0.00503318057083909
9	0.003979187909457684
10	0.0031220129537848505
11	0.002435729683219613
12	0.0019924995680321955
13	0.0015269932233115539
14	0.0012544281811122562
15	9.825347181112221e-4
16	7.907609184889936e-4
17	6.093596864427686e-4
18	5.124811465341455e-4
19	3.84696094850585e-4
20	3.11860722735618e-4
