-20	0.05196764911024859
-19	0.05150070861286631
-18	0.05188422898694373
-17	0.05128086428001875
-16	0.051943354044150736
-15	0.051163499925161254
-14	0.05187191916349235
-13	0.050965063401091804
-12	0.05173241189283418
-11	0.0517939946860456
-10	0.05262881916208698
-9	0.050221949795801
-8	0.0514382057750704
-7	0.05178547236281816
-6	0.051239644062763295
-5	0.05173858451061311
-4	0.050995460306706646
-3	0.0513547681037253
-2	0.050612119037232076
-1	0.04935634553247774
0	0.05016153501276712
1	0.04753761216947882
2	0.04461418835526486
3	0.039371391535934046
4	0.0280496516471417
5	0.01505587945137461
6	0.004955522359920574
7	0.001454652295234632
8	5.441846246519962e-4
9	2.172781543455527e-4
10	1.0477072082148214e-4
11	5.255400385304003e-5
12	2.8091127002714354e-5
13	1.7735316985687545e-5
14	1.1529122359380504e-5
15	7.951915643115271e-6
16	6.268623813249214e-6
17	4.8963419054509424e-6
18	3.873012061736863e-6
19	3.013079150833352e-6
20	2.423822129371217e-6
