-20	0.37219308448207333
-19	0.29474681291408444
-18	0.24023397762010495
-17	0.19564094215431804
-16	0.16447681080767518
-15	0.1339528317116701
-14	0.10851274957594757
-13	0.09164555617898253
-12	0.07612788718049245
-11	0.06400719994090645
-10	0.05258963191101635
-9	0.04231288517811747
-8	0.033627936480813164
-7	0.025470031674811655
-6	0.01976370290157175
-5	0.015000880843528075
-4	0.010830495085947314
-3	0.007402396588859971
-2	0.004612571584545006
-1	0.0031210618656979387
0	0.0018989907753059715
1	0.0011032795822002392
2	6.780068788780099e-4
3	3.963116787998714e-4
4	2.4390440722388447e-4
5	1.5235198845007256e-4
6	9.887839952648115e-5
7	6.517292718165771e-5
8	4.475721151366348e-5
9	3.2068210464334097e-5
10	2.5126325612577882e-5
11	1.9337246229589894e-5
12	1.530461925832647e-5
13	1.2642453244706839e-5
14	9.39769081145491e-6
15	7.452564516745851e-6
16	6.115735752013464e-6
17	4.895503607552896e-6
18	3.769232849408271e-6
19	3.0480834403952147e-6
20	2.3909471916582115e-6
