-20	49.605010386025036
-19	40.36235740752098
-18	31.724484975887876
-17	24.918275295541804
-16	19.995661686094177
-15	15.542344545781965
-14	12.549707997078638
-13	10.125224746188653
-12	7.880252255668298
-11	6.387250270849655
-10	4.998133851836313
-9	3.9957132036082497
-8	3.0961216703868444
-7	2.5473691073762574
-6	1.966753565074455
-5	1.5904658768225424
-4	1.2419466750517951
-3	1.0033790066336998
-2	0.8139284910235731
-1	0.6330005288850395
0	0.4959761449278943
1	0.3960354608812836
2	0.31451546092066707
3	0.24779554228570563
4	0.2010082087836425
5	0.15818825573111547
6	0.124356836416575
7	0.09866412796775173
8	0.07921315819379801
9	0.061671326626246026
10	0.049761727798088504
11	0.04012814075122778
12	0.031447503118016015
13	0.024836594037425736
14	0.019817073749566778
15	0.015848678208247605
16	0.012381667582452707
17	0.00975502220408071
18	0.007983003283839123
19	0.006197435390801975
20	0.005154388264105339
