-20	69.79237470607747
-19	55.0907210489838
-18	43.34644215466318
-17	34.27280931779341
-16	26.847270778325903
-15	21.045602278316366
-14	16.458670854831922
-13	12.825221666225787
-12	9.901130741930311
-11	7.66475277332774
-10	5.8324006799891475
-9	4.406183565323054
-8	3.2907655881321145
-7	2.437388763854406
-6	1.7885272843647428
-5	1.2935230830029956
-4	0.9235555260748444
-3	0.6498656623382333
-2	0.4644000934478461
-1	0.3315348692096623
0	0.23523873419583952
1	0.17501103926851222
2	0.13241817738956344
3	0.10084160643778754
4	0.07766793249797523
5	0.06039711614906147
6	0.04349169273540945
7	0.0280926567100672
8	0.014915135596100446
9	0.006758475057026279
10	0.0027937532744806994
11	0.0014531234321363837
12	9.07779719299967e-4
13	6.07581900158039e-4
14	4.3369037347730657e-4
15	3.2954821831619437e-4
16	2.540409654975074e-4
17	2.013118699995293e-4
18	1.5689262410311026e-4
19	1.2656962911846594e-4
20	1.0029264311821284e-4
