-20	47.92777597198406
-19	37.03114072953798
-18	28.352437701451052
-17	21.643353572832083
-16	16.47403723868336
-15	12.44430735933853
-14	9.36200770001237
-13	6.983189105263329
-12	5.1850353528504005
-11	3.7937696927695286
-10	2.782877941040414
-9	1.995586049866632
-8	1.4253563296687368
-7	0.9953571452213162
-6	0.6929433159464198
-5	0.4723601326159755
-4	0.3150848002171836
-3	0.20675385397860027
-2	0.1336089564697581
-1	0.08455361733019194
0	0.05215367009338058
1	0.031568573908228294
2	0.018779588232805063
3	0.010961655352655248
4	0.006581354964400598
5	0.003683433939818884
6	0.0021629695751648604
7	0.0013378690923577005
8	8.30158554891489e-4
9	5.636767619032661e-4
10	4.234202368102815e-4
11	2.999109527132021e-4
12	2.435057201891559e-4
13	1.965064243322958e-4
14	1.5622517571852105e-4
15	1.2381662692335e-4
16	9.816134883577389e-5
17	7.807248206773926e-5
18	6.211907438258687e-5
19	4.909234110663697e-5
20	4.080370320593748e-5
