-20	0.6584290600099952
-19	0.6019209017859112
-18	0.5668540438817581
-17	0.5009787080395869
-16	0.4234865159211533
-15	0.36849786894787717
-14	0.2920044815136147
-13	0.19184441111190373
-12	0.13652404800839882
-11	0.08637004497346831
-10	0.051058634818449834
-9	0.027577509787108646
-8	0.019051719792460054
-7	0.011691408477203938
-6	0.007747121428360991
-5	0.005026797616240564
-4	0.0030882441423194782
-3	0.002110492227338055
-2	0.001408666788799075
-1	0.0010094210367448838
0	6.717856520419732e-4
1	5.005390466938552e-4
2	3.429779427714341e-4
3	2.8131178252246937e-4
4	2.0435179203421913e-4
5	1.5788580952367232e-4
6	1.219780840434568e-4
7	9.886119247116959e-5
8	7.99642773012976e-5
9	5.945606743614843e-5
10	5.044315265275407e-5
11	3.861349220801746e-5
12	3.144854251025381e-5
13	2.5047242026336143e-5
14	2.0357601737083662e-5
15	1.6215960972276864e-5
16	1.2199167402699394e-5
17	9.485244049345384e-6
18	7.845216206024536e-6
19	5.910880590494996e-6
20	5.093565851688629e-6
