-20	49.79845907933517
-19	38.34907509228795
-18	29.378772696834936
-17	22.409969238898583
-16	17.000337154231914
-15	12.823951145056744
-14	9.595972958581742
-13	7.130288339689471
-12	5.255305369194405
-11	3.8301703750023037
-10	2.758531430432207
-9	1.9613373753153869
-8	1.3713840387655425
-7	0.9412371231653187
-6	0.6325650141902397
-5	0.41334008316313403
-4	0.2629771758260963
-3	0.16138393463274472
-2	0.09513028288805515
-1	0.053442044416027616
0	0.028311308079403387
1	0.014050048373806487
2	0.006497092950580989
3	0.002779220444702777
4	0.0011104105967599627
5	4.331681553020061e-4
6	1.8701200328589946e-4
7	1.0946164691060511e-4
8	8.091642712722252e-5
9	6.264062111107866e-5
10	4.9450194910967346e-5
11	3.9867313314704086e-5
12	3.172230257903063e-5
13	2.4859829002301797e-5
14	2.0086271573513e-5
15	1.5840801217100313e-5
16	1.2536924275643546e-5
17	1.0294425267816596e-5
18	7.937300345014722e-6
19	6.478147579598779e-6
20	5.2484584563744935e-6
