-20	13.709054689003507
-19	10.359832167155357
-18	8.087285465466683
-17	6.3103624314361815
-16	4.895472458184283
-15	3.8226332793881985
-14	3.0148962056575366
-13	2.339340952641842
-12	1.797779871228275
-11	1.3691996625739753
-10	1.0756428315084758
-9	0.8097653007949746
-8	0.6036788896327616
-7	0.46084488420401865
-6	0.3600028139944695
-5	0.2707742148464969
-4	0.2173149318543893
-3	0.16180574977470205
-2	0.13844723825788127
-1	0.11609565641297069
0	0.09507136037325928
1	0.08031101254490054
2	0.06510232734453306
3	0.05741766582500266
4	0.04574954453037775
5	0.03864802314327249
6	0.03149792137670345
7	0.024388837025899293
8	0.019594620718687984
9	0.015672072901188074
10	0.012151760190867878
11	0.009970770338517395
12	0.0077193726403784425
13	0.006335745408437978
14	0.004784816432004432
15	0.0040115430708216404
16	0.00321827525935405
17	0.0024135691681578153
18	0.001988770963922092
19	0.0015446705071593212
20	0.001244769729580792
