-20	1.2028006568726226
-19	1.0915438908522228
-18	0.933540546517745
-17	0.7204832271681819
-16	0.6039444024565516
-15	0.49589799577156984
-14	0.4322429895112955
-13	0.3464951002762267
-12	0.27189399478609644
-11	0.2386109025252847
-10	0.2007154452870615
-9	0.17102676794022256
-8	0.1442249834298681
-7	0.11212480586554915
-6	0.0851444764875828
-5	0.06347471158217315
-4	0.0382973605428749
-3	0.02252658121103423
-2	0.01275895429801571
-1	0.006037273651887087
0	0.0033623291215199784
1	0.0016839987606641718
2	9.07257961522342e-4
3	4.971339169893512e-4
4	2.8094891637325413e-4
5	1.6165040824958014e-4
6	1.0351882801299821e-4
7	6.717485610632676e-5
8	4.6235382858520996e-5
9	3.376303663257004e-5
10	2.563092060980396e-5
11	1.9672876199933095e-5
12	1.5749125741296933e-5
13	1.2187571098288687e-5
14	9.628138588639462e-6
15	7.731617413216769e-6
16	6.128513445420764e-6
17	4.869168493686261e-6
18	3.868732312055317e-6
19	3.0441599357045256e-6
20	2.4365483651083765e-6
