-20	40.39024518256662
-19	31.007901749711216
-18	23.690006808432184
-17	18.045922311420366
-16	13.680504360198517
-15	10.298387928581084
-14	7.697393689218524
-13	5.716995372176634
-12	4.216118335317948
-11	3.076048443093134
-10	2.220925164832903
-9	1.577961396009917
-8	1.1051801114256838
-7	0.7585921283188324
-6	0.5115322673658992
-5	0.33590612453390645
-4	0.21438629306766038
-3	0.13231734715676768
-2	0.0778185827761116
-1	0.04412727841210166
0	0.023607290783050083
1	0.011826036820261317
2	0.005627212095476972
3	0.002477552711756872
4	0.0010460045038346688
5	4.3992354613612037e-4
6	2.1764906893069447e-4
7	1.2343663666338644e-4
8	8.391725190416828e-5
9	6.186379679118043e-5
10	5.036593740743998e-5
11	3.8075901181216826e-5
12	3.1188068942656726e-5
13	2.4604454662469305e-5
14	1.907534559160863e-5
15	1.4760798030026073e-5
16	1.217043644368193e-5
17	9.797607534421245e-6
18	7.685842502539132e-6
19	6.119141444714262e-6
20	4.823295438039677e-6
