-20	0.04837343505664465
-19	0.037851724421275455
-18	0.03045522325763479
-17	0.0242145871405956
-16	0.018937997961018648
-15	0.015351176053521254
-14	0.012097596682619944
-13	0.009817529967280275
-12	0.007870236706946785
-11	0.006239684829788452
-10	0.005069894411645989
-9	0.0038656090762281756
-8	0.003080297597320787
-7	0.002438763026199402
-6	0.0019254053826400213
-5	0.0015483976921066075
-4	0.0012261567302696067
-3	9.674542576016961e-4
-2	7.58416735971649e-4
-1	6.32054002207377e-4
0	4.8335632641136544e-4
1	3.897655013991137e-4
2	3.0786332161916876e-4
3	2.4540952411274564e-4
4	1.9290059046687301e-4
5	1.5637981203967346e-4
6	1.2224815272590347e-4
7	9.89431786288216e-5
8	7.672948545749415e-5
9	5.854360866766933e-5
10	4.682987474423561e-5
11	3.8772091967725964e-5
12	3.121162210670401e-5
13	2.4286766380742465e-5
14	1.9002125909410734e-5
15	1.5478132416655223e-5
16	1.221798604648505e-5
17	9.88073318351738e-6
18	7.75460434089145e-6
19	6.145992920180749e-6
20	4.860281037982798e-6
