-20	2.8010598580973225
-19	2.7548533830759507
-18	2.681501440729929
-17	2.5477481176896353
-16	2.5030753831661676
-15	2.4507709845239676
-14	2.3440147203309682
-13	2.262707662489151
-12	2.1261707507827183
-11	2.027131665913466
-10	1.914577557985298
-9	1.7720629104840755
-8	1.5997047742195418
-7	1.3992146201380282
-6	1.2584249944024375
-5	1.0987954115936205
-4	0.9353771875015043
-3	0.813164120971141
-2	0.5924168478904951
-1	0.49754285848407764
0	0.40239376369101565
1	0.30860148717613295
2	0.22657822872300093
3	0.17370442407803247
4	0.1311008177541796
5	0.1059177138954013
6	0.08480555870197465
7	0.06909372109208232
8	0.05405907272473809
9	0.039729464715706125
10	0.02648580146693726
11	0.018590901237828673
12	0.010737218849885028
13	0.0065032053802037805
14	0.0037899480227368094
15	0.00239080196971941
16	0.0016011523005436726
17	0.0012515769545399505
18	0.0010180150995845966
19	7.813554222913207e-4
20	6.167106393085911e-4
