-20	1.4707828002265666
-19	1.018567902531658
-18	0.8843343560243871
-17	0.6490141527055169
-16	0.6609689730671452
-15	0.31135311097843077
-14	0.1928899921157923
-13	0.13265031149309475
-12	0.02213190189705717
-11	0.01563768742337799
-10	0.009944025198821682
-9	0.007070587981322453
-8	0.004483418260447291
-7	0.0024441872568845063
-6	0.0017440138146622604
-5	0.0010993539003335945
-4	7.533912864831853e-4
-3	5.247948540707711e-4
-2	3.57403619296422e-4
-1	2.249079768619903e-4
0	1.7946342233481408e-4
1	1.2404798342783297e-4
2	8.687370189250249e-5
3	7.184603266062058e-5
4	4.753559847960686e-5
5	3.970867041290305e-5
6	3.2046051596127894e-5
7	2.335815097502676e-5
8	2.1158608301335603e-5
9	1.466741090044222e-5
10	1.3174289213244524e-5
11	1.0253136958746676e-5
12	7.916208250153006e-6
13	6.58471740950828e-6
14	4.4985881630261385e-6
15	3.911976246619284e-6
16	2.5164342449665615e-6
17	2.4413730505273224e-6
18	1.7354829075687662e-6
19	1.601832902739778e-6
20	1.2530098119762383e-6
