-20	8.030891830347098
-19	6.195419690809816
-18	4.584038024015137
-17	3.3586479582420274
-16	2.611044860224313
-15	1.9437344637801703
-14	1.4746627568393087
-13	1.1215307155074492
-12	0.8913874967364882
-11	0.6640672825086544
-10	0.5575617596230817
-9	0.424186089211115
-8	0.34588875951119774
-7	0.2911805462601735
-6	0.21973263739137378
-5	0.18486473714303958
-4	0.15256055871281268
-3	0.1216219218774641
-2	0.09477702508902654
-1	0.07646459395848214
0	0.06211060624644838
1	0.04830620077386949
2	0.039796187086627695
3	0.030835032281015397
4	0.024487968634337807
5	0.01938823687559067
6	0.01578261099805044
7	0.012549270219406595
8	0.010053084709034103
9	0.00800168363900238
10	0.006190453894385517
11	0.004924973054742736
12	0.003929437177321994
13	0.003059183611349304
14	0.002565941830306245
15	0.0019816023643292034
16	0.0015845276223187105
17	0.0012969008353765437
18	9.625867002182836e-4
19	7.982516476930979e-4
20	6.316739527179833e-4
