-20	67.32782873732938
-19	52.82856389950289
-18	41.65224467015134
-17	31.9233956925143
-16	24.87346058192526
-15	19.032583084242866
-14	14.457430232943429
-13	11.000423954710548
-12	8.220828585595436
-11	6.108367652925088
-10	4.4977997924031925
-9	3.2322746150972796
-8	2.3526574484235367
-7	1.6452426038873336
-6	1.1458711341980652
-5	0.8051966150799593
-4	0.5641106810894931
-3	0.38876151750537297
-2	0.26768712560285085
-1	0.18920150211631412
0	0.12954538247023645
1	0.09817252949650045
2	0.07139118833400174
3	0.05146146406017429
4	0.038126044212414334
5	0.023459965878303693
6	0.01255420066224815
7	0.005612165281743255
8	0.002284817337758134
9	0.001038865321728783
10	5.210740553580724e-4
11	2.884722798663981e-4
12	1.775026893486485e-4
13	1.2014513321305606e-4
14	8.4647815080972e-5
15	6.335780500679275e-5
16	4.924294063710532e-5
17	3.886969617670703e-5
18	3.105069692008496e-5
19	2.4317966803976182e-5
20	1.915570356175193e-5
