-20	12.76336158263832
-19	9.842786655765776
-18	7.9223033909097795
-17	6.292571137196343
-16	5.045534496426496
-15	3.9815639193262284
-14	3.1288326459436746
-13	2.470521659277263
-12	1.9861211335639222
-11	1.5983580801601458
-10	1.252340553774255
-9	0.9853747397195033
-8	0.7951957126197041
-7	0.6065661635533262
-6	0.5048070842144575
-5	0.39157623205000636
-4	0.30549728787295866
-3	0.248952146546707
-2	0.19903304003768127
-1	0.15919528189638757
0	0.12653796600650388
1	0.10042332058931118
2	0.07902818835087126
3	0.06208057826911445
4	0.050234471102186214
5	0.04028887905511989
6	0.031030275287138066
7	0.024675140437080398
8	0.019896950308468397
9	0.0157942131314797
10	0.012691087153967632
11	0.010134460921470315
12	0.007926193119465661
13	0.006247190159444937
14	0.005009734810089059
15	0.0039667562565432885
16	0.0031086121404044656
17	0.0025215344163009735
18	0.0019391588219230186
19	0.0016022953969091122
20	0.0012306114531133057
