-20	0.20573442377444753
-19	0.2069996157538327
-18	0.20356587194260337
-17	0.20276232534212404
-16	0.19917516089102524
-15	0.2085620089127284
-14	0.20478550109529298
-13	0.20786951623003538
-12	0.20584271562976614
-11	0.2054510860465693
-10	0.19846283983440602
-9	0.19470824581658336
-8	0.19361102555472193
-7	0.1908229184765852
-6	0.18315871675030826
-5	0.1688160506033435
-4	0.154693551909425
-3	0.1281684482871873
-2	0.10135836773047786
-1	0.07307430023612638
0	0.03985049536669926
1	0.018854677452230163
2	0.008818975834325416
3	0.004687417790796757
4	0.002416217040417666
5	0.0014169991709821839
6	8.175647159155369e-4
7	5.570243153341005e-4
8	3.7758747493248893e-4
9	2.762267956828901e-4
10	1.999652039065351e-4
11	1.534079767917984e-4
12	1.2014969678731208e-4
13	9.783841445944994e-5
14	7.637188383336655e-5
15	5.963259137960382e-5
16	4.820460608679021e-5
17	4.12039989182638e-5
18	3.107459400478019e-5
19	2.4162998475281523e-5
20	1.968162173091083e-5
