-20	52.755794129390466
-19	40.26511209201656
-18	30.969612032299786
-17	23.651306171332752
-16	18.11236108518028
-15	13.611135553078057
-14	10.266348333307533
-13	7.722142787439971
-12	5.687010860873728
-11	4.249342649871416
-10	3.072072247011286
-9	2.225984938732545
-8	1.5725511536490726
-7	1.1060728410063276
-6	0.779187457953605
-5	0.5328509487647481
-4	0.3599410701203059
-3	0.2356050261544249
-2	0.15516437401302238
-1	0.10126101813667038
0	0.06170244198558798
1	0.041981393773518616
2	0.02534080150692111
3	0.017267280937618118
4	0.010940933083960618
5	0.007341963240016039
6	0.004907779143600497
7	0.0035750257297929105
8	0.0027228390962541925
9	0.0019968612108127322
10	0.0015275685225992896
11	0.0012554687360338379
12	9.83335666237806e-4
13	7.93355179474221e-4
14	5.989085512546349e-4
15	5.170230641130641e-4
16	3.874249492250009e-4
17	3.1131567080616685e-4
18	2.429141733516926e-4
19	1.976154571013915e-4
20	1.5593054704644095e-4
