-20	87.69098489444144
-19	70.0268357425512
-18	55.644543803002904
-17	44.509201774664334
-16	35.00493949339273
-15	27.69686774032935
-14	22.775602889814905
-13	17.625046647112413
-12	14.101647954537752
-11	11.181040334779158
-10	8.89792870836437
-9	7.051701857069056
-8	5.618444786938655
-7	4.502276626951538
-6	3.656872863014642
-5	2.8422745418021096
-4	2.278014145857256
-3	1.82425243003617
-2	1.439001743597245
-1	1.1332421881080086
0	0.923186889198348
1	0.7201554702817061
2	0.5761524696354708
3	0.4351802798241782
4	0.3520307652305202
5	0.2691560393246977
6	0.213534260992081
7	0.16773686960073333
8	0.1357356080646933
9	0.10301545069497654
10	0.08538437582118295
11	0.06335233897310642
12	0.05084287733276417
13	0.03822087566159893
14	0.027405675604926533
15	0.020025596679482463
16	0.014276496876013935
17	0.011024350755014374
18	0.008159275440979531
19	0.006248035497657608
20	0.004883126251315768
