-20	49.84893691903543
-19	38.34703745659728
-18	29.374822929829254
-17	22.38552420302347
-16	16.993564442281222
-15	12.828648462384495
-14	9.61081656493532
-13	7.134513103891598
-12	5.2475619591367835
-11	3.8230139794374582
-10	2.75913389469605
-9	1.959744030703793
-8	1.3704611299797291
-7	0.9397040359563765
-6	0.6320228050564204
-5	0.41452048839088357
-4	0.263105838039077
-3	0.1610930256467988
-2	0.0952310404175153
-1	0.05325119319770695
0	0.028271062294784207
1	0.014052318499133512
2	0.0065257744742929094
3	0.0027707502003737057
4	0.0010950694789113428
5	4.2995399939166383e-4
6	1.8966293260789288e-4
7	1.1113297504111628e-4
8	7.738538797306553e-5
9	6.345288622019956e-5
10	4.543664081011905e-5
11	3.7631977029184946e-5
12	3.119452473137131e-5
13	2.42409643347873e-5
14	1.9414836052356104e-5
15	1.565335496106269e-5
16	1.2123453867982084e-5
17	9.626047089159346e-6
18	7.712488988950678e-6
19	6.167437518432467e-6
20	4.742734398527398e-6
