-20	0.0325107564183608
-19	0.026858481979518074
-18	0.021302873373255985
-17	0.01743508590438093
-16	0.013141470979773731
-15	0.010405949867649254
-14	0.008319585306721156
-13	0.006969833526569934
-12	0.005396379817176118
-11	0.004151048228322451
-10	0.0034225033089753673
-9	0.0027800840052584707
-8	0.0021084680976005184
-7	0.0015975774015875696
-6	0.0012777013263084596
-5	0.0011061716396975573
-4	8.50900215241828e-4
-3	6.446834825929039e-4
-2	4.8039401206826363e-4
-1	3.6608979130931164e-4
0	2.748734638183817e-4
1	2.0805201163146293e-4
2	1.478309677520015e-4
3	1.1034666875276542e-4
4	7.879324172363647e-5
5	5.464873188864903e-5
6	3.833827760054174e-5
7	2.8354706696319475e-5
8	2.1558349462171883e-5
9	1.6495590959070782e-5
10	1.2517173971512052e-5
11	9.882985004468164e-6
12	7.44207790840663e-6
13	5.913885647965409e-6
14	4.875427004015103e-6
15	3.7305933359607344e-6
16	2.9926179439332252e-6
17	2.4973178084877644e-6
18	1.9116986374796763e-6
19	1.5441734044716765e-6
20	1.216134516515497e-6
