-20	58.73489232627976
-19	45.84604543379813
-18	36.3575483790324
-17	28.529194419281062
-16	22.329313532563024
-15	17.224893968447052
-14	13.332317006410108
-13	10.239801365580652
-12	7.993410631356387
-11	6.042805516458074
-10	4.5324577251803335
-9	3.333202900028693
-8	2.511475120038061
-7	1.7961903023668278
-6	1.3003044564891797
-5	0.9255638625109012
-4	0.6475124822019356
-3	0.44765756497468245
-2	0.29248794837225134
-1	0.19180175195957153
0	0.10589649369229778
1	0.05248598762856966
2	0.026787869400397
3	0.013177626356406265
4	0.006796749123652292
5	0.004138136786397954
6	0.0026651056271100233
7	0.0018475068422371323
8	0.0013440308507265077
9	9.878580294858782e-4
10	8.000068022807138e-4
11	6.202099388557222e-4
12	4.964488495167864e-4
13	3.923385860362333e-4
14	3.179165881122027e-4
15	2.4427575219504926e-4
16	1.9708980140197994e-4
17	1.567328605008072e-4
18	1.2509504177943742e-4
19	1.0095219243313868e-4
20	7.884209780558676e-5
