-20	55.73272942501178
-19	42.64789118463549
-18	33.07014120710787
-17	26.054060426156997
-16	19.59721647958958
-15	14.659045522526363
-14	11.409241824424424
-13	8.38286792917631
-12	6.097714084580044
-11	4.489663371585289
-10	3.3646105442886127
-9	2.3327321803052636
-8	1.7108781644595048
-7	1.1762369672087916
-6	0.8300569343293283
-5	0.5777553655531843
-4	0.40181928404727907
-3	0.2704019297216454
-2	0.18211877864490822
-1	0.12574361555384964
0	0.0870932142336533
1	0.05615269818533451
2	0.03867568657464955
3	0.027178733185528114
4	0.01877300054984714
5	0.012414554649887617
6	0.008068394997099314
7	0.0049362513666172956
8	0.0026845494092777433
9	0.0014680191292735288
10	8.052519470622141e-4
11	4.92424973630006e-4
12	3.4586539367878125e-4
13	2.3735633257033578e-4
14	1.6865896383540932e-4
15	1.3356223140714206e-4
16	1.1043730970894303e-4
17	7.768934471244616e-5
18	6.161249367990557e-5
19	5.164369102696719e-5
20	3.78357658816821e-5
