-20	2.57179680827809
-19	2.531556277383608
-18	2.385014975978397
-17	2.353119218635294
-16	2.195147138511379
-15	2.176035739389637
-14	2.0021645453053614
-13	1.8450324036542567
-12	1.69365121922667
-11	1.567511991788497
-10	1.4691816192706777
-9	1.2934538751914808
-8	1.123976134876821
-7	0.932968058004249
-6	0.8160632498171229
-5	0.6566482637066366
-4	0.5030859090659243
-3	0.40924058159666576
-2	0.29844198291522117
-1	0.23819899774408815
0	0.18211513580682478
1	0.14504958877691787
2	0.1165660076350934
3	0.09752440295762382
4	0.08225521984492318
5	0.06626613148308635
6	0.05125311387446207
7	0.03677872096014134
8	0.02271796839454108
9	0.010675186937780565
10	0.003959971750842284
11	0.0019812292169454357
12	0.001007556639305547
13	5.662371151136211e-4
14	3.768783499947418e-4
15	2.730230640169905e-4
16	1.9991373145566272e-4
17	1.5649038652925068e-4
18	1.2470773615422842e-4
19	1.0227409181888983e-4
20	7.814550248465586e-5
