-20	6.007500216338032
-19	4.5233102239506735
-18	3.401889097833028
-17	2.5273056864289605
-16	1.8716645614367204
-15	1.3655666526302361
-14	0.9943562660851436
-13	0.7138501578754999
-12	0.5089466302605115
-11	0.3521680216226336
-10	0.24497657917545307
-9	0.16544357336690513
-8	0.10953452635072713
-7	0.06984277908855996
-6	0.04386079981059088
-5	0.026382725383603717
-4	0.015540315502680507
-3	0.008786448906152865
-2	0.004806936597087308
-1	0.002656454470193145
0	0.0015477370551253702
1	9.268205071786387e-4
2	6.542028608530845e-4
3	4.7771915199248233e-4
4	3.8372666098369213e-4
5	3.068120809108169e-4
6	2.444850694781294e-4
7	1.9401026839142654e-4
8	1.550039145600681e-4
9	1.2385329153297278e-4
10	9.544839987467643e-5
11	7.690056123439461e-5
12	6.0936574403939005e-5
13	4.977611036661292e-5
14	4.0235684650447674e-5
15	2.956089529389275e-5
16	2.5050274795140485e-5
17	1.9382414594811856e-5
18	1.558194069328974e-5
19	1.2043559817323035e-5
20	9.826591951063512e-6
