-20	47.82981602194138
-19	37.20594732061721
-18	28.86149404959197
-17	22.02800724065936
-16	16.897333845937506
-15	12.76818663959733
-14	9.665381403991018
-13	7.19172206680894
-12	5.276113913535239
-11	3.8950754616544057
-10	2.8181236752922394
-9	2.0041628674297
-8	1.4288878841842108
-7	1.0207298332312325
-6	0.6884466961388761
-5	0.4718416500760221
-4	0.31773941788994414
-3	0.20228631232944094
-2	0.12494260211729973
-1	0.07403091764752763
0	0.04116942093359718
1	0.02250636826739796
2	0.011777192785152001
3	0.006455083960261066
4	0.0034487939902192624
5	0.0020022769452862025
6	0.001316108553715038
7	9.090080615842922e-4
8	6.765404876806317e-4
9	4.966954690198575e-4
10	3.8812878383259964e-4
11	3.1204187441595353e-4
12	2.448030702642053e-4
13	1.9615469757909343e-4
14	1.5495056350627905e-4
15	1.2720592243322285e-4
16	1.0061477081947671e-4
17	7.866150562791318e-5
18	6.10601008810139e-5
19	4.86489348002647e-5
20	3.8557676851207776e-5
