-20	60.64185458948027
-19	46.836437757420526
-18	36.279091657182626
-17	27.423414366974008
-16	20.93661332807233
-15	15.944964462209072
-14	12.040348582930191
-13	8.959607969833101
-12	6.677335306732545
-11	4.930687331217479
-10	3.613331115345166
-9	2.6132876200528723
-8	1.8641477939496454
-7	1.3165127399148837
-6	0.9202288429009569
-5	0.6365187684809883
-4	0.431742192144826
-3	0.2898749900607202
-2	0.1853970660177464
-1	0.11834786498381913
0	0.07623202283356009
1	0.04814455055238847
2	0.0304172672359398
3	0.019151299979680864
4	0.012460285263841558
5	0.008380295780844515
6	0.00565010157204085
7	0.003786906576441407
8	0.0028413536450482553
9	0.00209483057258562
10	0.0015737575118330753
11	0.0012222782099791422
12	9.885038045695292e-4
13	7.821225095946018e-4
14	6.258515294549804e-4
15	4.884876773172445e-4
16	3.852034213665977e-4
17	3.260453855635251e-4
18	2.487295090736207e-4
19	1.933822355004289e-4
20	1.5476477538964444e-4
