-20	0.03208352940745261
-19	0.02523811882746265
-18	0.019897181783411984
-17	0.016250553290200215
-16	0.013392057772153907
-15	0.010744727218455633
-14	0.008387436551566426
-13	0.006900096904864175
-12	0.005501932399275344
-11	0.00421003721816792
-10	0.0035162447320373487
-9	0.002835469802328947
-8	0.002240537839865161
-7	0.001891065694012341
-6	0.0015038116048246048
-5	0.0012112546878111478
-4	9.952137015988315e-4
-3	7.868597402260774e-4
-2	6.668309156542546e-4
-1	5.198041185484609e-4
0	4.347233501876123e-4
1	3.4382443579457524e-4
2	2.8923172697698196e-4
3	2.335677679658465e-4
4	1.9052559982672142e-4
5	1.5261861703161025e-4
6	1.2004140143492711e-4
7	9.703658564282713e-5
8	7.504177653175817e-5
9	6.062297996352426e-5
10	4.8994068529358084e-5
11	3.921565323837766e-5
12	3.159048318924001e-5
13	2.4150108120014516e-5
14	1.9275206920781187e-5
15	1.5275820901598937e-5
16	1.248397341226217e-5
17	9.885832675676116e-6
18	7.721995343066495e-6
19	5.936693037147385e-6
20	4.8064129639896826e-6
