-20	8.453772651948103
-19	6.355112357619368
-18	4.718010731755787
-17	3.5169467051335523
-16	2.531645140818322
-15	1.855852057056531
-14	1.348270833722082
-13	0.9518866022932269
-12	0.6685692844120944
-11	0.4707335641540479
-10	0.3252621533545513
-9	0.22254945182080518
-8	0.1467643339213965
-7	0.09853130095846442
-6	0.06346959281264607
-5	0.04144445321397241
-4	0.025380340466017566
-3	0.016460576421617076
-2	0.010592115673194876
-1	0.0071328365700654385
0	0.004690737757428802
1	0.00344074398461235
2	0.002506862589201283
3	0.002012596444079795
4	0.0015618743900446062
5	0.0012524713842727072
6	9.711030273238027e-4
7	7.696626023622271e-4
8	6.183413851017505e-4
9	5.019654642612443e-4
10	3.9831964169499294e-4
11	3.1019707368273137e-4
12	2.4735090671031503e-4
13	1.9308394046944156e-4
14	1.5110331695209904e-4
15	1.233864642968697e-4
16	9.653234856107749e-5
17	7.603159894249811e-5
18	6.065275613140888e-5
19	4.9465018981931344e-5
20	3.891038904833414e-5
