-20	1.1333980615698054
-19	0.8874978953864587
-18	0.8102941207682065
-17	0.619276550900072
-16	0.5043439266267146
-15	0.3857980713082462
-14	0.28866848615604035
-13	0.21144066675533882
-12	0.17431564132953453
-11	0.13633281464719127
-10	0.10417982527801492
-9	0.08251834093727811
-8	0.06751339306961714
-7	0.05619648006141864
-6	0.04462114362288425
-5	0.03782916884358604
-4	0.030057150244499974
-3	0.025179503518413186
-2	0.02114916485533716
-1	0.017506203152752482
0	0.014495452607574998
1	0.012687753300919499
2	0.010463138860836664
3	0.008537111971559552
4	0.007025319557217107
5	0.00507102960133091
6	0.0033344337273864782
7	0.001993838743723522
8	0.001107883600046221
9	5.928330734419356e-4
10	3.1190526062923316e-4
11	1.7744729553826705e-4
12	1.0491034887966177e-4
13	6.561410222642424e-5
14	4.676284445545262e-5
15	3.348333281777478e-5
16	2.5686713121973298e-5
17	1.9898747543556534e-5
18	1.5262265381550425e-5
19	1.2648404639604802e-5
20	9.67289925093964e-6
