-20	44.889416021121654
-19	34.783677622309916
-18	26.51608460435206
-17	20.14934822237929
-16	15.284519694093426
-15	11.58553087396533
-14	8.630229933492114
-13	6.391539782118821
-12	4.705840289543002
-11	3.4244391531357503
-10	2.4976541954044458
-9	1.7793504252682928
-8	1.2598101960807506
-7	0.8791166709429638
-6	0.6026861534698454
-5	0.4018216052076179
-4	0.2597658913944065
-3	0.1631399064819894
-2	0.09834141823190282
-1	0.056322297667532835
0	0.03082515352420063
1	0.016492719601238756
2	0.008339227028018906
3	0.0040852614859416565
4	0.001999663837098696
5	0.0011345925961587981
6	6.943136430985547e-4
7	4.599236543883121e-4
8	3.3296974393525364e-4
9	2.522181372081327e-4
10	2.0305914370759038e-4
11	1.5724059661821485e-4
12	1.2139349620519593e-4
13	1.0034052804994434e-4
14	7.571229560163819e-5
15	6.145748345076207e-5
16	4.922852568949372e-5
17	3.931904530663655e-5
18	3.15222084567278e-5
19	2.4708478699045435e-5
20	1.937248111256775e-5
