-20	2.527225086341029
-19	2.009426742711371
-18	1.5615455842277386
-17	1.176954648473856
-16	0.9243518239528894
-15	0.7385415741315207
-14	0.558077498598265
-13	0.4409674029802039
-12	0.33043915360805126
-11	0.252752560588677
-10	0.19716271910764807
-9	0.1539282120254292
-8	0.11522922830504922
-7	0.08792982740467731
-6	0.06782717834549476
-5	0.05455914652135659
-4	0.045060602198466804
-3	0.039349879885051356
-2	0.033094273527779966
-1	0.028259040589848235
0	0.02451469864686052
1	0.02046576191263774
2	0.017738147235184538
3	0.014071814438711413
4	0.011887456334032926
5	0.010016825597882098
6	0.007811183145957257
7	0.0061545459725566454
8	0.005025634560701987
9	0.003835773949811474
10	0.0030654879825737186
11	0.0024342300858136213
12	0.0019625193263782493
13	0.0016391647830290641
14	0.001220208045704846
15	9.927843863816994e-4
16	7.779444136881235e-4
17	6.150124672765851e-4
18	4.935584171838127e-4
19	4.010212376755753e-4
20	3.2161038574220386e-4
