-20	0.5085975301156305
-19	0.44639917754782155
-18	0.352276687054439
-17	0.27639626341378687
-16	0.20986654424636364
-15	0.13205650470439032
-14	0.07639544384938306
-13	0.04542391179339992
-12	0.027080182455936977
-11	0.01669552678041858
-10	0.011063532441695048
-9	0.006545934739251601
-8	0.004289858102116499
-7	0.0028022458806328194
-6	0.0017681510746242477
-5	0.001113850373985322
-4	7.871129618711442e-4
-3	5.358263672086257e-4
-2	3.5293240027471444e-4
-1	2.38752145210495e-4
0	1.734867047955978e-4
1	1.2589502310773976e-4
2	9.020746346437887e-5
3	6.532343621454993e-5
4	5.105432912404476e-5
5	3.960882909137126e-5
6	3.074626749820334e-5
7	2.3967599394710443e-5
8	1.9751785028164996e-5
9	1.604101465007483e-5
10	1.2178118028303112e-5
11	9.48898091083849e-6
12	7.5125000609066804e-6
13	6.179965795407063e-6
14	4.883666866290595e-6
15	3.7021109389168956e-6
16	3.1432370163008503e-6
17	2.416898460460914e-6
18	1.90216603897371e-6
19	1.5067402233163643e-6
20	1.2120211411606624e-6
