-20	52.70581796887679
-19	40.69628450447087
-18	31.231862818929006
-17	23.857928172552974
-16	18.197443434847553
-15	13.778481056628603
-14	10.388713449951386
-13	7.772760471094165
-12	5.763409951905571
-11	4.246557710098117
-10	3.094125362356614
-9	2.2338967846994318
-8	1.5942950924921604
-7	1.1197937522150259
-6	0.775646281471462
-5	0.5264498465085581
-4	0.35147898981132175
-3	0.22963624710911132
-2	0.1471156864712428
-1	0.09187897082851977
0	0.05555262517628463
1	0.03335073122624434
2	0.019191362324380925
3	0.010780156346119996
4	0.0059252463886637265
5	0.0031893319790906446
6	0.0016198792337074035
7	8.24391687503069e-4
8	4.107071511594917e-4
9	2.195965112529537e-4
10	1.264511325375563e-4
11	8.28960056714259e-5
12	6.606165901318302e-5
13	4.8121695689821616e-5
14	3.876264215521228e-5
15	3.1442207543961416e-5
16	2.4386868099215078e-5
17	1.976552526319937e-5
18	1.4997265939880856e-5
19	1.1696909643599058e-5
20	9.81619292059304e-6
