-20	61.65534829163004
-19	48.856637911215046
-18	38.404301571181364
-17	30.163085751790188
-16	23.48304186503486
-15	18.27190087601599
-14	14.065343611892683
-13	10.84315906990061
-12	8.289228285594078
-11	6.316850732450332
-10	4.764666251322321
-9	3.522440131903025
-8	2.5741053641969147
-7	1.8372069560471853
-6	1.340549892410108
-5	0.9301615410475017
-4	0.652617749870857
-3	0.45109683060795125
-2	0.3212159943515593
-1	0.22294117133445107
0	0.15991684696348712
1	0.11518221745088936
2	0.0873154082777312
3	0.0678083033476991
4	0.05238973116703229
5	0.03957433914928807
6	0.029168739499327658
7	0.0193773456979946
8	0.011309440466981341
9	0.006736288360525722
10	0.0035832118055064777
11	0.0021099879112139613
12	0.0013527865744930923
13	9.405785043577648e-4
14	6.773293175364329e-4
15	5.073001872527434e-4
16	4.024868881832745e-4
17	3.0779377271082377e-4
18	2.455544878661256e-4
19	2.000064853509377e-4
20	1.5601690882201922e-4
