-20	2.8150223461650627
-19	2.7689665092822713
-18	2.7542837388233763
-17	2.656211416177125
-16	2.4840799135361844
-15	2.4833993045333744
-14	2.357114727128632
-13	2.2729264278222634
-12	2.177874443080654
-11	2.0216293534311776
-10	1.8686060918143104
-9	1.755803622783144
-8	1.58001441738075
-7	1.4661800754062806
-6	1.1962927224437754
-5	1.1240354604828429
-4	0.95692510732932
-3	0.7554305398775859
-2	0.6302922380957958
-1	0.5104205828111485
0	0.3996017460659089
1	0.2984832824728061
2	0.2289956997897525
3	0.18417385868028768
4	0.14524764831645354
5	0.11784611994985937
6	0.09339501490585986
7	0.07285109742793633
8	0.056064114714447257
9	0.03991238618812664
10	0.024070173025373114
11	0.013658559292236916
12	0.005961805261855253
13	0.0030344266554717834
14	0.0017992809382714632
15	0.0010484680470966858
16	8.224558066034576e-4
17	6.280694107307408e-4
18	5.032220434786343e-4
19	3.9665940059894236e-4
20	3.086373296321542e-4
