-20	0.484583449754365
-19	0.358323604641425
-18	0.27158810512774095
-17	0.20021794896394754
-16	0.1467601571672335
-15	0.10802283886346709
-14	0.07528477739864854
-13	0.05462716068656946
-12	0.038708961658317304
-11	0.027450893525576236
-10	0.01955575408674818
-9	0.01408404745507091
-8	0.009553854647147515
-7	0.0067082055041894845
-6	0.004925717320419635
-5	0.003252092562283885
-4	0.0023735130053749187
-3	0.0017285865451632364
-2	0.0011690030776397727
-1	8.624484058721032e-4
0	6.265948749959919e-4
1	4.780978398075013e-4
2	3.561215803269181e-4
3	2.576001913517473e-4
4	2.0294058711148728e-4
5	1.5402916678959318e-4
6	1.1961573572174507e-4
7	9.917737158350941e-5
8	7.650898275744829e-5
9	6.060458214342177e-5
10	4.836743628823066e-5
11	3.836666311095499e-5
12	3.0137747464605235e-5
13	2.3902696353005727e-5
14	1.974136358865612e-5
15	1.5171346030233112e-5
16	1.2478292782598208e-5
17	9.439746542486767e-6
18	7.78123476164516e-6
19	6.226355219388013e-6
20	4.855941133770743e-6
