-20	1.1501548160807733
-19	1.0280019593653402
-18	0.8247525053803263
-17	0.6786039625315388
-16	0.5545438874257963
-15	0.47515237837740915
-14	0.3780942416349727
-13	0.2927808114375967
-12	0.23515083300163797
-11	0.18584920270092
-10	0.15866124778686613
-9	0.12577163146318
-8	0.10483210378933158
-7	0.08717311618117987
-6	0.07123731704005115
-5	0.05423731031314513
-4	0.03961137827495443
-3	0.02876038224013915
-2	0.01968834314698087
-1	0.012590160958726098
0	0.007617135509000434
1	0.004670994879899904
2	0.0028143235356476518
3	0.00160480832285775
4	9.350760314734669e-4
5	6.347544215253868e-4
6	4.03143612360695e-4
7	2.590960889426779e-4
8	1.813600816316032e-4
9	1.301355128413106e-4
10	1.0577730639633341e-4
11	7.965989233565444e-5
12	6.297927611866542e-5
13	5.1081383349112675e-5
14	3.680123064882174e-5
15	3.060240045091726e-5
16	2.4811056213204342e-5
17	2.0096965540179346e-5
18	1.602299108292826e-5
19	1.2290755405911452e-5
20	9.61332326756474e-6
