-20	53.78639811783716
-19	41.470399011437976
-18	31.66531951549591
-17	24.25969932459975
-16	18.36790020008195
-15	13.957348075475503
-14	10.432277427218802
-13	7.790445504793806
-12	5.731858546587305
-11	4.203135623540249
-10	3.0671558415196243
-9	2.218402473802718
-8	1.5758956248062423
-7	1.096293727799499
-6	0.7379043940241732
-5	0.4796247880580942
-4	0.2991831464613543
-3	0.18116705583681567
-2	0.1043669144858595
-1	0.05710642803303626
0	0.030197390701293562
1	0.014963506598611719
2	0.006950620686764567
3	0.003008933957471498
4	0.0012365177294268563
5	5.108935052898713e-4
6	2.321295220099063e-4
7	1.299454331089929e-4
8	8.859634579572981e-5
9	6.449542280430892e-5
10	4.9175161658318814e-5
11	3.843518063551826e-5
12	3.0970104840080434e-5
13	2.4903940141973567e-5
14	1.98198813298216e-5
15	1.5583554897283118e-5
16	1.2033638572660727e-5
17	9.698970416015427e-6
18	7.552387507674077e-6
19	6.088147663404746e-6
20	4.978804972968868e-6
