-20	9.957279577422854
-19	8.032226412722991
-18	6.321786609204969
-17	4.996643860308946
-16	4.022175429331741
-15	3.18881878357699
-14	2.4818642604487584
-13	2.0197946759502194
-12	1.5677770635369255
-11	1.2646221961195172
-10	0.9945766983317644
-9	0.8015208961375924
-8	0.6289823416773217
-7	0.49243249413974816
-6	0.3959063230058332
-5	0.3127616587089155
-4	0.2511675674698271
-3	0.20187714825059352
-2	0.1594208142527421
-1	0.12587170166136716
0	0.09916165277582574
1	0.0799131350695597
2	0.06274454502619722
3	0.04969157442235018
4	0.039847874225151216
5	0.03167889447143292
6	0.02521598615668713
7	0.02008816199240927
8	0.015973070433063796
9	0.012682479100440939
10	0.009997046538500079
11	0.008000093548425858
12	0.006303583452973778
13	0.004971070775625839
14	0.003931853175747788
15	0.0031578997818703792
16	0.002519340375948419
17	0.0020075688523320655
18	0.0015949883269841118
19	0.0012604422119885897
20	0.0010104752897651295
