-20	1.5532941326539482
-19	1.1485553540970361
-18	0.886100634395823
-17	0.6820401413801088
-16	0.5422944591427885
-15	0.4285939648057848
-14	0.3366044358976391
-13	0.2798299089079425
-12	0.21597132482922507
-11	0.18155972929716285
-10	0.144157178879825
-9	0.11803701680614315
-8	0.09230186030355804
-7	0.07605565223496825
-6	0.06214023189367483
-5	0.04833911580349296
-4	0.03784426246047736
-3	0.03142458200718428
-2	0.02406883269911516
-1	0.019449470799983236
0	0.016144971591444807
1	0.012410849718461361
2	0.00962829789661765
3	0.00793481477881599
4	0.006149163465968398
5	0.004980743017427484
6	0.003849786797342341
7	0.003069018623546032
8	0.00235790655246694
9	0.0019661300973764194
10	0.001538855754087331
11	0.0012555009412627608
12	0.0010194351724953535
13	8.149650455507464e-4
14	6.11540091389641e-4
15	4.856458530288683e-4
16	3.883637820164588e-4
17	3.0643462687065365e-4
18	2.479646552896223e-4
19	1.866199497250544e-4
20	1.530308896210978e-4
