-20	11.389473435729448
-19	8.508159489760049
-18	6.413602475637489
-17	4.7301204618537795
-16	3.4154586321239506
-15	2.5181126360719355
-14	1.8146386014930307
-13	1.3181101074820265
-12	0.9136027839313984
-11	0.6434641798069392
-10	0.4601660253227734
-9	0.30816414339773024
-8	0.21042468522058147
-7	0.14869992256030995
-6	0.10143672715141476
-5	0.07059052990047145
-4	0.04802976826169053
-3	0.03403987346208901
-2	0.025474025790476574
-1	0.01965178317529581
0	0.014748989470896586
1	0.01153689286334385
2	0.009748459593052287
3	0.007740957618252311
4	0.006077656005724251
5	0.005010970634199756
6	0.004002055683887723
7	0.0031826925006731874
8	0.0025053954762199247
9	0.0019110521545012001
10	0.0015731408074020489
11	0.0012329936880149546
12	9.87169694644928e-4
13	7.841045739085962e-4
14	6.180741629131182e-4
15	4.99568933798178e-4
16	3.995055160714228e-4
17	3.205103988638219e-4
18	2.4516691313252847e-4
19	2.037854943058691e-4
20	1.56831369622327e-4
