-20	0.7891612613894744
-19	0.6446199317623315
-18	0.5067629344164887
-17	0.3956837706989952
-16	0.3101265400679622
-15	0.23284726554081622
-14	0.17771170926559332
-13	0.14200144259444653
-12	0.10866654897638592
-11	0.08547018846887348
-10	0.07013936874714646
-9	0.05698587402719049
-8	0.047377359518516446
-7	0.03903270784362299
-6	0.031198578917564355
-5	0.02616077293717538
-4	0.022292816698147352
-3	0.01828165764572896
-2	0.01520777907503081
-1	0.012905703159081532
0	0.011008583502873516
1	0.00947468271498225
2	0.007739490355421519
3	0.006446545046357728
4	0.004969559196304078
5	0.0034257016789456026
6	0.002157693344818338
7	0.0012024889432249754
8	6.29645991944991e-4
9	3.2612089909305007e-4
10	1.6492491246861466e-4
11	9.363045884052884e-5
12	5.382949213275976e-5
13	3.4488513503782944e-5
14	2.3585718257062142e-5
15	1.6649590258735087e-5
16	1.3134044913200602e-5
17	1.0016428298873852e-5
18	8.03478586411277e-6
19	6.283162347453598e-6
20	4.98152952013619e-6
