-20	68.99746923446077
-19	54.3477384074512
-18	42.403378951120786
-17	33.92951494006095
-16	26.931850054326247
-15	21.12859996469421
-14	16.855395585742336
-13	13.523784400509447
-12	10.50030863612062
-11	8.32858844759566
-10	6.472443880441197
-9	5.148463380343688
-8	4.042478246939662
-7	3.156151238930067
-6	2.4383435671900346
-5	1.880696148894755
-4	1.4361020448344757
-3	1.1152873945192023
-2	0.8446386683332112
-1	0.6757089907964834
0	0.4937639673107275
1	0.36549546515748005
2	0.27414415372684575
3	0.20711519524631367
4	0.15988362721087696
5	0.128389937687229
6	0.10302718048007031
7	0.0816218911244713
8	0.06385809277683278
9	0.04718528171997484
10	0.03247347634497817
11	0.022787925715489755
12	0.015235522174157811
13	0.009686512827125309
14	0.0060029635145537885
15	0.004293518476791716
16	0.0033104969453940127
17	0.0024961862255601566
18	0.0019766800083763953
19	0.0015869238746326676
20	0.0012479003017885101
