-20	52.016951587280275
-19	40.07032265058344
-18	30.796222104758254
-17	23.599367938631953
-16	17.999644236581258
-15	13.63477120141313
-14	10.2553453232809
-13	7.677354810809444
-12	5.71408938010432
-11	4.192559407380624
-10	3.066101790238468
-9	2.2105928727040207
-8	1.5724414441117431
-7	1.1088343880674416
-6	0.7671889377407408
-5	0.519913458924679
-4	0.3485370059607467
-3	0.2273388281386318
-2	0.14449749361808895
-1	0.09059942346191262
0	0.05479641538938842
1	0.03234918695705736
2	0.01837859091490477
3	0.010391733210193299
4	0.005490563728483931
5	0.0028371230310768095
6	0.0014010674998064876
7	6.379328437688322e-4
8	2.7666278533814695e-4
9	1.1575610807256174e-4
10	4.1952964539095784e-5
11	2.0302713172667626e-5
12	9.203347533608577e-6
13	6.747745862161487e-6
14	4.6087802839339355e-6
15	3.881421300558973e-6
16	2.8628394119751927e-6
17	2.2993915633572526e-6
18	1.981580022255676e-6
19	1.4573209542577051e-6
20	1.2248542811533299e-6
