-20	0.17809251053191769
-19	0.14993768380949513
-18	0.1193999004130718
-17	0.09434517996050662
-16	0.0771443504071198
-15	0.058973814918691525
-14	0.04884314709813325
-13	0.038806315490832785
-12	0.030943281149055542
-11	0.023690163615870813
-10	0.019700030120289907
-9	0.015467381435752197
-8	0.011629369554099135
-7	0.009714781172130907
-6	0.0077868936320161656
-5	0.006119962995072711
-4	0.00487007667113458
-3	0.0039233881523274144
-2	0.0030696609381295355
-1	0.0025016064854780392
0	0.0019016059018537007
1	0.001548625696696819
2	0.0012446081042025048
3	9.905116839161036e-4
4	7.68897467950888e-4
5	6.275350811665896e-4
6	4.918954358849491e-4
7	3.964321984923165e-4
8	3.0430935592614587e-4
9	2.504305405134911e-4
10	1.989198917179858e-4
11	1.5304006261820084e-4
12	1.2327176444734464e-4
13	9.685425124811328e-5
14	7.966847929622285e-5
15	6.293245655809173e-5
16	4.7949631532686265e-5
17	4.0075882826849065e-5
18	2.9977879758845764e-5
19	2.4281692486927074e-5
20	1.960698581475159e-5
