-20	0.44679069203155486
-19	0.3507869119209034
-18	0.2659791407889457
-17	0.20867414259657957
-16	0.16728790720199693
-15	0.12907498334511572
-14	0.10088861702051556
-13	0.0800408539736296
-12	0.06276038978659537
-11	0.04980546976806657
-10	0.04104180969668984
-9	0.030592748157189407
-8	0.025186327384259848
-7	0.019974835552885463
-6	0.016527187126799597
-5	0.013127385565810721
-4	0.011152991211838598
-3	0.009421623090088354
-2	0.007395917106818908
-1	0.006164120113229106
0	0.005367513508671146
1	0.004721769730814026
2	0.0037024597739128686
3	0.003176188832883248
4	0.002615916205345079
5	0.0021672106515447788
6	0.0018426980074065299
7	0.0014552678116476448
8	0.0012429895285661187
9	9.473586981204537e-4
10	8.00514947798893e-4
11	5.976179570299305e-4
12	4.905876665948493e-4
13	3.818063542548156e-4
14	3.083831642612545e-4
15	2.618242759628075e-4
16	1.98768896401182e-4
17	1.5582809138281158e-4
18	1.222471026589049e-4
19	1.017179112439805e-4
20	7.814936834415205e-5
