-20	45.596047646754755
-19	35.15945501622052
-18	27.015936925102743
-17	20.69207246535516
-16	15.749781826108286
-15	11.936315750749797
-14	8.984238779348587
-13	6.719653800599878
-12	4.990012182470511
-11	3.6724497812047803
-10	2.6771260404474817
-9	1.9338230753421675
-8	1.379076624417329
-7	0.9686622979025494
-6	0.6689570390724962
-5	0.45669563293209303
-4	0.30341774340108707
-3	0.1984255936315027
-2	0.12663542473396727
-1	0.07943139030223993
0	0.04823854592185984
1	0.028424466210376143
2	0.016367049598164127
3	0.009211807690315623
4	0.004954764189607072
5	0.0025768949738662742
6	0.0013179404925162343
7	6.425962244183819e-4
8	3.0538613503726706e-4
9	1.4833463699089316e-4
10	7.641232570695467e-5
11	4.7038829270582304e-5
12	3.150188165966997e-5
13	2.5100189974961462e-5
14	1.9219133843612487e-5
15	1.5374829355323924e-5
16	1.2200196133241862e-5
17	9.425028275439682e-6
18	7.822120502287453e-6
19	6.1831905807567135e-6
20	4.8469684792572135e-6
