-20	12.593495788315542
-19	9.630438438735045
-18	7.364042229805481
-17	5.618760865466137
-16	4.256111218677204
-15	3.214033122935393
-14	2.391226210530493
-13	1.7818137163071677
-12	1.315239282806307
-11	0.9535288559920521
-10	0.6867058418642158
-9	0.48792065208158897
-8	0.34145523266228495
-7	0.23388211231221434
-6	0.1573855475227197
-5	0.10303187407238446
-4	0.06541556762344271
-3	0.04078833603759858
-2	0.024210653796826465
-1	0.01378888403100245
0	0.007235199415575633
1	0.0036492960105567666
2	0.0018123131712809734
3	7.878389182941216e-4
4	3.6185954281481856e-4
5	1.4990650185029594e-4
6	9.488769384723611e-5
7	5.664466332513623e-5
8	3.929361662725326e-5
9	3.1903251919063615e-5
10	2.4929154043724362e-5
11	2.0590130317957723e-5
12	1.5426730092852126e-5
13	1.2524704660944596e-5
14	9.707199665270361e-6
15	7.154726883321205e-6
16	6.3350446171714385e-6
17	4.6242505496705375e-6
18	3.788007046730634e-6
19	3.070902667505346e-6
20	2.4187188034334034e-6
