-20	23.045951050017848
-19	17.449813722557337
-18	13.085921362246218
-17	9.74994203874837
-16	7.210092712506458
-15	5.28777181771311
-14	3.8360559954067344
-13	2.760952180373981
-12	1.9535436847093033
-11	1.3518327951526867
-10	0.9271706519768819
-9	0.6243216233925581
-8	0.4045890849816928
-7	0.2579085244244346
-6	0.1604175396569621
-5	0.09257720637620519
-4	0.052630074321555996
-3	0.028163400753794293
-2	0.0140010763947557
-1	0.0066147866131430165
0	0.0028729413103351004
1	0.0012433614067343468
2	5.80153043304792e-4
3	3.073034777894748e-4
4	2.0878798468083797e-4
5	1.7062671565993903e-4
6	1.2807861447321144e-4
7	1.0516718748081885e-4
8	7.360106268331933e-5
9	6.001464200289518e-5
10	4.800218188923288e-5
11	3.981514297074176e-5
12	2.966698169327618e-5
13	2.4038944357973733e-5
14	2.018039804345224e-5
15	1.54908241113503e-5
16	1.3300396763995595e-5
17	9.420596702186671e-6
18	7.700059776874733e-6
19	5.504685231808891e-6
20	5.070091703475259e-6
