-20	36.29273435076363
-19	27.840950701126737
-18	21.198382217712567
-17	16.047975420127926
-16	12.010380675580066
-15	9.009383262769543
-14	6.7170055027144056
-13	4.93166588681881
-12	3.5533237056987885
-11	2.550254494520966
-10	1.8041224330902237
-9	1.261532445742933
-8	0.8588974251725029
-7	0.5815553099003596
-6	0.3894477188509043
-5	0.25537535409070294
-4	0.16691970565794112
-3	0.11143274476222544
-2	0.07776325150746928
-1	0.05755382562636903
0	0.043840022863730836
1	0.034408692518605066
2	0.029220204667290705
3	0.023084528271344433
4	0.019127859264991037
5	0.01584166492872935
6	0.01251271367018878
7	0.009704623542633978
8	0.008088151144234505
9	0.00632836638212031
10	0.005028789418235989
11	0.00394593654835763
12	0.0031280051722139264
13	0.0025029367929883858
14	0.002052578588829042
15	0.0015440698770965754
16	0.0012611252578418417
17	0.0010186328628964368
18	7.803141436912831e-4
19	6.248923821329549e-4
20	5.004142934290894e-4
