-20	2.976599863066625
-19	2.9752714810230745
-18	2.899928057382725
-17	2.8723956076722637
-16	2.937540524199583
-15	2.7580997473910203
-14	2.696630207935207
-13	2.633373319812988
-12	2.571898607299519
-11	2.4026782732653262
-10	2.300250075399617
-9	2.27611490920638
-8	2.1106785100260126
-7	1.9726837038767644
-6	1.8399327495040605
-5	1.7686415257545118
-4	1.5735492165850133
-3	1.3331176720125522
-2	1.1896379814407188
-1	1.0533323760160362
0	0.7990244568366671
1	0.6549434016669108
2	0.5017279541423901
3	0.35656061887851326
4	0.247801606441513
5	0.14411410706761216
6	0.0918296500523829
7	0.05974201957331536
8	0.045773406106261114
9	0.03351444391179822
10	0.026304965192025527
11	0.020436991808320714
12	0.01583970866380697
13	0.012959547914917428
14	0.010506561021622885
15	0.007881966484709414
16	0.006369206216583124
17	0.0050299380274335765
18	0.003938756215802739
19	0.0032047731081380126
20	0.0025123067717916607
