-20	28.911479090112145
-19	22.217711031527365
-18	16.967345462922996
-17	12.92867463582481
-16	9.79929066944603
-15	7.366783589140569
-14	5.507866370533146
-13	4.091551793186268
-12	3.010749991999782
-11	2.19374263178031
-10	1.580393644624269
-9	1.1215302291352414
-8	0.7837199514247529
-7	0.5391492769310045
-6	0.3637532025459762
-5	0.2384064063515224
-4	0.15220113433553106
-3	0.09366499124709911
-2	0.055696711804130085
-1	0.03181154229876104
0	0.017111893143119054
1	0.00869589416605889
2	0.004158394172375222
3	0.0018907200848562638
4	8.075509380667091e-4
5	3.7512867085739233e-4
6	1.8890387673185918e-4
7	1.1778993853736454e-4
8	8.369074365972554e-5
9	6.349847246873077e-5
10	4.934341180367537e-5
11	3.820728272858353e-5
12	3.094867440968617e-5
13	2.390735544051884e-5
14	1.9425835476693607e-5
15	1.5298149261251042e-5
16	1.2117942991420099e-5
17	9.566854964140091e-6
18	7.69888557833534e-6
19	6.166985602757859e-6
20	4.986748108200132e-6
