-20	21.892067372120152
-19	16.550003999491004
-18	12.446656641760987
-17	9.2921924624102
-16	6.870043362410378
-15	5.032607979859423
-14	3.640051385590707
-13	2.6128201643524633
-12	1.840017047599491
-11	1.2732930948558339
-10	0.869257178098232
-9	0.5796754413584931
-8	0.3788971435640544
-7	0.24174293870658936
-6	0.14870960390015955
-5	0.08886596582904643
-4	0.05020778258381848
-3	0.027769674604269396
-2	0.014796546133066019
-1	0.007606748987978097
0	0.0038530413679542163
1	0.002151549158449614
2	0.0013750155619404831
3	9.82957696568931e-4
4	7.910847121278063e-4
5	6.120314690916945e-4
6	4.860779615062472e-4
7	3.81864112381487e-4
8	3.063229972619494e-4
9	2.3842869958472893e-4
10	1.880674058957247e-4
11	1.5959859878344454e-4
12	1.2348329967766403e-4
13	9.507489080682626e-5
14	7.9902566759921e-5
15	6.043697505573099e-5
16	4.970083902849162e-5
17	4.072854390137097e-5
18	3.084993152256231e-5
19	2.3998466198503416e-5
20	1.9407583180616898e-5
