-20	52.42407954213716
-19	40.138444594865156
-18	31.05005028483365
-17	23.560505237239493
-16	17.875354664023405
-15	13.434321200315642
-14	10.062078580878392
-13	7.455177178229447
-12	5.548583517811142
-11	4.078241945028552
-10	2.9647620305189926
-9	2.137921068667974
-8	1.5302360666799522
-7	1.0842807515280204
-6	0.7533472293746023
-5	0.5204845454256405
-4	0.352151964470544
-3	0.23685518172117367
-2	0.1563682679264114
-1	0.1024803167023932
0	0.06628419171729241
1	0.043707235412421205
2	0.02848786144780895
3	0.01873897366552372
4	0.012701501651676477
5	0.008074018394242011
6	0.0048746812921180195
7	0.0027909923384505852
8	0.0015003916717171483
9	8.073587915437506e-4
10	4.4008428113007076e-4
11	2.6032970159300695e-4
12	1.6462581291093134e-4
13	1.1521990190419988e-4
14	8.703984269118005e-5
15	6.440339214103633e-5
16	5.077537547388745e-5
17	3.891269609811945e-5
18	3.0493916284683874e-5
19	2.4534212217759447e-5
20	1.954241497423077e-5
