-20	31.758161141054675
-19	24.408792200285017
-18	18.478129020258447
-17	14.245745830651847
-16	10.962189761142909
-15	8.138014081891667
-14	5.99218811541369
-13	4.426359052958213
-12	3.2844836568246634
-11	2.406828501361559
-10	1.7681365933024655
-9	1.246333013706021
-8	0.8987984343059267
-7	0.6404001697242289
-6	0.4606632894172153
-5	0.3258046627488842
-4	0.2270508289146972
-3	0.16364598216325327
-2	0.12059489471447535
-1	0.08221797532030714
0	0.06656418270251759
1	0.047855359643500295
2	0.03747770547939994
3	0.02969409717384669
4	0.0228827326109364
5	0.019369412314312332
6	0.014957833537565815
7	0.012304387561558723
8	0.009609687457399414
9	0.007906396130955208
10	0.006049302049655456
11	0.00502834279117681
12	0.003954729705935096
13	0.003233309360410906
14	0.002528514345202907
15	0.00198939315649591
16	0.0015738514942957318
17	0.0012325263822322004
18	9.539870216912272e-4
19	7.744303708952119e-4
20	6.118725198350679e-4
