-20	0.0065515664697030395
-19	0.005024780645203743
-18	0.004480141406631852
-17	0.0030449391022871718
-16	0.0023048955963696433
-15	0.001930247297703813
-14	0.0016832365581622172
-13	0.0013019401305142517
-12	0.0010575345364048474
-11	9.364189704267532e-4
-10	6.421792852235529e-4
-9	5.023719145535456e-4
-8	4.308117005333227e-4
-7	3.448888518400721e-4
-6	3.177584908125624e-4
-5	2.5458292685416904e-4
-4	1.9182924647956928e-4
-3	1.9220776677129103e-4
-2	1.603778754349691e-4
-1	1.146120797230835e-4
0	1.0523002365210695e-4
1	8.566304513972037e-5
2	7.1449856867211e-5
3	5.281655686632588e-5
4	4.82195834992722e-5
5	3.9472651145584586e-5
6	3.318907645533956e-5
7	2.4107019896515403e-5
8	1.883193152344921e-5
9	1.7274353950283045e-5
10	1.255847386996406e-5
11	8.811909496106236e-6
12	8.354841770195457e-6
13	6.436173736249687e-6
14	4.737682092707413e-6
15	4.515776117368626e-6
16	2.9506787607751427e-6
17	2.3545073203598564e-6
18	1.9258176695249985e-6
19	1.5352230750127884e-6
20	1.239624826897423e-6
