-20	5.781409537286475
-19	4.356368304264525
-18	3.277710678799826
-17	2.4469262878849536
-16	1.8155913775936452
-15	1.330460875361567
-14	0.9675968832442752
-13	0.6961983386215655
-12	0.4954650029250446
-11	0.3451052183149754
-10	0.23722158773507948
-9	0.15915855999383766
-8	0.10539220226178811
-7	0.06712332614609454
-6	0.041434557754223805
-5	0.024729844586863173
-4	0.014245918814687246
-3	0.00778688159660382
-2	0.004125202922924691
-1	0.0021513704010592298
0	0.0011055557893505338
1	5.909951529780794e-4
2	3.7323309704890325e-4
3	2.638162326228777e-4
4	1.9942840091521566e-4
5	1.5819316155173515e-4
6	1.2370905365730197e-4
7	1.0107388859820648e-4
8	7.735482417559819e-5
9	6.214018590394542e-5
10	4.987840313784566e-5
11	3.949962564568602e-5
12	3.213802221558776e-5
13	2.5554723713776458e-5
14	1.9579328966996608e-5
15	1.5583912613113328e-5
16	1.2774735340926318e-5
17	9.969131547396259e-6
18	8.025453728051174e-6
19	6.0766720536327175e-6
20	5.022354444870039e-6
