-20	13.51357259735188
-19	10.327136207762294
-18	8.012134076690643
-17	6.119026188112297
-16	4.7694672907709394
-15	3.6049050396236852
-14	2.8117112652486522
-13	2.177471338823637
-12	1.6663974394423418
-11	1.3573235082923283
-10	1.0011446300098643
-9	0.7592067554501265
-8	0.5781369208919486
-7	0.44650997416550847
-6	0.36231916226306815
-5	0.28175309903938023
-4	0.225551107824588
-3	0.17889705173362644
-2	0.15453046660063438
-1	0.11856092962154073
0	0.09609698392564331
1	0.07917840035046823
2	0.06538880151174928
3	0.05314757667157032
4	0.04584841991940619
5	0.03798686570679128
6	0.029858798479152803
7	0.023846635278413714
8	0.019390343226340697
9	0.015024685721399814
10	0.012093405222967337
11	0.010110350363120984
12	0.007821174263838859
13	0.006566410972238667
14	0.005185214967108139
15	0.004040252060468636
16	0.003184317206821266
17	0.0024913095376678475
18	0.001971778789009181
19	0.0015960317817867204
20	0.0013131413629518536
