-20	2.263116676403136
-19	2.159567937464833
-18	2.0025888496594506
-17	1.8428620197603973
-16	1.700578891062506
-15	1.5244276383334352
-14	1.3734719349592532
-13	1.1734218278056905
-12	0.9602552343667101
-11	0.7703074568339953
-10	0.6039972177737589
-9	0.3838014986418291
-8	0.25596508242136834
-7	0.13552936189891793
-6	0.08246427468531785
-5	0.04629335227417193
-4	0.022859250058598228
-3	0.01575316785677292
-2	0.010677473449802657
-1	0.007457871698769683
0	0.0055269084978460175
1	0.0038839352407295793
2	0.002838187548423874
3	0.002129087857844973
4	0.0016285044253781169
5	0.0012512523354731887
6	0.00100126493018239
7	7.755129153453806e-4
8	6.239570909167164e-4
9	5.045439451300316e-4
10	3.889783511457246e-4
11	3.0954723169265245e-4
12	2.471784945274397e-4
13	1.9490812758384487e-4
14	1.5122258143376172e-4
15	1.225209217335055e-4
16	9.593186049326413e-5
17	7.696593285427014e-5
18	5.972735492624994e-5
19	4.972177327666994e-5
20	3.7837697645097945e-5
