-20	0.02505680766787979
-19	0.01946879331533397
-18	0.015542248038805568
-17	0.012560755055296833
-16	0.01006100105807826
-15	0.008098981569847136
-14	0.006347008855649859
-13	0.005095218936999296
-12	0.004078813274212845
-11	0.003242293746957583
-10	0.0026088754935677115
-9	0.0022050720032962276
-8	0.0017124457811218154
-7	0.0014168404933501569
-6	0.0011188568766273906
-5	9.062570889821265e-4
-4	7.702159167011325e-4
-3	6.465855936463191e-4
-2	5.072299618451848e-4
-1	4.336650585740548e-4
0	3.600213374591958e-4
1	2.960461355869552e-4
2	2.5761098290209323e-4
3	2.0514775879509973e-4
4	1.7244251296691376e-4
5	1.4224182973327423e-4
6	1.1811837122847264e-4
7	9.597805538551933e-5
8	7.773955847567458e-5
9	6.204408355725377e-5
10	4.832392747946349e-5
11	4.026800291387839e-5
12	3.097907616559679e-5
13	2.3454929261371735e-5
14	1.9106121705052384e-5
15	1.5160841475097237e-5
16	1.2456823004732316e-5
17	9.88818163869069e-6
18	7.866517476618444e-6
19	6.145468086879039e-6
20	4.83131991980985e-6
