-20	18.492882771687768
-19	14.118783166401355
-18	10.776996032580163
-17	8.12713281596969
-16	6.142400347675354
-15	4.645187594273251
-14	3.415162563703919
-13	2.536881648960977
-12	1.8824601206136102
-11	1.3777129976619107
-10	1.0134669928198745
-9	0.7215833937513267
-8	0.5242816347538157
-7	0.37202782770413506
-6	0.2572326975555535
-5	0.1809305189158139
-4	0.11977591588588868
-3	0.08038555849299793
-2	0.05390196508401087
-1	0.035786056872535936
0	0.023714744580032802
1	0.014957503222101312
2	0.010201180922170256
3	0.006649121872540938
4	0.004546501752608473
5	0.003189815797504768
6	0.0023212296698939226
7	0.001717812807318629
8	0.001290850819326504
9	9.709579061516981e-4
10	7.767781694692314e-4
11	6.221376927942648e-4
12	4.803358282886932e-4
13	3.8735796976936194e-4
14	3.1335310543581133e-4
15	2.440346468819339e-4
16	1.9791204693772558e-4
17	1.5516648848827507e-4
18	1.221680033356999e-4
19	1.0106024471798414e-4
20	7.45711824280066e-5
