-20	0.051958477793660994
-19	0.04031801345535022
-18	0.03300006686211299
-17	0.025575953417815434
-16	0.02034974296122123
-15	0.016072828843164817
-14	0.01272733499585163
-13	0.010201943390334596
-12	0.008024901185117972
-11	0.006377292222101953
-10	0.0049881077965038085
-9	0.00394890041344071
-8	0.0031732682489884084
-7	0.0024946449010360473
-6	0.0020286382567531723
-5	0.0015955201381538265
-4	0.0012495702996325952
-3	9.861445177923084e-4
-2	7.874898407480156e-4
-1	6.297032039253564e-4
0	5.026629299641967e-4
1	3.9364151043860655e-4
2	3.177009484435128e-4
3	2.50931752919427e-4
4	2.0100824972505818e-4
5	1.5642050599715484e-4
6	1.2608527812737517e-4
7	1.0063394769916201e-4
8	7.923775886060271e-5
9	6.246365828414658e-5
10	5.086943036894924e-5
11	4.028413566577691e-5
12	3.161433694393069e-5
13	2.4901239549016224e-5
14	1.9805903500904407e-5
15	1.586333468031212e-5
16	1.2550288196012599e-5
17	9.866387392209711e-6
18	7.952019155971866e-6
19	6.343743207223497e-6
20	4.977423383607475e-6
