-20	33.296656103496126
-19	25.652205408355428
-18	19.731001502992623
-17	15.08609757410121
-16	11.498733150323117
-15	8.731143340409766
-14	6.573454338448071
-13	4.912061931556489
-12	3.6610534864537825
-11	2.686623174300539
-10	1.9633733628545766
-9	1.4173944583588214
-8	1.0106164575566223
-7	0.7087995486060222
-6	0.48958123012906035
-5	0.33407873963346896
-4	0.22206853044284863
-3	0.14539711899226446
-2	0.09282582089482957
-1	0.05761130521468739
0	0.03493892556985141
1	0.02060456367240629
2	0.011862171960709045
3	0.006541495408948419
4	0.0034646618178769957
5	0.0018138149809931176
6	9.220106471824059e-4
7	4.3285225027439117e-4
8	1.8781723140274276e-4
9	7.858246965276583e-5
10	3.177939242482158e-5
11	1.656983345683874e-5
12	8.608397763027647e-6
13	6.225742968981947e-6
14	5.421934128246948e-6
15	3.4111451716498084e-6
16	3.1497166989184936e-6
17	2.6438382406463673e-6
18	1.8692042646085373e-6
19	1.5664253700557638e-6
20	1.23275788659253e-6
