-20	2.0807544196766
-19	1.8993850755867854
-18	1.7550780679369484
-17	1.5646355106091436
-16	1.4139538400489338
-15	1.3050668134437862
-14	1.0913167154051058
-13	0.936597872923103
-12	0.7956832688289378
-11	0.6733173039516435
-10	0.4938883177002262
-9	0.37161215598728564
-8	0.28010984194727867
-7	0.2345084912424306
-6	0.16069851004322272
-5	0.13407085158785553
-4	0.10204018008987133
-3	0.08387552589881248
-2	0.0646357186572827
-1	0.052051153052384475
0	0.04336418569944048
1	0.033752300413483836
2	0.027323618852188
3	0.02342349493001557
4	0.01932259861724241
5	0.015438589546268746
6	0.011446386604978716
7	0.008346616504950362
8	0.005658261514304373
9	0.00350023291668611
10	0.002115135141977767
11	0.0012187634175846076
12	7.805448334011754e-4
13	5.145373328759687e-4
14	3.5508378640597963e-4
15	2.6801767241810997e-4
16	1.9714929685285564e-4
17	1.5660804280340966e-4
18	1.2648112307648356e-4
19	9.82103971341679e-5
20	7.848600263760867e-5
