-20	2.063374461332674
-19	1.903827577372108
-18	1.7281511692627152
-17	1.5838749140935762
-16	1.407035922562597
-15	1.2965455282182632
-14	1.1248018228633407
-13	0.9768971431697755
-12	0.8291497417129631
-11	0.6189975309359067
-10	0.5068549218434567
-9	0.40032746808367625
-8	0.2918937232374429
-7	0.2357399464530957
-6	0.188659798620605
-5	0.14217584877012313
-4	0.1112340417565697
-3	0.09337855355967743
-2	0.0787006572858392
-1	0.06385665665745982
0	0.05323513287607191
1	0.04538347739026953
2	0.03914786212258731
3	0.03273088438249798
4	0.025895966669011478
5	0.018768325414264132
6	0.012799963486407544
7	0.006572884288412811
8	0.0032561700433198894
9	0.0014726084412110482
10	7.16884786534221e-4
11	3.848211415479883e-4
12	2.256250563898462e-4
13	1.3744608667769142e-4
14	9.248433436774251e-5
15	6.764695508951206e-5
16	5.105694715854607e-5
17	3.748381043068589e-5
18	3.140456384349439e-5
19	2.4719694811320985e-5
20	1.942664395771766e-5
