-20	35.05328508165311
-19	27.646333693812863
-18	21.99713905471092
-17	17.093978630198723
-16	13.407149297782325
-15	10.420066325758093
-14	8.194485581339709
-13	6.279268713100761
-12	4.8368765157195766
-11	3.671917849597996
-10	2.7236131329146316
-9	2.127690477186627
-8	1.5646810169864571
-7	1.1458660132331944
-6	0.8072738722684494
-5	0.599885000541344
-4	0.42766217594536793
-3	0.313130035299338
-2	0.23270694016061325
-1	0.16917528678049293
0	0.1251177273536862
1	0.09659318011931911
2	0.07598979061360447
3	0.058485733028632546
4	0.043761646608305595
5	0.03444385338216314
6	0.027307182588107628
7	0.02104527704990512
8	0.01683925527878627
9	0.012393495158416678
10	0.008895369835875362
11	0.006435272708741504
12	0.004845512719503483
13	0.003488656420042797
14	0.002585249984282751
15	0.0020636903455553833
16	0.001555558945323109
17	0.0012621486182610138
18	0.0010183686430611353
19	7.857262670264559e-4
20	6.121591887545596e-4
