-20	49.54910199542079
-19	38.10768406168496
-18	29.205896321301594
-17	22.267312171657437
-16	16.88830469740988
-15	12.733076157894367
-14	9.536936899033915
-13	7.081402419050186
-12	5.215410727267955
-11	3.799805909867464
-10	2.735456126709416
-9	1.9431150479274555
-8	1.3577840479498264
-7	0.9313431511946314
-6	0.6249723708370978
-5	0.4088050451238576
-4	0.2601676593946898
-3	0.15948556264116862
-2	0.09389355849884577
-1	0.05263488919990596
0	0.02797915572922377
1	0.013826028007530144
2	0.006294064494726741
3	0.0026000079134266153
4	9.680809195996406e-4
5	3.292843169325603e-4
6	1.0152769902516641e-4
7	3.970790045808708e-5
8	2.1769004488197287e-5
9	1.5080017492369239e-5
10	1.2246345313748676e-5
11	9.905386217521786e-6
12	7.83087687792416e-6
13	5.987959857285476e-6
14	4.781879809947684e-6
15	3.7924513871566313e-6
16	3.183168082767089e-6
17	2.4205524652742735e-6
18	1.8709570934557531e-6
19	1.5473063965244363e-6
20	1.2497992508883863e-6
