-20	0.385632693390417
-19	0.3094246248000482
-18	0.24991678801202938
-17	0.19446515737016987
-16	0.15834885963936807
-15	0.12260091477302544
-14	0.09715343717764931
-13	0.08003882743352277
-12	0.060328893965777786
-11	0.04898626549943078
-10	0.039035304926323997
-9	0.031123971512920286
-8	0.02464574662147269
-7	0.01925901577832603
-6	0.015609363335175845
-5	0.01250238271773365
-4	0.00984405459266473
-3	0.007811937026489522
-2	0.006314017198828107
-1	0.004948473593781729
0	0.003921143039179855
1	0.0031428719196065075
2	0.0024476183751410687
3	0.0019556113203603436
4	0.001580570612636328
5	0.0012205294074868552
6	9.640033849576494e-4
7	7.876948902486267e-4
8	6.208101136963963e-4
9	4.950602351954135e-4
10	3.9382279603405963e-4
11	3.0542034415185387e-4
12	2.452507860570951e-4
13	1.9398796206951058e-4
14	1.522633007416835e-4
15	1.2164509928375451e-4
16	9.896723116088032e-5
17	7.597135556364943e-5
18	6.222939607108766e-5
19	4.8644302312931155e-5
20	3.916696008036666e-5
