-20	43.734095623929186
-19	33.62930354823379
-18	25.75426150933511
-17	19.62325871523172
-16	14.889931508877961
-15	11.2120435321789
-14	8.401144390551773
-13	6.236110471608455
-12	4.590440850861316
-11	3.3405402231714687
-10	2.4061012291814348
-9	1.7091728721536095
-8	1.1940824896679614
-7	0.8187210295391822
-6	0.5492198090178531
-5	0.359526695221974
-4	0.2290146893948326
-3	0.14019395258444378
-2	0.08294441561738866
-1	0.046539159974996296
0	0.02475354822727006
1	0.012287115832943387
2	0.005619236127791726
3	0.0023741869807329943
4	9.088823791457114e-4
5	3.251929595718381e-4
6	1.265964392059137e-4
7	6.016334106482244e-5
8	3.940019407728033e-5
9	3.145429623430946e-5
10	2.3964938999561364e-5
11	1.929159229512182e-5
12	1.5282914157809584e-5
13	1.1728696955244897e-5
14	9.534301531780744e-6
15	7.992583142513412e-6
16	6.143757560350334e-6
17	4.736236046437499e-6
18	3.994881582657294e-6
19	3.069520400607665e-6
20	2.4584493970966642e-6
