-20	2.645514208052353
-19	2.564498427597579
-18	2.4786128078587715
-17	2.407364878886007
-16	2.3173137626851013
-15	2.186617635635376
-14	2.0253607419069706
-13	1.9656781020616039
-12	1.784251741254862
-11	1.6235024320053995
-10	1.4845983787566186
-9	1.3354769770450303
-8	1.1956459417215926
-7	0.9833221294004848
-6	0.8435736357809274
-5	0.7344642299038799
-4	0.5762232023278174
-3	0.4627074649195029
-2	0.3727105194713634
-1	0.28027415248879917
0	0.20836249242297766
1	0.1366492515091554
2	0.08750666714304772
3	0.05195475731942622
4	0.024160785577995118
5	0.014091678713163388
6	0.006662878305061413
7	0.004380535175318531
8	0.0030561046410719373
9	0.00208896675751815
10	0.0016342879376573282
11	0.0013298724626884268
12	0.0010154600917233983
13	7.685641311289044e-4
14	6.117944288947119e-4
15	4.8331692295647467e-4
16	3.833256555046496e-4
17	3.060780671853328e-4
18	2.4055082500477583e-4
19	2.012916390282609e-4
20	1.585837339674697e-4
