-20	3.7293023172485853
-19	2.9946214701415523
-18	2.3051257992335015
-17	1.8776793034543433
-16	1.4662752123510545
-15	1.0972711939392512
-14	0.9094922289700553
-13	0.7335187573257915
-12	0.5662788383587953
-11	0.4419199802344564
-10	0.3594795582319191
-9	0.2871425428864154
-8	0.22410834630435275
-7	0.17898218009651667
-6	0.1430514239067545
-5	0.12046107371138996
-4	0.09811348403035297
-3	0.08259805783090886
-2	0.06629081904674236
-1	0.05442734166621921
0	0.04365793441545016
1	0.03847187791608791
2	0.031168993370869914
3	0.02621066226427127
4	0.02225323322179166
5	0.017542472594499675
6	0.013972730281830482
7	0.011622145894769039
8	0.009175330467476305
9	0.007702226603042188
10	0.0059213115658381665
11	0.004709147979466076
12	0.0038591990256712995
13	0.0031295986396721494
14	0.0025188355847143296
15	0.001992275175794388
16	0.0015328144480591236
17	0.001230543442433831
18	9.869672187075838e-4
19	7.73407813864288e-4
20	6.23146894683741e-4
