-20	71.77886826592547
-19	56.966262980423586
-18	45.53014110215205
-17	35.82491314639092
-16	28.7302620812961
-15	22.817231629853985
-14	18.265257966818435
-13	14.494465593978978
-12	11.564221587545392
-11	9.273158598223876
-10	7.373345764211158
-9	5.940791499334483
-8	4.756481174670183
-7	3.7752167451300216
-6	3.051461067352224
-5	2.4919036284639753
-4	2.0054984017229995
-3	1.627102544302018
-2	1.3034052860034957
-1	1.0574852162835857
0	0.8450709424754849
1	0.6819514277871658
2	0.5289441733804411
3	0.405598362897062
4	0.2950567373026196
5	0.2062394200740884
6	0.13491902975803327
7	0.0766548019020697
8	0.04375144468852343
9	0.02658629065707487
10	0.013894060177269836
11	0.009192304924639669
12	0.006771072347265189
13	0.0050952811903004075
14	0.0039733559140051
15	0.0031498105980372307
16	0.0025000887040080824
17	0.0020083006014262887
18	0.001571061671947509
19	0.001239466391221293
20	0.001000531423094024
