-20	95.35978291682783
-19	77.4149400979461
-18	63.23144893605622
-17	51.587310968394114
-16	42.40739100737252
-15	34.998051230925654
-14	29.141924807328923
-13	24.18087370370791
-12	20.379281584905417
-11	17.199605873465483
-10	14.588984056196816
-9	12.50256939987503
-8	10.785960395377593
-7	9.427900020674088
-6	8.288724767978863
-5	7.369960734468859
-4	6.609883660130987
-3	6.0063975399789244
-2	5.502114039253838
-1	5.114874833161907
0	4.787830671661215
1	4.541279806398205
2	4.3564019819940585
3	4.206956097108911
4	4.073454273832034
5	3.976522015673858
6	3.8985758307584604
7	3.840424281440248
8	3.7844676300504454
9	3.7298307138477185
10	3.6892060168034733
11	3.6487193852520794
12	3.628875740413508
13	3.6035016551889587
14	3.6028196370809966
15	3.6007139227996485
16	3.59714629987441
17	3.599245304915425
18	3.5982477165521174
19	3.5960554254906403
20	3.597087487343834
