-20	29.09719449637972
-19	22.978716188135394
-18	17.988234886871204
-17	14.165682317358643
-16	11.151722160469232
-15	8.585473844936732
-14	6.716822870654339
-13	5.132569403138756
-12	4.017160912884142
-11	3.0230030246308353
-10	2.234606428045374
-9	1.623381935186174
-8	1.134232190772755
-7	0.7745237568303
-6	0.5214599278888512
-5	0.32192693855674587
-4	0.20266470670826256
-3	0.12681658285120373
-2	0.07952006191868163
-1	0.05288617954969334
0	0.03607478655471282
1	0.02731000821176766
2	0.020546028149305593
3	0.015585878556246775
4	0.012755457480114911
5	0.00995208280688117
6	0.007883389869328057
7	0.006239077387399772
8	0.005006051870862881
9	0.003856494802484421
10	0.0031239296719759663
11	0.0024557015497790814
12	0.0019765545329579037
13	0.0015900248542193346
14	0.0012539408913112378
15	9.808118993209684e-4
16	7.800435514253089e-4
17	6.261656973019523e-4
18	5.071348996316155e-4
19	3.8995200442679205e-4
20	3.1099443324584354e-4
