-20	1.539691748306835
-19	1.2259163276131226
-18	0.9809708355332074
-17	0.7868911966378208
-16	0.6248688193960792
-15	0.49019136244658656
-14	0.3886184878732226
-13	0.30337496701007544
-12	0.2440361419284545
-11	0.19669803760468732
-10	0.15536899985895936
-9	0.12656480760395086
-8	0.09808074974290695
-7	0.08054938720027047
-6	0.06310601930281431
-5	0.05050375211505869
-4	0.03951223490691201
-3	0.03144038653774035
-2	0.02482991363618961
-1	0.020017514894373145
0	0.015853162810010875
1	0.012108779481396714
2	0.010065718813342193
3	0.007755829412793541
4	0.006150134151698761
5	0.0049328383373345485
6	0.003963041912312531
7	0.00314692302923861
8	0.0024436641909944116
9	0.0019970539808048947
10	0.0015424224133800508
11	0.0012298663688201379
12	9.834721608882832e-4
13	7.944235201572914e-4
14	6.264302878979523e-4
15	5.108211702934387e-4
16	3.9455575987351436e-4
17	3.1355422587029904e-4
18	2.450916392340013e-4
19	1.9789188219107917e-4
20	1.558673630422792e-4
