-20	1.6117008561416932
-19	1.4190799235019487
-18	1.244544541298419
-17	1.0905737209557425
-16	0.9383342147159599
-15	0.7554231060933203
-14	0.6113454961401038
-13	0.4713887002338862
-12	0.36558887122263284
-11	0.285150996584245
-10	0.19553716417910882
-9	0.146862766185251
-8	0.11236125879012653
-7	0.08478453902084244
-6	0.06730565109646941
-5	0.053430956602692
-4	0.04200304585548734
-3	0.032864674646427804
-2	0.025464906945387635
-1	0.02010720497392312
0	0.016258538858675238
1	0.01264313676658011
2	0.009879668372906408
3	0.007930833549317147
4	0.006316805956035656
5	0.004844224991754527
6	0.003692444585583101
7	0.003212924645129666
8	0.002542227483871347
9	0.0019859857062005056
10	0.0015332837501149978
11	0.0012454576122240461
12	0.0010113653490734609
13	7.852587392828646e-4
14	6.033200865988631e-4
15	5.105200243151265e-4
16	3.911435508300944e-4
17	3.129265388204807e-4
18	2.482228553954978e-4
19	1.9905180615758397e-4
20	1.572349070435038e-4
