-20	15.542048098856204
-19	11.934403862760382
-18	9.109076413404443
-17	6.971770739841425
-16	5.299325486499706
-15	4.014862543830963
-14	3.02394486769935
-13	2.2615658582731397
-12	1.673673591792145
-11	1.2370308014505922
-10	0.8964632986327188
-9	0.6512517679662376
-8	0.46262396164555414
-7	0.326246452910072
-6	0.2265812870037666
-5	0.15429074458106615
-4	0.10360227215862537
-3	0.06848125059371633
-2	0.04430014606473324
-1	0.027779831407844006
0	0.01737064058982116
1	0.010538075212629125
2	0.00628301516480024
3	0.0038441801841980834
4	0.0022294721185689473
5	0.0013520739113883167
6	8.130756088567369e-4
7	5.143247165443326e-4
8	3.21281673766631e-4
9	2.150590181402932e-4
10	1.4176232391950426e-4
11	9.82348609004425e-5
12	7.249077343995678e-5
13	5.3629273803592095e-5
14	4.073629120217103e-5
15	3.185566217651732e-5
16	2.4331702644641402e-5
17	1.9417080800986555e-5
18	1.553226416105747e-5
19	1.2570878471293818e-5
20	9.992921187775581e-6
