-20	0.01064109577649911
-19	0.008274032822747971
-18	0.006623330106047244
-17	0.00523846817038961
-16	0.004215546894030341
-15	0.003394810661500738
-14	0.002747158131366335
-13	0.002186998490687383
-12	0.0018165040050614905
-11	0.0015042134692770366
-10	0.00123501332138963
-9	9.651929563195568e-4
-8	8.510599592250912e-4
-7	6.629249620161559e-4
-6	5.752625276028998e-4
-5	4.7785323691809954e-4
-4	3.927881195210323e-4
-3	3.2794250509676277e-4
-2	2.869044231297365e-4
-1	2.4124188914203905e-4
0	2.0807269276291201e-4
1	1.6914525734612737e-4
2	1.3570391397281175e-4
3	1.0740309597466264e-4
4	9.349785177868437e-5
5	7.606307606716429e-5
6	6.106813472521952e-5
7	4.986625060426716e-5
8	3.885903047937769e-5
9	3.073135864447602e-5
10	2.4321499204495107e-5
11	1.965414634683568e-5
12	1.5291306800939173e-5
13	1.211208270593421e-5
14	9.765053780667962e-6
15	7.614370246636766e-6
16	6.034745175503121e-6
17	4.863544604444305e-6
18	4.054443562297828e-6
19	3.0169689985471283e-6
20	2.390708924214372e-6
