-20	6.332619034236264
-19	4.742654973906221
-18	3.5628183933452586
-17	2.642859580291556
-16	1.9545028529829571
-15	1.4291307198888068
-14	1.0376080654880413
-13	0.743507191096627
-12	0.5285154395985494
-11	0.36854063394303316
-10	0.2537754342413197
-9	0.17086055394873845
-8	0.11359879714180689
-7	0.07304175093053186
-6	0.04559781361464044
-5	0.027704144976301002
-4	0.01635581074811095
-3	0.009295259436688403
-2	0.005277745836049593
-1	0.0029479564014834093
0	0.0017007083049796782
1	0.0010326243464613266
2	7.181406105908373e-4
3	5.376313926025772e-4
4	4.039671371042563e-4
5	3.1744770357074973e-4
6	2.48516234657813e-4
7	2.0175962585593444e-4
8	1.5498744314769124e-4
9	1.2513662282100238e-4
10	1.003450553471503e-4
11	8.0214651355035e-5
12	6.316775074221834e-5
13	5.06315069376271e-5
14	3.960852430913127e-5
15	3.142501118134758e-5
16	2.5323311316346425e-5
17	2.0046972379692408e-5
18	1.6008098156076965e-5
19	1.2335011702799999e-5
20	9.926103599874928e-6
