-20	54.463994654080075
-19	43.224671242868915
-18	33.837289317998824
-17	26.454737936917947
-16	20.60452498688668
-15	16.16930765805304
-14	12.326951401021125
-13	9.590022921602356
-12	7.35411590077783
-11	5.608251939959256
-10	4.2391016182683225
-9	3.1527099280903803
-8	2.305722480712824
-7	1.6596575247275311
-6	1.2046815750187423
-5	0.8584372692663909
-4	0.6090637304510783
-3	0.4191696257578843
-2	0.2848851328826752
-1	0.1871624487286249
0	0.1222561704920898
1	0.07135599575259689
2	0.039053759525672894
3	0.022321933804279184
4	0.011953256102212394
5	0.007582998353174341
6	0.005095681700419358
7	0.0035833224965904405
8	0.002716464487351055
9	0.002057239050141098
10	0.0016004519586091278
11	0.0012398232938436752
12	9.859781920852771e-4
13	7.587607763416674e-4
14	6.170775297720865e-4
15	5.109387510640463e-4
16	3.9397439401157066e-4
17	3.097725638887662e-4
18	2.4546006887444816e-4
19	1.9989320384652075e-4
20	1.5503601254530046e-4
