-20	0.024689959331218318
-19	0.018627916835101878
-18	0.015493617380088948
-17	0.012796727978491953
-16	0.010347049705476232
-15	0.007736404216069908
-14	0.005912692565519104
-13	0.004859142457073779
-12	0.0038571361290772556
-11	0.003067013284481831
-10	0.0023121807896136727
-9	0.002010501373004699
-8	0.0015905044694947276
-7	0.0011808211445008003
-6	0.001033709594498984
-5	7.945470799175301e-4
-4	5.863326589772799e-4
-3	4.655372655805621e-4
-2	4.043444276361953e-4
-1	3.140620057027963e-4
0	2.442466522207132e-4
1	1.7126017791840395e-4
2	1.597257162778051e-4
3	1.2413639867891123e-4
4	9.385975570646089e-5
5	7.772225758332831e-5
6	6.464150513475407e-5
7	4.9161709946142746e-5
8	3.817735811140868e-5
9	3.177299592739301e-5
10	2.4903573351442036e-5
11	1.8798500516497333e-5
12	1.4765685377659293e-5
13	1.2713193841512584e-5
14	8.96279790814675e-6
15	7.814528746533533e-6
16	6.118329005208491e-6
17	5.0938769294917044e-6
18	3.846622155173292e-6
19	3.3311139314106225e-6
20	2.593027623264131e-6
