-20	55.08558490687867
-19	43.34145337140268
-18	33.91629722991128
-17	26.46205614135198
-16	20.71157604952278
-15	16.006006841585815
-14	12.349409510799939
-13	9.490050496658569
-12	7.233007239905465
-11	5.430385354136239
-10	4.054326177264668
-9	2.977091348277679
-8	2.18656112266012
-7	1.5550047868953838
-6	1.1219863899760152
-5	0.7792428101343003
-4	0.5462654130800906
-3	0.37338078264316693
-2	0.24791211870427177
-1	0.15805850584745051
0	0.09347848559581591
1	0.051207615714364864
2	0.02764290699398637
3	0.014533826305656911
4	0.00828818758201683
5	0.005063690324881082
6	0.003338872466669823
7	0.0023520609785045734
8	0.0017210934009569926
9	0.0013080619833406577
10	0.0010234393537301991
11	8.020032443277591e-4
12	6.281910616866182e-4
13	5.077432706635878e-4
14	3.9680545405685155e-4
15	3.163260735425034e-4
16	2.5184956356812544e-4
17	1.984355396182785e-4
18	1.5900588676977842e-4
19	1.269768255448227e-4
20	9.874811408865216e-5
