-20	2.957684970753953
-19	2.910890102527594
-18	2.8822246426523495
-17	2.822406455440734
-16	2.7475977246182093
-15	2.7340279410967208
-14	2.5714297005010467
-13	2.5506023821963177
-12	2.4131156392584305
-11	2.3911070913391357
-10	2.294533929417383
-9	2.162006177950243
-8	2.0511392697972886
-7	1.883057918206939
-6	1.7589823529818343
-5	1.5652023466244671
-4	1.4457092700741117
-3	1.3108456448661294
-2	1.1088925504059035
-1	0.9731314712303549
0	0.8085864973225013
1	0.6641081483085697
2	0.5239777119983057
3	0.41713153554477994
4	0.34308634280046424
5	0.2503259775539322
6	0.19141702866301158
7	0.14418669596149938
8	0.11347364399618189
9	0.08054104439015733
10	0.053624419330756644
11	0.035308507865153514
12	0.01970228255733521
13	0.010135217494237974
14	0.004219276605957096
15	0.0016837276178182589
16	3.18429853402635e-4
17	1.3287737053953148e-4
18	7.84456702022945e-6
19	6.348375233341821e-6
20	5.1661590888260956e-6
