-20	0.184751251321109
-19	0.14558216706427923
-18	0.11560945497555818
-17	0.0963312233011873
-16	0.07428928360176795
-15	0.05886370740450534
-14	0.048662619660960554
-13	0.038446452203689294
-12	0.03106869348980058
-11	0.025046059347476477
-10	0.01964093715485224
-9	0.01585338191636274
-8	0.012142955723090092
-7	0.009672297155329222
-6	0.007920381770346646
-5	0.006309921251617553
-4	0.004797836599663335
-3	0.0039262750569855655
-2	0.0029612016165967204
-1	0.002511228822152895
0	0.0019297920316812907
1	0.0015910592197960689
2	0.0012598601519311493
3	9.867495131102336e-4
4	7.830232046607401e-4
5	6.207844286277621e-4
6	5.1748633065846e-4
7	3.850096571190886e-4
8	3.148887409920229e-4
9	2.3990419860928794e-4
10	1.900070290024088e-4
11	1.560059381617207e-4
12	1.2434768972936647e-4
13	9.811741293770684e-5
14	7.544223078196312e-5
15	6.228484909165887e-5
16	4.865627119390254e-5
17	3.777130478906639e-5
18	3.065813023552848e-5
19	2.4514745636677672e-5
20	1.9231175928290232e-5
