-20	2.8137765814931552
-19	2.784544485658329
-18	2.669885676602715
-17	2.664827743008759
-16	2.519870545643127
-15	2.430056425482514
-14	2.335855295436375
-13	2.1788753573462234
-12	2.194293910440625
-11	1.9402812711173276
-10	1.9072460045490407
-9	1.6752487714761
-8	1.5876301308967398
-7	1.4195149739707285
-6	1.2626273495054632
-5	1.086696065627079
-4	0.9075654911280386
-3	0.745543686391905
-2	0.5899483815362583
-1	0.5017566157560062
0	0.3832192652495703
1	0.3071548588383057
2	0.2195711831144485
3	0.1704247976004542
4	0.12736283924318945
5	0.0975031182026067
6	0.0779241555385613
7	0.06014331773774107
8	0.049119582366593584
9	0.03871759396171907
10	0.029596058153401703
11	0.02221204447967028
12	0.01512794841239196
13	0.010384026164684314
14	0.0069019908614230885
15	0.004900552200073729
16	0.0034170559472630336
17	0.0025072783037701557
18	0.0020225358609854377
19	0.001557281984990777
20	0.0012147560571397478
