-20	0.023482383974432336
-19	0.018109278902900608
-18	0.013341906210424864
-17	0.010318070443210954
-16	0.008175753878470943
-15	0.006217297572796469
-14	0.004994919206750954
-13	0.003913525323849024
-12	0.0032917935434991492
-11	0.0027359396668163315
-10	0.0022369822415862044
-9	0.0018675778464494889
-8	0.0015476898784528685
-7	0.0012816121017153817
-6	0.0010607676743576292
-5	8.943707379035451e-4
-4	7.488292344128566e-4
-3	6.377516603896368e-4
-2	5.468882258865575e-4
-1	4.461675017355269e-4
0	3.898557760903265e-4
1	3.314612035161869e-4
2	2.7799760163011496e-4
3	2.2457933289880797e-4
4	1.8816421810305888e-4
5	1.538978936721655e-4
6	1.1918810626833216e-4
7	9.677758993969135e-5
8	7.70392031433591e-5
9	6.0231120679641315e-5
10	4.870369409892884e-5
11	3.916602312740418e-5
12	3.177016140313407e-5
13	2.438041561690909e-5
14	1.8936501960386847e-5
15	1.5470868365088212e-5
16	1.2131621109005995e-5
17	9.482131742706118e-6
18	7.515004221929305e-6
19	6.27389170497875e-6
20	4.746379665733233e-6
