-20	0.10314701873259131
-19	0.08314805808964447
-18	0.06418467601120725
-17	0.04946887271757519
-16	0.038492217972983335
-15	0.028589151851441275
-14	0.025210297081385998
-13	0.02222647082415597
-12	0.014606068166180545
-11	0.012743998795341636
-10	0.01118348059185744
-9	0.009098768047366373
-8	0.006447598254910916
-7	0.005396295715888321
-6	0.004660790914898291
-5	0.0035236859077741197
-4	0.0029439591093843717
-3	0.002301020651352095
-2	0.0022482329318952426
-1	0.0019107535747821822
0	0.0013340820072494108
1	0.0011763601362733155
2	9.701112841737893e-4
3	7.83042713477977e-4
4	6.525621697897867e-4
5	6.258936013429127e-4
6	4.734637010273246e-4
7	3.559999353167939e-4
8	3.056974175664097e-4
9	2.63349110084276e-4
10	1.8984023990341531e-4
11	1.2405182402642776e-4
12	1.220479009788285e-4
13	9.966376656222072e-5
14	6.782031475077991e-5
15	5.494522491495766e-5
16	4.9461282748467285e-5
17	3.577001994637347e-5
18	3.188519908643085e-5
19	2.221049935812331e-5
20	1.9533550084833703e-5
