-20	0.17239262701921113
-19	0.14001181277126848
-18	0.11198307919806848
-17	0.0898169776862727
-16	0.06974886395837233
-15	0.055501389014965374
-14	0.044241082500070035
-13	0.03562512507083457
-12	0.028811961393704594
-11	0.022793768012617257
-10	0.017554991640441688
-9	0.015266203034928625
-8	0.012097739786672201
-7	0.010009113490518997
-6	0.008247029639264223
-5	0.006649918561831706
-4	0.0054815912867191546
-3	0.004528095523170262
-2	0.0037428978013455717
-1	0.003247308385456898
0	0.0027221030306149897
1	0.0022471203268421606
2	0.0019304008897618142
3	0.0016073713948677093
4	0.0013307210073878909
5	0.001037497786391444
6	8.733602642770448e-4
7	6.993564396121334e-4
8	5.64348110333096e-4
9	4.80332043914497e-4
10	3.751542189579954e-4
11	3.116835806426702e-4
12	2.4087996052944675e-4
13	1.9490218344154076e-4
14	1.5361142957134502e-4
15	1.2347005780243082e-4
16	9.55020100958598e-5
17	8.019247810692919e-5
18	6.141306908331546e-5
19	5.110701335949901e-5
20	3.9598596463217606e-5
