-20	24.624413114270762
-19	18.58938735158586
-18	14.075212371295091
-17	10.492318560619152
-16	7.7897907087159695
-15	5.7207856256958
-14	4.153813163075792
-13	2.9836930693003505
-12	2.1131043443816315
-11	1.4630581080919167
-10	0.9987789431683152
-9	0.6654397200733047
-8	0.43281019436999113
-7	0.27506298001878965
-6	0.16806564137619803
-5	0.1015157019034977
-4	0.058924200645793665
-3	0.0327029119714332
-2	0.017988229750817486
-1	0.010014494186350786
0	0.0057401055814927555
1	0.0037067060005880883
2	0.0026038968522344975
3	0.001879203542445293
4	0.0015161581590856909
5	0.0012493098441388058
6	0.0010067864460153164
7	7.953279901835154e-4
8	6.239355521396505e-4
9	5.12415155068571e-4
10	4.0226636162393915e-4
11	3.2229832532619735e-4
12	2.464996965750347e-4
13	1.9763158530902982e-4
14	1.5442150971469487e-4
15	1.1953733632831632e-4
16	9.590349992369662e-5
17	7.812305800850628e-5
18	6.097065528110072e-5
19	4.720012884545061e-5
20	4.012050544300426e-5
