-20	23.08985869502657
-19	17.49996189319745
-18	13.158475364609005
-17	9.842277228192026
-16	7.286683947533796
-15	5.33397216727379
-14	3.8693087133618054
-13	2.774940747240901
-12	1.9672717267205377
-11	1.3651303207864969
-10	0.9418372401773167
-9	0.628946266835371
-8	0.4108598174412175
-7	0.26100824363251274
-6	0.15986496851324603
-5	0.09465946998408833
-4	0.05348108530965308
-3	0.028446803478445026
-2	0.014384773569263215
-1	0.006749318566775974
0	0.0029928930030511964
1	0.0012559955216740856
2	5.936410522510877e-4
3	2.942737568834623e-4
4	2.0171753103749178e-4
5	1.5278383228858484e-4
6	1.2935786181642595e-4
7	9.807503029564438e-5
8	7.979380731954184e-5
9	6.116053958634092e-5
10	4.9813222335740604e-5
11	3.766689518474519e-5
12	3.220173047311975e-5
13	2.5312781075702466e-5
14	1.975220147020818e-5
15	1.610596641645235e-5
16	1.2487122026953298e-5
17	1.0144412092196804e-5
18	8.157500952516541e-6
19	6.17765672093631e-6
20	5.0257855661380975e-6
