-20	26.508531493442312
-19	20.186873587784223
-18	15.211794298657301
-17	11.396805530682041
-16	8.4898113747196
-15	6.23799619152363
-14	4.562636970884171
-13	3.277747281678143
-12	2.320747825671923
-11	1.6205874355807581
-10	1.1086542839282894
-9	0.7411910649795393
-8	0.484136292129504
-7	0.30831374715132304
-6	0.1919516963356463
-5	0.11656005862852357
-4	0.06853558243232291
-3	0.04024972638684618
-2	0.022898124196672386
-1	0.013654882166937535
0	0.009222664154037375
1	0.006374632100573407
2	0.004654301529982972
3	0.0037824842194073903
4	0.0030945296865611833
5	0.002462448753574624
6	0.0018977137376774956
7	0.001490844084979972
8	0.0012201776377726132
9	9.562834103277571e-4
10	7.849356439485604e-4
11	6.226524741578209e-4
12	4.8515446197836416e-4
13	3.9475827755444166e-4
14	3.1606646531882876e-4
15	2.4744717020888863e-4
16	2.0531437660962926e-4
17	1.6005848771046214e-4
18	1.236273932995788e-4
19	9.414600527781896e-5
20	7.919791938712295e-5
