-20	0.633326247461284
-19	0.4841627726968528
-18	0.3725053612976732
-17	0.28651576596689304
-16	0.22173197228055325
-15	0.16459498375803652
-14	0.11827310901114699
-13	0.09438384072485333
-12	0.07464003809179386
-11	0.05512464739785301
-10	0.04425577783353055
-9	0.03514151395953091
-8	0.02672416856356992
-7	0.02196873193062446
-6	0.017339837250926093
-5	0.014207338220505412
-4	0.01089318311498035
-3	0.008576108641422383
-2	0.007087909141569551
-1	0.005821579089077941
0	0.004661675200377885
1	0.003722092092106383
2	0.0031229680124053127
3	0.002452911136472251
4	0.0019209640680350618
5	0.0015792287244761755
6	0.0012134109553535815
7	9.603195158524368e-4
8	6.654768462041342e-4
9	4.900023947837823e-4
10	3.420546985890355e-4
11	2.312783708360866e-4
12	1.629248769974058e-4
13	1.1482663318697113e-4
14	8.543490868360141e-5
15	6.522641179785843e-5
16	4.92092088795795e-5
17	3.899382030517441e-5
18	3.1406061687028116e-5
19	2.5086118235698325e-5
20	1.9554770916583174e-5
