-20	0.6236452447839375
-19	0.4925200970362292
-18	0.3945765959746068
-17	0.3159750024657509
-16	0.2583606429013702
-15	0.1954402411090847
-14	0.1593777585640735
-13	0.13446769821323665
-12	0.10215106843473461
-11	0.08464373862103611
-10	0.06725903359555001
-9	0.05354242882827049
-8	0.04633900641988783
-7	0.0358650079420643
-6	0.030630678143755415
-5	0.024302989908253955
-4	0.020385410101535193
-3	0.016654353810583424
-2	0.014619134246600666
-1	0.012163739984423912
0	0.009998578404590728
1	0.008553770761842725
2	0.00724556120222799
3	0.006322005307619268
4	0.005216087626618959
5	0.004368577603961714
6	0.003648846644608208
7	0.0029317957910129137
8	0.0023480642878561165
9	0.0018862199498762876
10	0.0015290476867489604
11	0.0012364145996524231
12	9.765240865886641e-4
13	8.151488835957803e-4
14	6.140516348927133e-4
15	4.83507007790746e-4
16	3.947517151794568e-4
17	3.14145666450279e-4
18	2.4910263730939586e-4
19	1.8852362484969993e-4
20	1.5436496252020266e-4
