-20	0.01086308629678888
-19	0.008254784716673052
-18	0.006224618132419792
-17	0.004606227661321662
-16	0.0037020102917061292
-15	0.002755762604587197
-14	0.0022105735476567545
-13	0.0018133610876493232
-12	0.0015320456884096703
-11	0.001234509734424924
-10	0.0010222775917358294
-9	8.731471917747726e-4
-8	7.339822822510093e-4
-7	6.065038835870339e-4
-6	5.175849024936799e-4
-5	4.3550125666483026e-4
-4	3.6530520005604656e-4
-3	3.0832555592153095e-4
-2	2.6116194149078517e-4
-1	2.3550248786439538e-4
0	1.9798332511183659e-4
1	1.7000457325552686e-4
2	1.4126588527021066e-4
3	1.1248450909483579e-4
4	9.472332115816234e-5
5	7.486790977958347e-5
6	6.050282945336102e-5
7	4.909148509430578e-5
8	4.000604891481768e-5
9	3.01163795172466e-5
10	2.4905138411279074e-5
11	1.855700924634035e-5
12	1.5549818421068888e-5
13	1.1943254191204898e-5
14	1.0064532878234997e-5
15	7.751984121990863e-6
16	6.106697737514866e-6
17	4.855132886709119e-6
18	3.8152732324287215e-6
19	3.0054818205211476e-6
20	2.476996971106768e-6
