-20	42.22624428680358
-19	34.817479889961305
-18	28.90748812177309
-17	24.179388413715074
-16	20.33356324913855
-15	17.30996875168105
-14	14.887444878210943
-13	12.894563862199664
-12	11.245907741783874
-11	9.860578303265486
-10	8.709599700791873
-9	7.744217963177139
-8	6.9395354750190625
-7	6.282154919212795
-6	5.744338689354255
-5	5.311152655711126
-4	4.965924609178227
-3	4.694991712722002
-2	4.482029415910808
-1	4.321238648095903
0	4.2045836578988585
1	4.122598532680725
2	4.068542721725879
3	4.035070605520187
4	4.015855529247577
5	4.007461553216489
6	4.001895942344166
7	4.000880417013661
8	4.000377998341781
9	4.000266623639399
10	4.000060272646224
11	3.9997533315381375
12	3.9593362445134153
13	3.5164990076070213
14	2.6277220560448704
15	2.08300048969717
16	1.934173975564543
17	1.9178786291375167
18	1.9161928721970507
19	1.8928431119568445
20	1.9146233298709772
