-20	0.05181799005102349
-19	0.05129360867296299
-18	0.05178444914069364
-17	0.05160318788056468
-16	0.05131853228716477
-15	0.051977461880766795
-14	0.05114232961395415
-13	0.0516351805626203
-12	0.051728593009097656
-11	0.05136632703701081
-10	0.05091742701101033
-9	0.05142010725785883
-8	0.05143437871549119
-7	0.05140527696732221
-6	0.05090981211917684
-5	0.051185215272278074
-4	0.051077658752825786
-3	0.05172638468813568
-2	0.051498474107172613
-1	0.05101783018330017
0	0.05081365165445887
1	0.0505044922416078
2	0.04977161284975453
3	0.04913544154932247
4	0.04556311874786826
5	0.041326694625684904
6	0.03425511458548818
7	0.02370832666680254
8	0.013612288826145296
9	0.006109924789420653
10	0.002316198586734788
11	0.0011091138024038746
12	6.060067297015409e-4
13	3.705946555559606e-4
14	2.3941292036706852e-4
15	1.7431172196642368e-4
16	1.2973143825848534e-4
17	9.938092878497429e-5
18	8.087301436994204e-5
19	6.29961198805877e-5
20	5.000245480514106e-5
