-20	1.5911049185424748
-19	1.4328090678740828
-18	1.2495475527178432
-17	1.0736322027195757
-16	0.8720267319009108
-15	0.7454782966186871
-14	0.5926083904833974
-13	0.4782380932679109
-12	0.36688832563785073
-11	0.2841149024943055
-10	0.20355534446810164
-9	0.15093051027536888
-8	0.11660987520439801
-7	0.08215036234698467
-6	0.06361344627591065
-5	0.05327626720050584
-4	0.04109250498772881
-3	0.030853751166549672
-2	0.025556913187624066
-1	0.020790967081210587
0	0.01607322084540856
1	0.012300018336043309
2	0.010199915997440065
3	0.00786823970889003
4	0.0063421810786021635
5	0.00506955057817449
6	0.0038824093071122283
7	0.0031894861230126726
8	0.002593252192647494
9	0.0019807904297253058
10	0.0015252247683543536
11	0.0012472275495237248
12	9.99025797669159e-4
13	8.094715419654959e-4
14	6.068466882854157e-4
15	4.864589903798125e-4
16	3.873887988600588e-4
17	3.23697327376167e-4
18	2.4826895263493237e-4
19	1.9641770358790127e-4
20	1.4901186118339822e-4
