-20	6.080150907422563
-19	4.9336660388613875
-18	3.9601131574379513
-17	3.141168818115497
-16	2.5073638899016495
-15	1.9747846936882634
-14	1.5904139755761755
-13	1.2863404184757816
-12	0.9966405134710543
-11	0.7810083749484025
-10	0.6192746800153943
-9	0.4942338930673459
-8	0.4004291366794645
-7	0.31053862653596886
-6	0.24621190788338695
-5	0.19360103879369098
-4	0.1536892329256339
-3	0.12335022574496445
-2	0.09957011230105071
-1	0.07953343910696622
0	0.06375889304774573
1	0.0501030008238811
2	0.03915885939756382
3	0.03210026242629166
4	0.02509358015419876
5	0.01937286596252971
6	0.01560434547219755
7	0.012561633607421168
8	0.009875605003258327
9	0.007795366346616496
10	0.006313131852646872
11	0.004875345080879585
12	0.003986586092767803
13	0.003153175727442622
14	0.0024982959632510638
15	0.001992870474690469
16	0.001549802120005213
17	0.001259173404457378
18	9.799190287723683e-4
19	8.016415293928154e-4
20	6.323725047336769e-4
