-20	2.540656699324309
-19	2.4194287752378107
-18	2.3029096586109588
-17	2.2080866699246324
-16	2.0257573286657813
-15	1.9646681856404924
-14	1.750773856402024
-13	1.6508891129417145
-12	1.529187430092977
-11	1.2412232840790347
-10	1.0788900474294643
-9	0.932686869051303
-8	0.7022331014437181
-7	0.5297841702625337
-6	0.3641842402756871
-5	0.24951248514786808
-4	0.15449741668597428
-3	0.08671444006919375
-2	0.06887340157378
-1	0.029816000908842823
0	0.022376791448905968
1	0.015464848425413954
2	0.01124648965700968
3	0.008406756382056011
4	0.006593158771844483
5	0.005112829149340569
6	0.003780961161428365
7	0.002974099065571887
8	0.0025660907030279727
9	0.0019792581744836283
10	0.0016084042971431795
11	0.0012729050879234025
12	0.0010016167187083098
13	7.639536532298375e-4
14	5.98322678878447e-4
15	4.863070029223564e-4
16	3.8609840583476784e-4
17	3.1924050697292126e-4
18	2.467646539025844e-4
19	1.9349550995536322e-4
20	1.5299326450013951e-4
