-20	25.995024009023894
-19	19.709628279652733
-18	14.916456622362437
-17	11.145070477314606
-16	8.274635237370447
-15	6.089734081168359
-14	4.443875325989138
-13	3.177681347691199
-12	2.2541650333500662
-11	1.5691553482905043
-10	1.0721272690198993
-9	0.7189235833252147
-8	0.46797824752507194
-7	0.2956938328140457
-6	0.18369303041035884
-5	0.11026309981915261
-4	0.06365312251122021
-3	0.03690023363096891
-2	0.01986056972754804
-1	0.011413460730114877
0	0.006832014638249109
1	0.004329687174080152
2	0.0031722314128063162
3	0.0024711981552211102
4	0.001933492949880895
5	0.001563446827355093
6	0.0012613273074813794
7	0.0010001185224458422
8	7.765629088741793e-4
9	6.230242550326982e-4
10	4.906306684030575e-4
11	3.934579671693309e-4
12	3.1386015146723416e-4
13	2.4738518168345103e-4
14	2.0024799365957836e-4
15	1.562346338746772e-4
16	1.263738247694369e-4
17	9.90874062433442e-5
18	7.866501474256056e-5
19	6.311760816044373e-5
20	5.0103594819570265e-5
