-20	2.649663461704302
-19	2.7340022533220547
-18	2.6148444744363712
-17	2.70505716179572
-16	2.429035758387703
-15	2.3996688827950328
-14	2.580835622842352
-13	2.3075437129045624
-12	1.766400235569711
-11	1.7408058707716056
-10	1.331485929530356
-9	1.0057233718524954
-8	0.8116540909667419
-7	0.8267339210405291
-6	0.6270062649957746
-5	0.1769312138656764
-4	0.29054615266624984
-3	0.15554665582647284
-2	0.04052347382423493
-1	0.03997239646420804
0	6.511401208323724e-4
1	4.708440454910609e-4
2	3.5703716848557135e-4
3	2.921035959115298e-4
4	2.0504733190835158e-4
5	1.873382314785676e-4
6	1.336406994549661e-4
7	1.0288933891448088e-4
8	7.74352031796634e-5
9	6.102826864953779e-5
10	4.430289423007098e-5
11	4.521676014987369e-5
12	3.2449348049259614e-5
13	2.4405715185190994e-5
14	2.0957063527197072e-5
15	1.532886611154646e-5
16	1.2831077855007407e-5
17	9.537080467530341e-6
18	8.569085784465437e-6
19	6.47400675445501e-6
20	4.931101756891434e-6
