-20	0.05115735645154415
-19	0.05080184450510568
-18	0.051782604360091716
-17	0.05151861798167673
-16	0.051357541674487264
-15	0.05156387083459141
-14	0.0511276774121281
-13	0.05207397919664436
-12	0.05169906203780768
-11	0.051394164628625165
-10	0.05152795172676
-9	0.0515283655643956
-8	0.05191446933525589
-7	0.051075223356514717
-6	0.05170141105941113
-5	0.05154404360498446
-4	0.051483347284598927
-3	0.05147560030577305
-2	0.05119199620111891
-1	0.05155597619432953
0	0.05044315756090434
1	0.04962316230224875
2	0.046667956169412474
3	0.04218592857341916
4	0.03462353477526356
5	0.022574741289214703
6	0.010443549999762072
7	0.0032996277570463716
8	0.0011546453300160858
9	4.680718787854674e-4
10	2.075553477941282e-4
11	1.0542947848152324e-4
12	5.877927584982289e-5
13	3.612313351896167e-5
14	2.3783501330331123e-5
15	1.7224349378705586e-5
16	1.2859706822209352e-5
17	9.917345602316503e-6
18	7.947723555430374e-6
19	6.302238004078105e-6
20	4.976793413076641e-6
