-20	58.31094058313677
-19	45.07974929492532
-18	34.57446745732976
-17	26.488727986125586
-16	20.21144802792936
-15	15.35556268067286
-14	11.574212499980229
-13	8.623464769533536
-12	6.397108855572618
-11	4.720982942159065
-10	3.439692698114022
-9	2.4773034709194306
-8	1.7720477499267604
-7	1.242089968969909
-6	0.8611415877530435
-5	0.5867256586633177
-4	0.3920686972871547
-3	0.2578160619478699
-2	0.1649299949270138
-1	0.103514754031665
0	0.06276250093871699
1	0.03751389883027711
2	0.02212398282659296
3	0.012510015909412538
4	0.006934065310207643
5	0.0037721400539420876
6	0.002024875001872501
7	0.0010448847229989242
8	5.917323818601222e-4
9	3.4833086205454704e-4
10	2.2272506545661442e-4
11	1.5670065296924537e-4
12	1.27735220446293e-4
13	1.0074410707075951e-4
14	7.709773882597499e-5
15	6.086968363034887e-5
16	4.801247532796152e-5
17	3.865588429197316e-5
18	3.0241942768745643e-5
19	2.4752694145376076e-5
20	1.9850264282034308e-5
