-20	36.33468395667879
-19	28.09320071057618
-18	21.522188241405555
-17	16.304416655754927
-16	12.337632269783205
-15	9.384238413170854
-14	6.872877359586354
-13	5.010718052206289
-12	3.8443816350278053
-11	2.7630680236885916
-10	2.0828225288347606
-9	1.4934971772571848
-8	1.0555637891799354
-7	0.7655296567366178
-6	0.5525644775481401
-5	0.3975321043913821
-4	0.2866043799074457
-3	0.21866525589434535
-2	0.16037515601225488
-1	0.12876354775453872
0	0.10781055425244059
1	0.08779984227609847
2	0.07173785868512009
3	0.058581261695542786
4	0.04787721839656354
5	0.03834107004025043
6	0.030866105893694908
7	0.024735537424068747
8	0.020069082418481262
9	0.015540101742402243
10	0.012500012303384298
11	0.009883860954725139
12	0.00786828381906619
13	0.006607193576166101
14	0.00486704290142263
15	0.003955365413155377
16	0.0031312250419204034
17	0.002412713713752705
18	0.0019806868143516063
19	0.0015945378134073526
20	0.0011821800318643323
