-20	22.06892976007943
-19	16.692621629461037
-18	12.56027535854262
-17	9.377411897882883
-16	6.9530540884810526
-15	5.095563403355507
-14	3.7045062706130776
-13	2.6566683033247895
-12	1.881371041798651
-11	1.3142068819613888
-10	0.899991203684612
-9	0.6041515134501774
-8	0.3950867445329711
-7	0.2511082073499609
-6	0.15404448303479593
-5	0.0910960433237802
-4	0.05119790361949389
-3	0.02709650653834949
-2	0.01347342692536836
-1	0.006215268986897437
0	0.0026253253129164323
1	0.0010635685845600661
2	4.2190960095821574e-4
3	1.8795524720099528e-4
4	1.1112407916022002e-4
5	7.679467536569652e-5
6	6.31326885236554e-5
7	4.7743292398429335e-5
8	3.974751663090509e-5
9	3.031468196189781e-5
10	2.4049141660568414e-5
11	1.916073388797108e-5
12	1.5515621140695583e-5
13	1.2203246778047424e-5
14	9.890442929834595e-6
15	7.733210241172279e-6
16	6.104723456425265e-6
17	4.848157435442764e-6
18	3.83659729098149e-6
19	3.051447296947006e-6
20	2.401437843692002e-6
