-20	3.0156923066987704
-19	2.496697068743446
-18	2.0135393613611683
-17	1.5953160447127617
-16	1.2381183428053952
-15	1.0198266467670236
-14	0.8034196124854192
-13	0.6332803954172499
-12	0.48914949658416335
-11	0.38573207647888497
-10	0.3117435785757521
-9	0.24988123685823166
-8	0.1996579686444216
-7	0.15525899058082387
-6	0.12215633578506431
-5	0.0992545032545018
-4	0.07868069429887396
-3	0.06285593321482714
-2	0.04878040288814512
-1	0.038035799173772866
0	0.031159039343349484
1	0.02518880122312944
2	0.01896098122624036
3	0.015790146399684138
4	0.0125185130411447
5	0.009864343603843735
6	0.00783833485373448
7	0.006206631913663278
8	0.00500668310366634
9	0.0038272285868269414
10	0.0031474542593417734
11	0.0024347349036484404
12	0.0019363553032459777
13	0.0015486405128671973
14	0.0012374251820412383
15	9.730819511233758e-4
16	7.832250240766719e-4
17	6.284199056429026e-4
18	4.98442523409582e-4
19	3.879531672449099e-4
20	3.1714571306868067e-4
