-20	50.94327206808954
-19	39.35705459807093
-18	30.138888919437505
-17	22.770916708267833
-16	17.225521878186242
-15	13.149064801146032
-14	9.898437609802455
-13	7.287272054520896
-12	5.471064787129692
-11	3.97617418887291
-10	2.8678758810932825
-9	2.0681074382154474
-8	1.4373620533667493
-7	1.0123772011350696
-6	0.6714981703729462
-5	0.43745063862211325
-4	0.27299260378419005
-3	0.16609664290503398
-2	0.09533767844904688
-1	0.05320664570721434
0	0.028216654818530418
1	0.013911579037490303
2	0.006430094034805241
3	0.002729422141074111
4	0.0010682912107084458
5	3.794997185971562e-4
6	1.5228698163865397e-4
7	6.804520185441044e-5
8	4.299135981412916e-5
9	2.960922914515099e-5
10	2.2172809023375826e-5
11	2.012433408647239e-5
12	1.5690264524139772e-5
13	1.209922836539836e-5
14	8.812210427218925e-6
15	8.436345492305816e-6
16	6.869992912302636e-6
17	5.024323320279245e-6
18	3.7001280382056776e-6
19	3.12961349195928e-6
20	2.4954839216747626e-6
