-20	3.901401356446227
-19	3.201284476053126
-18	2.4839687034927387
-17	1.9619448608649694
-16	1.5242651937367817
-15	1.1727392518727686
-14	0.9401405116282014
-13	0.7863523486660567
-12	0.6033488967512618
-11	0.4696315265798703
-10	0.3639343676797156
-9	0.301730620212371
-8	0.23332394743194573
-7	0.1837400351624931
-6	0.1512857679108711
-5	0.12432396296010281
-4	0.09892062895799374
-3	0.07837973513704355
-2	0.06462258039960302
-1	0.055348535345369876
0	0.04369942736675694
1	0.037396742149824184
2	0.029441150602684138
3	0.02529591740510959
4	0.021181283647422285
5	0.017335878396368687
6	0.013852224313763836
7	0.01230919992723612
8	0.009824793905852731
9	0.007819637673845877
10	0.0063470733278671865
11	0.0048233250723774025
12	0.003863754625012762
13	0.003085441127535004
14	0.0025005490847774207
15	0.001958340172034059
16	0.0016349120328220605
17	0.0012657032099541786
18	9.895698693382095e-4
19	7.6666615702928e-4
20	6.105431152509978e-4
