-20	0.5981457659060139
-19	0.4877998516493292
-18	0.36408405635782626
-17	0.28154364244522423
-16	0.21792901255025762
-15	0.16700184576490815
-14	0.13111419391770718
-13	0.09439555489254954
-12	0.07571510426145048
-11	0.06086738601110154
-10	0.047888883990233125
-9	0.038117296114781166
-8	0.030871870215011508
-7	0.026405912329046963
-6	0.020725288326677693
-5	0.016823371969161765
-4	0.012773852757466559
-3	0.010622243936279039
-2	0.008954001183693088
-1	0.007334292594086221
0	0.006093152071266103
1	0.004848954734719759
2	0.003995576419269032
3	0.0033406255921594025
4	0.0026896987016087268
5	0.0020807099188793607
6	0.0014973207242516713
7	0.0010000476695590846
8	6.530640659469996e-4
9	4.1638589575330266e-4
10	2.525240456016168e-4
11	1.522104167608421e-4
12	9.438519939428607e-5
13	6.434536510197464e-5
14	4.441277505313355e-5
15	3.3923693682691455e-5
16	2.508405384353575e-5
17	1.9544247184830514e-5
18	1.5332982885215608e-5
19	1.2427453362138409e-5
20	9.797224643602632e-6
