-20	0.24912005380215202
-19	0.20635056849138822
-18	0.16423280231316068
-17	0.12788128860644507
-16	0.10234307064986024
-15	0.08189446689736106
-14	0.06563558603505529
-13	0.05331297603797908
-12	0.04374617594340487
-11	0.03537929967680312
-10	0.027858872461843015
-9	0.02145720279596814
-8	0.018032361905746464
-7	0.014339868288216607
-6	0.011833283769055254
-5	0.00906005504446568
-4	0.007552654121016914
-3	0.00640332151079945
-2	0.004991893252942419
-1	0.003998446191711383
0	0.0032346055173199267
1	0.002556361519596646
2	0.002135549387781443
3	0.0018599749994068005
4	0.0014304315533345859
5	0.0011394565518159881
6	9.102607605846314e-4
7	7.44354411418887e-4
8	6.150033759965153e-4
9	4.728059391748616e-4
10	3.8669628698803936e-4
11	3.018279677964672e-4
12	2.447465566529e-4
13	1.9602732088407236e-4
14	1.617632654035448e-4
15	1.235808602722924e-4
16	9.481915691658993e-5
17	7.553112850203154e-5
18	6.212987498031666e-5
19	5.0839321416284246e-5
20	4.067851835419752e-5
