-20	0.0726602196024674
-19	0.06191950074233998
-18	0.0478509081419198
-17	0.038323156963547884
-16	0.03140269319298894
-15	0.02492618842804657
-14	0.01984853867294838
-13	0.015653499345953194
-12	0.012355341017440692
-11	0.010161228465809288
-10	0.008253791925649168
-9	0.006676531066835952
-8	0.005349654264800871
-7	0.004599655311656004
-6	0.0034555419440121973
-5	0.003057857922197898
-4	0.0024925307748000845
-3	0.002013028811755675
-2	0.0017105114737006972
-1	0.001460102238762575
0	0.001240264812384381
1	0.0011090482265930317
2	9.078353222375107e-4
3	7.900458059585152e-4
4	6.512417174217246e-4
5	5.740368144261307e-4
6	4.593115454407221e-4
7	3.7163228782218687e-4
8	2.97691437598693e-4
9	2.494157245876916e-4
10	1.94657930621258e-4
11	1.571050693352506e-4
12	1.2425072223559542e-4
13	1.005844850001301e-4
14	7.967675895593562e-5
15	6.137645502521772e-5
16	4.9667809401379156e-5
17	4.0119411078188863e-5
18	3.138959319689273e-5
19	2.4855480075795417e-5
20	1.968300225150946e-5
