-20	28.639070013242485
-19	22.56447857423369
-18	18.249330688169607
-17	13.944805651725414
-16	11.380066311351287
-15	8.765887472626074
-14	6.989586709694552
-13	5.73678795566973
-12	4.419180133753558
-11	3.3442820450244946
-10	2.4588738326003803
-9	1.9481841234472943
-8	1.4346184804738555
-7	1.1498093948663186
-6	0.9023860783861383
-5	0.6472521869595285
-4	0.4079544207392731
-3	0.3254395058802445
-2	0.2036423501327893
-1	0.15819374029231525
0	0.12012715844978317
1	0.09218770649045793
2	0.07191293806059282
3	0.04928592748830423
4	0.04118402028037023
5	0.03203309036466128
6	0.025320143824099882
7	0.01995441099407236
8	0.015228768025838087
9	0.012644892901400128
10	0.009974283761456496
11	0.00764292341133765
12	0.006403838249068154
13	0.0054264290749965844
14	0.00391401845271251
15	0.003264194692335127
16	0.002438008594523258
17	0.001981948718170928
18	0.0015460749478919402
19	0.0011692427074402334
20	9.150990247037198e-4
