-20	16.427630596805738
-19	12.589345359807574
-18	9.601140730293496
-17	7.2590900937841285
-16	5.503617972771182
-15	4.16272760712301
-14	3.12282239471565
-13	2.3368303975902895
-12	1.7351291858471265
-11	1.272776529481885
-10	0.9266682292746158
-9	0.6685427649521477
-8	0.48224229915127553
-7	0.3402256554803534
-6	0.23537965377710274
-5	0.16155642271002252
-4	0.10952942191272982
-3	0.07214983208447336
-2	0.04698764637020878
-1	0.030283086886640814
0	0.019338440344108313
1	0.011900062625701183
2	0.007475823700599337
3	0.004748335538112335
4	0.0029891357731859527
5	0.0018862059447700289
6	0.0012607320187906469
7	8.490138669577874e-4
8	5.66007042478378e-4
9	4.027067469737461e-4
10	2.728134216814298e-4
11	1.990489713376323e-4
12	1.4247461048813755e-4
13	1.069490593366414e-4
14	8.129905438380903e-5
15	6.248379422082586e-5
16	4.8033073917297006e-5
17	3.9506803660154075e-5
18	3.061294637871721e-5
19	2.4469339110250374e-5
20	1.9756632029606804e-5
