-20	12.67937537019164
-19	9.595784683841751
-18	7.231767532130718
-17	5.386669003754511
-16	4.0066929656875585
-15	2.9435592820666705
-14	2.144226835758587
-13	1.5417910324091244
-12	1.0934190905040995
-11	0.7628485185518492
-10	0.5233761394963773
-9	0.35063089251718776
-8	0.2284321673675257
-7	0.14596848043021415
-6	0.08973932114575124
-5	0.052961074168339735
-4	0.029703546261840318
-3	0.015952632157800982
-2	0.007962649148930055
-1	0.0037530364547388104
0	0.001660694208806074
1	6.906916141510906e-4
2	3.0599028908075425e-4
3	1.643394126407548e-4
4	1.0306959351205683e-4
5	7.546955634176522e-5
6	5.931892452612456e-5
7	4.8955679928455906e-5
8	4.063510982490423e-5
9	3.103255820816927e-5
10	2.353979868566275e-5
11	1.963452058512869e-5
12	1.5823133697025514e-5
13	1.2138629419972957e-5
14	9.805706110629541e-6
15	8.058961694538758e-6
16	6.252453822903186e-6
17	4.922259864270196e-6
18	3.910103051425547e-6
19	2.958558818850115e-6
20	2.4602190991491046e-6
