-20	64.52886069098243
-19	51.15328826820228
-18	40.600516131610576
-17	32.33604371438623
-16	25.587676168144977
-15	20.229446678200613
-14	16.215652098067057
-13	12.839677393308163
-12	10.249929811199081
-11	8.082226934828046
-10	6.292341313482467
-9	4.990804497769979
-8	3.859131150873556
-7	3.1278456810675292
-6	2.3910514220135886
-5	1.8849368866340868
-4	1.476489578182261
-3	1.1557773693550943
-2	0.8361062653912924
-1	0.6401963926926748
0	0.4474612526441949
1	0.3104442786781319
2	0.19938732977696544
3	0.11372592362842832
4	0.06353586983610653
5	0.022716425103885076
6	0.014488396645596036
7	0.0034644126457787643
8	0.002575484790085903
9	0.0010634966484643384
10	8.083554796313934e-4
11	6.266463737647137e-4
12	4.866275174724297e-4
13	3.86000522272536e-4
14	3.073493583709858e-4
15	2.472056776725084e-4
16	1.9644357418364543e-4
17	1.5737304511539475e-4
18	1.2197587819941173e-4
19	9.915840629158402e-5
20	7.727809199461039e-5
