-20	0.4242920021769166
-19	0.31718914078083416
-18	0.2873088510115285
-17	0.2128650926183708
-16	0.18650908554432613
-15	0.15400415903133322
-14	0.12538633284109696
-13	0.10424031559090789
-12	0.10439945018577154
-11	0.08204353612666185
-10	0.06561743452685039
-9	0.054388495249880216
-8	0.048309436789568706
-7	0.033387637775015966
-6	0.026305445514652026
-5	0.018410431959611357
-4	0.011159846449878394
-3	0.007537037965648907
-2	0.0043649646725198036
-1	0.002075427898335794
0	0.0013385977225396377
1	7.402915228874083e-4
2	4.106230304391834e-4
3	2.1332979366386215e-4
4	1.2968910445303725e-4
5	8.553086181712495e-5
6	5.014934115844658e-5
7	3.574608125026476e-5
8	2.1877882913280428e-5
9	1.6828941439855078e-5
10	1.2256325812720259e-5
11	9.056580752704808e-6
12	7.376530846307766e-6
13	5.426724779304868e-6
14	5.287366381119868e-6
15	3.6271211502833594e-6
16	3.666253550352892e-6
17	2.395725745981415e-6
18	2.12312173553876e-6
19	1.4294332842487078e-6
20	1.1300000882663051e-6
