-20	38.371474100139714
-19	29.45070912136393
-18	22.594846355697538
-17	17.209156980782158
-16	13.031735663389304
-15	9.815874978616295
-14	7.349979455395001
-13	5.449959151312717
-12	4.012256688694224
-11	2.9259005072893935
-10	2.1018712441898946
-9	1.4906433375481818
-8	1.0439961203626682
-7	0.7156961845306002
-6	0.48082286900485205
-5	0.3140830725625124
-4	0.19947396873551443
-3	0.12303516032588593
-2	0.07265503585549682
-1	0.04088089423857021
0	0.021826877474359924
1	0.01093819412901344
2	0.004989111415123291
3	0.002132974930959101
4	8.841969021983802e-4
5	3.6680872523244115e-4
6	1.6937535652848722e-4
7	1.0701318541815137e-4
8	7.760690492143506e-5
9	5.886160720299134e-5
10	4.868434350258195e-5
11	3.918810935904526e-5
12	3.1197418498272704e-5
13	2.4614137225274436e-5
14	1.99186921115799e-5
15	1.5450292529015245e-5
16	1.2145828214151164e-5
17	9.767185500589898e-6
18	7.787609682047063e-6
19	6.194908236857535e-6
20	4.930000704181415e-6
