-20	0.8365379553630424
-19	0.6483134661626909
-18	0.5203711239781734
-17	0.40186069123090246
-16	0.327251735418163
-15	0.2543647597881787
-14	0.20023003094139596
-13	0.15169848866329258
-12	0.1265351738981404
-11	0.10052505789007432
-10	0.07854438094025472
-9	0.06616917255526396
-8	0.05063780574016507
-7	0.04090209320969625
-6	0.03315446414825403
-5	0.027049471783584515
-4	0.02236492186013849
-3	0.018894304510223787
-2	0.015112651007109576
-1	0.012343585316198145
0	0.010284400828395978
1	0.008919102178313232
2	0.007392233661451048
3	0.006070088245734924
4	0.00510431817927808
5	0.004519883106997503
6	0.0035864721264570647
7	0.003067991699152963
8	0.0024363632130595604
9	0.0018844508215517326
10	0.0015707311216960264
11	0.0011664035545324684
12	9.503468172590424e-4
13	8.040347054403606e-4
14	6.270291842129286e-4
15	4.912593546367047e-4
16	3.9204495142936555e-4
17	3.109631443823633e-4
18	2.535769297889281e-4
19	1.997086301080313e-4
20	1.5095317359351362e-4
