-20	49.606970647170286
-19	38.096865474666096
-18	29.16244086888613
-17	22.260068553595836
-16	16.86226989034495
-15	12.733843951193165
-14	9.55568281287669
-13	7.096852243092012
-12	5.2382215573736985
-11	3.8084716861875525
-10	2.743948827084504
-9	1.9500106571607674
-8	1.3636282718565351
-7	0.9390622406829522
-6	0.6324612388046403
-5	0.41602827456377944
-4	0.26489287848336557
-3	0.16315460632191858
-2	0.09672192581445957
-1	0.05442446749182426
0	0.02934573306276206
1	0.014688997246192062
2	0.007206941878493877
3	0.003351152001419352
4	0.0015776859628032008
5	8.180127624223772e-4
6	5.4345168458605e-4
7	3.8285297431209204e-4
8	3.133616595108278e-4
9	2.4373992214718777e-4
10	2.0033949623227598e-4
11	1.5814978232191534e-4
12	1.2002446144607359e-4
13	9.555528049297585e-5
14	7.631882165372874e-5
15	6.214938740062585e-5
16	4.947821452768641e-5
17	3.906756506638896e-5
18	3.155391513173026e-5
19	2.477597832500319e-5
20	1.8963455061145305e-5
