-20	1.9384702357526913
-19	1.7286722832161947
-18	1.647738978415614
-17	1.4065331265819903
-16	1.1871059416446388
-15	0.9676545669104755
-14	0.752245796037563
-13	0.5189865780307384
-12	0.3493007104662718
-11	0.20564100362126078
-10	0.10610612715894747
-9	0.047859810781980844
-8	0.024874142100901945
-7	0.010501311705881968
-6	0.006843426875096883
-5	0.0046124254092171635
-4	0.003036285447886693
-3	0.0019856541112087765
-2	0.0013969778246292735
-1	9.66731502590063e-4
0	7.069870415738439e-4
1	4.773238197149823e-4
2	3.5818276128143136e-4
3	2.638889117208699e-4
4	2.0378032272143568e-4
5	1.5822162217626467e-4
6	1.2411344181881344e-4
7	9.499120885857633e-5
8	7.529780435491324e-5
9	6.25546256209156e-5
10	4.8198935532923246e-5
11	3.8188306763651605e-5
12	2.980567076345711e-5
13	2.43757904293339e-5
14	2.001838964233349e-5
15	1.5671055168054644e-5
16	1.1510822226713954e-5
17	1.0094123131191414e-5
18	7.800836772541597e-6
19	6.287843650884005e-6
20	4.823104009557777e-6
