-20	44.10327914457022
-19	35.81053416222048
-18	28.5030134502647
-17	23.21358851412359
-16	19.004034395474072
-15	15.573672688895961
-14	12.99842030875859
-13	10.597496407960193
-12	8.955059948563688
-11	7.532041572746532
-10	6.48576979483067
-9	5.732706329816643
-8	5.060208723987334
-7	4.550588234502442
-6	4.219638025756683
-5	3.903439799955496
-4	3.720684834976692
-3	3.5138916504583495
-2	3.420903420672878
-1	3.2934886282517857
0	3.1121646398530785
1	2.9172361033144916
2	2.747460762986123
3	2.4761118469074344
4	2.3133619247361237
5	2.09366811738934
6	1.9990925834837807
7	1.8928404473747462
8	1.8659267260120687
9	1.8994873138363968
10	1.922707553410457
11	1.91575996614695
12	1.8823635268593741
13	1.9609311561923608
14	1.8717944774909054
15	1.9144166359834174
16	1.9481922580007605
17	1.904773225252876
18	1.8858650725808348
19	1.9265218979688439
20	1.8953051079586887
