-20	2.9482695131079306
-19	2.894219057775552
-18	2.8643146574510063
-17	2.8178918841893914
-16	2.758761789833388
-15	2.6273477350938146
-14	2.6164488915777593
-13	2.5589253700212544
-12	2.4509135849224992
-11	2.367685635229576
-10	2.2806791233834587
-9	2.1700312950171545
-8	1.984104398719775
-7	1.8860419560759218
-6	1.7602894008502925
-5	1.5561452250132681
-4	1.3996902393721469
-3	1.2469852192802164
-2	1.0602388852135625
-1	0.9030495176132736
0	0.7804338785960898
1	0.6456214188904218
2	0.509645914336823
3	0.3750336428890846
4	0.2755705458389798
5	0.2142823113314942
6	0.167194484569878
7	0.12697548223967645
8	0.10095411425042268
9	0.07874751711890098
10	0.0607656823131193
11	0.046807275158267776
12	0.03624636699089018
13	0.02581026574820835
14	0.017848057359658796
15	0.012322449626051135
16	0.008311468546959147
17	0.005878890322560752
18	0.004321602807628397
19	0.003276623623428477
20	0.0025260501724563315
