-20	1.0493955039763498
-19	0.9049090073328434
-18	0.7222951152712314
-17	0.6104059652729187
-16	0.46860827047387554
-15	0.3675599720532832
-14	0.25693913993784817
-13	0.21394311575920605
-12	0.14898760190450014
-11	0.11375833917470347
-10	0.08891501631615074
-9	0.06722212113434953
-8	0.05142279733346519
-7	0.04115263415807318
-6	0.03296547345489739
-5	0.025416417215034324
-4	0.019689331409285457
-3	0.01618151469528101
-2	0.012499715645882488
-1	0.009914701606785755
0	0.007697221544129397
1	0.006026984281791949
2	0.004902957047703717
3	0.004107935681537643
4	0.003064837451662121
5	0.0025371091501213737
6	0.0019411804148462522
7	0.0015674304925219831
8	0.0012276121010778903
9	9.763689958541084e-4
10	8.022708744526431e-4
11	6.276173407792734e-4
12	4.938979863412254e-4
13	3.926948626903358e-4
14	3.0212566131830886e-4
15	2.455608320955162e-4
16	2.0160494549752603e-4
17	1.5419060722863823e-4
18	1.2910580978861522e-4
19	9.740137409770126e-5
20	7.933651076183407e-5
