-20	19.118972513728988
-19	14.424487333175342
-18	10.841685104189429
-17	8.092237149170751
-16	5.971543317144606
-15	4.3796086734497175
-14	3.1508217612363705
-13	2.2557887030294803
-12	1.586180776925013
-11	1.108611911502198
-10	0.7531773008816982
-9	0.5045880635954608
-8	0.3302187360357201
-7	0.21152295714263478
-6	0.13006541552009743
-5	0.07861465782827762
-4	0.04439954909304214
-3	0.0245985849968515
-2	0.013026175837338576
-1	0.0067325502321185565
0	0.003618277857375667
1	0.002092987141306471
2	0.0013701876093137188
3	0.0010013047918785451
4	7.447716172715172e-4
5	5.945586498811026e-4
6	4.7627554914327677e-4
7	3.8939140170857406e-4
8	3.0859837914751535e-4
9	2.494487711301573e-4
10	1.941194958119915e-4
11	1.5754401293099495e-4
12	1.2254281919690636e-4
13	1.0055887973025724e-4
14	7.566225946400224e-5
15	6.06590228902512e-5
16	4.893266522831909e-5
17	4.008620549605578e-5
18	3.182524257462866e-5
19	2.5430730480178172e-5
20	1.9062608195775018e-5
