-20	54.885519177360194
-19	42.85302240731471
-18	33.25490784043846
-17	25.48741811930097
-16	19.66600499909639
-15	15.026872498833916
-14	11.478975882195389
-13	8.77248744193617
-12	6.577956725328241
-11	4.993995350658277
-10	3.800003321091761
-9	2.8573496548766326
-8	2.1482903387480214
-7	1.6204929555815302
-6	1.2347870380191952
-5	0.9284730557359199
-4	0.7212893766724439
-3	0.5642781097078944
-2	0.43213772252123034
-1	0.34237962311810594
0	0.25143667134757147
1	0.19119529733074636
2	0.12977608853628417
3	0.07749800481568687
4	0.045905539193534455
5	0.022606909858995772
6	0.016679728624629558
7	0.01218462662874877
8	0.010790739121491552
9	0.01799674957238939
10	0.038274645927142414
11	0.07814645533473112
12	0.1759886660737449
13	0.34989873300983765
14	0.5664696497401503
15	0.7867167651947596
16	1.0246386244429762
17	1.1456251064880256
18	1.2213015096806443
19	1.2189828201539414
20	1.2709825315291312
