-20	34.676959774555264
-19	26.64667867171046
-18	20.437314567813893
-17	15.611904438638273
-16	11.853934251642547
-15	8.955486560623967
-14	6.736999058957161
-13	5.033365561787182
-12	3.7222915403289445
-11	2.7438776410238077
-10	2.00835452930112
-9	1.4473264604314844
-8	1.031600141774647
-7	0.7236021522864965
-6	0.5004872291746068
-5	0.344596600690688
-4	0.22934969337811048
-3	0.14976242766005227
-2	0.09584689469938212
-1	0.06024753945927382
0	0.03693240983754464
1	0.022267901751582636
2	0.013133881905400066
3	0.007534114845254059
4	0.004294679198836005
5	0.0023603470922652172
6	0.0013597154090467108
7	7.770773431532178e-4
8	4.8235113334489085e-4
9	3.046033099505044e-4
10	2.107963513166728e-4
11	1.5823759682331636e-4
12	1.2366066009541823e-4
13	9.91338372139489e-5
14	8.07636307725725e-5
15	6.388694306155703e-5
16	4.827738853092878e-5
17	3.855404698983358e-5
18	3.205183804134547e-5
19	2.4620632116212114e-5
20	1.9168000794784994e-5
