-20	61.025230732758445
-19	47.481346947406394
-18	37.54974804638328
-17	29.715761691123824
-16	23.805404305560124
-15	18.314014776332296
-14	13.758174979954264
-13	10.603323013038587
-12	8.239776770915617
-11	6.530673988584336
-10	4.572435029546594
-9	3.4655442501820115
-8	2.5569174723087857
-7	1.8669135661337615
-6	1.4395153928767719
-5	0.9772351257155526
-4	0.6549311847225132
-3	0.4196701733185675
-2	0.2912348932593508
-1	0.1779616280052884
0	0.0684113641114845
1	0.03838967167743371
2	0.01584441933641214
3	0.007214159706675326
4	0.0038707424993922727
5	0.0021442290997533806
6	0.0012511732905158513
7	9.572403272308668e-4
8	6.875374536901341e-4
9	5.606091507362168e-4
10	3.9990806903956745e-4
11	3.2007368752108844e-4
12	2.3017606225479373e-4
13	1.873952431696557e-4
14	1.5042716207266322e-4
15	1.2518408754831812e-4
16	9.768664101999918e-5
17	7.870321213575828e-5
18	6.48079202073509e-5
19	5.089322846115903e-5
20	4.065288748526446e-5
