-20	77.41531663518273
-19	61.20366301353607
-18	48.90221672171085
-17	39.035222368622144
-16	31.081664952463594
-15	24.609822187746886
-14	19.56735484409286
-13	15.53956075707712
-12	12.43628263496651
-11	9.859023408463631
-10	8.037299304825629
-9	6.2556576552107845
-8	5.042826052527541
-7	4.02396991882885
-6	3.216131183699399
-5	2.623030575473376
-4	2.1096458022880453
-3	1.6598582591115716
-2	1.3028098911596357
-1	1.0691551676950553
0	0.8055425434986104
1	0.66958359383092
2	0.5244914184973297
3	0.3979232947449402
4	0.3064425411554327
5	0.2442816267093773
6	0.19150792461229024
7	0.15250005970317185
8	0.11909633643493332
9	0.08991903344229356
10	0.06550491696400657
11	0.042911703959909446
12	0.026661205991562822
13	0.014537741586045677
14	0.005828241802130382
15	0.0034117951507854636
16	0.0019978722649044876
17	0.0012694927433775688
18	9.955199693058028e-4
19	7.933832144175758e-4
20	6.223346286979689e-4
