-20	2.521621663107219
-19	2.311289124727682
-18	2.3064731044311237
-17	2.1643183926810905
-16	1.993187886555597
-15	1.8649143536517652
-14	1.7431319527266513
-13	1.5493254727275472
-12	1.3727305509024246
-11	1.2136965128224406
-10	1.032414764887935
-9	0.9070273229964186
-8	0.727681272470697
-7	0.5978752136281513
-6	0.44461522662009184
-5	0.2900923789045246
-4	0.19140234963793412
-3	0.13825804178186013
-2	0.08703235499855465
-1	0.05774123093058455
0	0.04302720738075297
1	0.030556160286794507
2	0.022758750280003327
3	0.016200393014346875
4	0.012964567353360427
5	0.010322373866953395
6	0.007730470000045041
7	0.00644006018982212
8	0.005026330459016976
9	0.003879544727132869
10	0.0031405411869051543
11	0.00248796144395881
12	0.001911402467625583
13	0.0015981396220170515
14	0.001264209322282432
15	9.617709002537019e-4
16	7.992021685011867e-4
17	6.26406747702347e-4
18	5.066461717236207e-4
19	3.894228162753832e-4
20	3.196500741928096e-4
