-20	0.14268329561515425
-19	0.11456027539153826
-18	0.08712260560892869
-17	0.0667900579857561
-16	0.05316441698190585
-15	0.04207773199836462
-14	0.033107900738840325
-13	0.027110659530912535
-12	0.02168648024267995
-11	0.016339994456894495
-10	0.013066884931254583
-9	0.010919939715863249
-8	0.008385345191054855
-7	0.0066052282329020825
-6	0.005393365181594752
-5	0.00412961031938389
-4	0.0033122324759280834
-3	0.0024873936577205513
-2	0.0018226422729827373
-1	0.0014716045054146637
0	0.0010836846952292538
1	8.244597963365651e-4
2	6.018008978020187e-4
3	4.333736975481971e-4
4	3.1118560199483545e-4
5	2.270422009220132e-4
6	1.622654300406706e-4
7	1.0978386905474629e-4
8	8.683316314759395e-5
9	6.3859604881128e-5
10	4.877208835456975e-5
11	3.831683216743463e-5
12	3.141999025344487e-5
13	2.547937696672206e-5
14	1.908594577908468e-5
15	1.5662998582195926e-5
16	1.2303141637333214e-5
17	1.0085286021315598e-5
18	8.141891098848445e-6
19	6.288134511476398e-6
20	5.031784187754348e-6
