-20	2.349668367727644
-19	2.228916621903459
-18	2.1936459000662403
-17	2.0320817149122044
-16	1.8608870060165867
-15	1.7609216265619663
-14	1.5600254908827074
-13	1.4268094357154113
-12	1.2588063868231247
-11	1.0878898620199497
-10	0.9285787604712604
-9	0.715178843313573
-8	0.6402356262845015
-7	0.477363264161101
-6	0.3488152590036715
-5	0.2765444545940268
-4	0.20278473745314127
-3	0.15528899569095622
-2	0.1253864844368002
-1	0.09335350580193268
0	0.07360040316008797
1	0.05864442584971547
2	0.047235763932696816
3	0.03753987056505338
4	0.030400858835064912
5	0.02351259691462309
6	0.02000651726940986
7	0.015427553818083502
8	0.011392838243142335
9	0.008277540692830085
10	0.006075957247714804
11	0.004027876066600209
12	0.0026588892302032508
13	0.001972178907066861
14	0.0014218605033007449
15	0.001042213581647214
16	8.092106460197589e-4
17	6.293352140900918e-4
18	4.947604950182437e-4
19	3.9009437997358337e-4
20	3.140730252263529e-4
