-20	0.004956147834887788
-19	0.0037494613063653076
-18	0.0029272209803158367
-17	0.002249864339467624
-16	0.0018138795643476823
-15	0.0014862271099039671
-14	0.0012418319707034665
-13	9.788206430579355e-4
-12	7.974922912231766e-4
-11	6.553067707134166e-4
-10	5.585880278357192e-4
-9	4.6860450660925315e-4
-8	3.7265486370117106e-4
-7	3.132492048399762e-4
-6	2.649201267140128e-4
-5	2.177125238741855e-4
-4	1.8467669355612976e-4
-3	1.583364585101065e-4
-2	1.319294387027809e-4
-1	1.1421161247651788e-4
0	9.860070712985447e-5
1	8.065011592830021e-5
2	6.7500280084331e-5
3	5.655634990132987e-5
4	4.7904277916526714e-5
5	3.7953727977054154e-5
6	3.120902397238105e-5
7	2.3789343301855333e-5
8	1.8786019968372126e-5
9	1.5143199127450522e-5
10	1.2387539574001307e-5
11	9.664162283821166e-6
12	7.812883435943034e-6
13	6.178557225349785e-6
14	4.660697251347926e-6
15	3.7834685581028738e-6
16	3.065696617810186e-6
17	2.383501768924967e-6
18	1.9303001581001425e-6
19	1.537418052500702e-6
20	1.203144166040379e-6
