-20	0.16930823078138196
-19	0.14069911971174492
-18	0.10934796962402811
-17	0.08490372639918356
-16	0.07042117396883892
-15	0.0568366128873079
-14	0.04425312549257837
-13	0.03553140951617792
-12	0.028498357492528277
-11	0.02363499141889487
-10	0.01806335697167156
-9	0.01472228163568301
-8	0.011892486380454972
-7	0.009645670751105628
-6	0.008093446628925678
-5	0.0067996022198566625
-4	0.005384707866570785
-3	0.004392664902809412
-2	0.00393392850151002
-1	0.0032439736955134635
0	0.002672624328539472
1	0.0022355634912869134
2	0.0019415315744884473
3	0.0015806823577893979
4	0.0013426574675284998
5	0.0010781687095452555
6	8.725666930257239e-4
7	6.779812495062581e-4
8	5.688960989137094e-4
9	4.5247218517809127e-4
10	3.869027578773906e-4
11	3.005688504280058e-4
12	2.4038588519560946e-4
13	1.9422461579413633e-4
14	1.531501051275709e-4
15	1.2241487035865401e-4
16	9.833779871787902e-5
17	7.686826079386565e-5
18	6.175415356804243e-5
19	4.9199526668057284e-5
20	3.90615801129939e-5
