-20	2.8214667327651664
-19	2.728970742043905
-18	2.7146472204628243
-17	2.589509597283383
-16	2.5878342000284498
-15	2.43687458683617
-14	2.3433069780877536
-13	2.272643702041208
-12	2.118436245292852
-11	2.029249361231485
-10	1.9144500236076092
-9	1.7268645322256344
-8	1.5951810401495192
-7	1.3573685899522898
-6	1.313154947695883
-5	1.1240864571335083
-4	0.9137970987562006
-3	0.8143997286479003
-2	0.6672054715644465
-1	0.5190302250691554
0	0.4018682430868812
1	0.29885381039149594
2	0.2442335486652855
3	0.19250089096131973
4	0.14666701511545616
5	0.1203066574495523
6	0.10008291770146739
7	0.07040312120700058
8	0.05064381893233176
9	0.03239010104926147
10	0.01531310471994505
11	0.007245384652270932
12	0.002641840202433101
13	0.0011297705742182075
14	4.778607681840847e-4
15	2.6948857300503087e-4
16	2.053368484166143e-4
17	1.6258334681668797e-4
18	1.2463475389067242e-4
19	9.723694994735506e-5
20	7.82469357102401e-5
