-20	0.2607267592300284
-19	0.1971318073466403
-18	0.15520161693198478
-17	0.11794780285135109
-16	0.09067318817219586
-15	0.06688177410139676
-14	0.051228815029707234
-13	0.03816203370652386
-12	0.02966178905784316
-11	0.02238801586493081
-10	0.017355645163694398
-9	0.013561702402665224
-8	0.010424578528911451
-7	0.009605195718408142
-6	0.007765243716721675
-5	0.00665048295626393
-4	0.006000418036209131
-3	0.005150817936949794
-2	0.004183658026574141
-1	0.0036540901196783367
0	0.00316711492329716
1	0.0025595895028575383
2	0.0022039213643393653
3	0.0017731577785875035
4	0.001498405914080311
5	0.0012061880846895542
6	9.321013392337685e-4
7	7.939345572787234e-4
8	5.862102107503938e-4
9	4.91385087261507e-4
10	3.9458951509503454e-4
11	3.092342143584959e-4
12	2.4872807907684786e-4
13	1.9023564429368557e-4
14	1.5442488801182253e-4
15	1.2226271193688874e-4
16	9.857244431777695e-5
17	7.826511872350963e-5
18	6.390822097850481e-5
19	4.680357313022217e-5
20	3.8912555661750474e-5
