-20	2.733245863149732
-19	2.6091356461005724
-18	2.534091477761173
-17	2.443510666986394
-16	2.346094697188636
-15	2.2612622165748917
-14	2.176671348649848
-13	2.036726451006277
-12	1.7908481091047277
-11	1.7223559353868405
-10	1.516589070770116
-9	1.263299150330149
-8	1.0924784912022327
-7	0.8967203699642065
-6	0.695105268692577
-5	0.523222095591798
-4	0.35258061370032473
-3	0.19479099454470297
-2	0.1035057074029047
-1	0.05580720137672398
0	0.03475827086360113
1	0.021375379401294532
2	0.011750210395630326
3	0.008531266137792131
4	0.006680418286513962
5	0.005175210239865001
6	0.0038490625944161676
7	0.0032435595279498536
8	0.002442852453367492
9	0.0019550490257199374
10	0.0016052959551257377
11	0.0012563479878609615
12	0.0010399370516171664
13	7.828603143365966e-4
14	5.963378218836747e-4
15	4.970006213926138e-4
16	3.9802774895742046e-4
17	3.102510050371782e-4
18	2.4329569100284317e-4
19	1.9951500266304049e-4
20	1.614320060631527e-4
