-20	12.721434815558995
-19	9.779959177000848
-18	7.4750323285517135
-17	5.69325078550474
-16	4.313217856223465
-15	3.245785997957314
-14	2.4336954368055532
-13	1.8005662874391368
-12	1.3250132415751663
-11	0.9659977080800645
-10	0.6970770464228931
-9	0.494499324392055
-8	0.34579984610893083
-7	0.23715235153347095
-6	0.16051920031100556
-5	0.10488255759122203
-4	0.06768188014720078
-3	0.04163813724023992
-2	0.024936016173243754
-1	0.014201204392252306
0	0.00777073873063848
1	0.0040464975635867905
2	0.002034487074749839
3	9.668887243782254e-4
4	4.8025687198186473e-4
5	2.5602681610098526e-4
6	1.5409908840600232e-4
7	1.0713274321893154e-4
8	8.120962436826403e-5
9	6.21538735887551e-5
10	4.97048564432643e-5
11	3.947348035889339e-5
12	3.045626905391335e-5
13	2.4170320729611032e-5
14	1.957253349640395e-5
15	1.5460732849199725e-5
16	1.2086320521419484e-5
17	9.804390030552793e-6
18	7.625167626079281e-6
19	6.194336869440936e-6
20	4.857828696333943e-6
