-20	0.1178079301979852
-19	0.08976172642157168
-18	0.06575478693670588
-17	0.05126985931702412
-16	0.038817836716384724
-15	0.03127224117294026
-14	0.024589197174827375
-13	0.019969571998729528
-12	0.016028266648775907
-11	0.013384154398275512
-10	0.010586778569964178
-9	0.008657261161800002
-8	0.007305531786759272
-7	0.005721637854786557
-6	0.004793106517045528
-5	0.004338073462306413
-4	0.00342766306358113
-3	0.002856827458968399
-2	0.0023633137598273466
-1	0.0019863456436604826
0	0.0016382264316906652
1	0.001418657684158587
2	0.0010990481029529325
3	9.475162409108748e-4
4	7.403781793472068e-4
5	6.327554107466005e-4
6	4.92254825365288e-4
7	3.818208890626117e-4
8	3.061216784225698e-4
9	2.510390896997302e-4
10	1.9729627082100277e-4
11	1.6108091274673913e-4
12	1.1829918785353561e-4
13	9.741361200585146e-5
14	7.875135205170726e-5
15	6.298345823794367e-5
16	5.001441102718306e-5
17	3.786293792298478e-5
18	3.070297868112445e-5
19	2.4101759328593748e-5
20	1.9216783709694418e-5
