-20	0.4404352193365384
-19	0.33969541260080754
-18	0.29251357861714367
-17	0.21215715168408175
-16	0.16277168037716377
-15	0.13602398433034135
-14	0.1062114948637242
-13	0.10524702509899478
-12	0.07517481649765533
-11	0.061803536395932605
-10	0.04696201367975249
-9	0.03877791280369212
-8	0.03100264624249849
-7	0.02565074702830499
-6	0.01876758625956007
-5	0.0166709654484043
-4	0.011879385011093258
-3	0.010622879247129327
-2	0.007051259885847929
-1	0.006393338711362118
0	0.004687004403528347
1	0.0033594676141556518
2	0.003283612459463105
3	0.0027804165289186805
4	0.0019255456599467458
5	0.0016176743687880523
6	0.001265554535671339
7	0.0010337741948340303
8	7.595651010255424e-4
9	6.309872145431795e-4
10	5.499682618959748e-4
11	3.767589177425094e-4
12	3.107691983304586e-4
13	2.340275083861569e-4
14	1.821547481621225e-4
15	1.761362763071373e-4
16	1.1703294809828067e-4
17	9.873369783586337e-5
18	8.037851100659851e-5
19	6.262810754649935e-5
20	5.0731058814676226e-5
