-20	41.05906644224883
-19	31.53210500980352
-18	24.039224900211774
-17	18.313274569998764
-16	13.879767239457948
-15	10.43884927133096
-14	7.769036122378946
-13	5.771599642656971
-12	4.237798888309659
-11	3.093134008384148
-10	2.2236537426290104
-9	1.5742446882933785
-8	1.1053275854866451
-7	0.7626674170686077
-6	0.5077838006938746
-5	0.336898916989868
-4	0.21481668065407497
-3	0.13268666463248907
-2	0.07980719352793257
-1	0.04597775438379759
0	0.025089162607740766
1	0.01348248998887795
2	0.006832627244716642
3	0.0037790502293541463
4	0.0021093833828820098
5	0.0013661951494353991
6	9.663154417523088e-4
7	7.538092368129032e-4
8	6.16724023099488e-4
9	5.073444889752146e-4
10	3.9000454175216895e-4
11	3.1682418358002987e-4
12	2.450876831103194e-4
13	1.9707968126294234e-4
14	1.538414290215783e-4
15	1.2101643129676662e-4
16	9.640345206862465e-5
17	7.822190704182839e-5
18	6.24560450763195e-5
19	4.779489569018983e-5
20	4.041784588212131e-5
