-20	0.3984600864334262
-19	0.31599959810032335
-18	0.24988248708124625
-17	0.19548191239264262
-16	0.15513032846987856
-15	0.12049990225216341
-14	0.09809811293637706
-13	0.0774371672638426
-12	0.06144022075747276
-11	0.04909059076264897
-10	0.03963799630953242
-9	0.031588596403691355
-8	0.024414356676082452
-7	0.019145969100474006
-6	0.015433920561540233
-5	0.012248102937365906
-4	0.009706846787351696
-3	0.007806923272011003
-2	0.00629860448463057
-1	0.00493934614231544
0	0.003859718273208209
1	0.0031467418076940997
2	0.002460669020783089
3	0.0019901206273782142
4	0.0015467478127619654
5	0.0012224948737545246
6	9.590393700277458e-4
7	7.818406959062505e-4
8	6.082027917362041e-4
9	4.88974497997958e-4
10	4.0387322804456567e-4
11	3.209300536661496e-4
12	2.459921958917321e-4
13	1.9477246985008577e-4
14	1.5642757563140672e-4
15	1.2134371986352292e-4
16	9.782629980952404e-5
17	7.94172374423278e-5
18	6.13016502137986e-5
19	4.925975399717809e-5
20	3.981224607388929e-5
