-20	0.4454301310715132
-19	0.33703994547514143
-18	0.2489771158071353
-17	0.20019749210252552
-16	0.1652661600760031
-15	0.15095621683585186
-14	0.12937290003891722
-13	0.08856183554284287
-12	0.07918953829829736
-11	0.05665849056758828
-10	0.05168474364169436
-9	0.04241863278575849
-8	0.03055069152628628
-7	0.02448955457046139
-6	0.01958179570491273
-5	0.016350802080046724
-4	0.013068074164531592
-3	0.00987459442446806
-2	0.008137314732702362
-1	0.006166865020730181
0	0.005277770788412015
1	0.003497416514630726
2	0.0034257109654946263
3	0.0026427252178775483
4	0.0020672004276645075
5	0.001625281195857952
6	0.0012368351557543768
7	9.042964748759048e-4
8	7.381053262344638e-4
9	5.684199513572694e-4
10	5.31766486482664e-4
11	3.982135454778094e-4
12	3.059388571685583e-4
13	2.3799168714365104e-4
14	2.0032808907054504e-4
15	1.5173600926590252e-4
16	1.1386128329927905e-4
17	1.0483991228882397e-4
18	7.429359022569082e-5
19	6.268675630675548e-5
20	5.266334608681601e-5
