-20	28.15799878986021
-19	21.663141112304594
-18	16.5846936817317
-17	12.629429816164453
-16	9.580265175324628
-15	7.206664596933039
-14	5.3955151025291395
-13	3.9993314004447558
-12	2.9433815241524917
-11	2.1477249947829558
-10	1.5438808567934241
-9	1.0977020471860328
-8	0.7644523808093568
-7	0.5265628695610396
-6	0.3519064527343723
-5	0.2306833465401404
-4	0.14708359922084224
-3	0.0902189337305556
-2	0.053549198245506704
-1	0.030188792193227447
0	0.01607229727426147
1	0.00812824151395028
2	0.0037855914554781136
3	0.0016498867150212951
4	6.992938865524851e-4
5	3.0422794499906e-4
6	1.6268592702668226e-4
7	1.068618354100207e-4
8	7.90429924838707e-5
9	6.206300390528607e-5
10	4.837991047632778e-5
11	4.026552786492343e-5
12	3.097994637753166e-5
13	2.3454890100128663e-5
14	1.910612281035222e-5
15	1.5160841481892329e-5
16	1.2456823004401034e-5
17	9.888181638689938e-6
18	7.866517476617902e-6
19	6.145468086879065e-6
20	4.831319919809867e-6
