-20	1.4841593013172631
-19	1.143250417144779
-18	0.8926260344941804
-17	0.705142142803973
-16	0.5229115598740445
-15	0.4314129572404795
-14	0.3479860307417714
-13	0.2771018307036648
-12	0.22576484572404257
-11	0.176272727411378
-10	0.1498801606359901
-9	0.12249272124875715
-8	0.09681481153157417
-7	0.0760921301026026
-6	0.06083680018029238
-5	0.04789807940984936
-4	0.03971858305551574
-3	0.03084764183763358
-2	0.02445023513132966
-1	0.02025300343830566
0	0.015342881936705981
1	0.012237998507923545
2	0.009705441450238552
3	0.007936945215964686
4	0.006107783568608725
5	0.0048966747302143865
6	0.004023546788242685
7	0.00310418861551726
8	0.002490921621638964
9	0.001998192118986061
10	0.0015362074708638225
11	0.0012581124908274952
12	9.862374063670939e-4
13	7.987449505571674e-4
14	6.156042491369864e-4
15	4.903094055970107e-4
16	3.850617218505354e-4
17	3.1659347256172076e-4
18	2.5331107428558673e-4
19	1.958405400033256e-4
20	1.6019821351586272e-4
