-20	2.425074903698075
-19	2.224138291207208
-18	2.1159912886458083
-17	2.053954971600684
-16	1.8629929050167815
-15	1.6704883532991512
-14	1.55202118750474
-13	1.39989825533159
-12	1.2327927858366627
-11	1.0503568104839163
-10	0.9099433350890608
-9	0.7683874579265481
-8	0.5925166432625014
-7	0.4868292548889228
-6	0.3813001991374049
-5	0.27295015473473816
-4	0.19683724138481956
-3	0.15356883564391643
-2	0.11200674254578911
-1	0.08456480140153781
0	0.0697424338732621
1	0.051713861515568144
2	0.04101129409703656
3	0.031751435385762486
4	0.02446472289356404
5	0.02027048039507258
6	0.016349533374262672
7	0.012744060696931023
8	0.010293951437797835
9	0.007761673810701512
10	0.006314926846022853
11	0.004922385529452309
12	0.003962927147522356
13	0.0031940835877926127
14	0.002550557962580956
15	0.0019745140353029525
16	0.0015789380446987597
17	0.001262482211603613
18	9.93727561002182e-4
19	7.828674186164785e-4
20	6.323834534047927e-4
