-20	0.1240378818803833
-19	0.10333230398888171
-18	0.08488385204628013
-17	0.06897610286744252
-16	0.05152858294281588
-15	0.04053459980583884
-14	0.03405580028667683
-13	0.02976802178097798
-12	0.02432934327762538
-11	0.01812041226437297
-10	0.014700928926376094
-9	0.012392448499083056
-8	0.010925085260022767
-7	0.008269135022308789
-6	0.006894991647202157
-5	0.005548986842093582
-4	0.004802259607770844
-3	0.0034564898488791407
-2	0.003272283002959513
-1	0.002639237432152681
0	0.002180531729818536
1	0.001967062528677984
2	0.0015987981410195617
3	0.00127686648110514
4	8.974955501040513e-4
5	7.113240468260947e-4
6	4.6120381479851304e-4
7	2.6190584670114935e-4
8	1.4491993370461132e-4
9	6.486995988851238e-5
10	3.9182700820858294e-5
11	2.2545014310019612e-5
12	1.312684454840666e-5
13	8.23759288891188e-6
14	6.203704578371701e-6
15	4.92565221200015e-6
16	2.96995963245924e-6
17	2.279633155140945e-6
18	2.0036519268356843e-6
19	1.5907101670948321e-6
20	1.249948632086877e-6
