-20	14.909976764476998
-19	11.507443373611308
-18	8.830790198799757
-17	6.762117681288285
-16	5.14934046336043
-15	3.9020652329057417
-14	2.937538097780363
-13	2.1993872993490355
-12	1.6335547263153614
-11	1.2015448281186403
-10	0.8768925252715191
-9	0.6331756228705895
-8	0.45113574338706514
-7	0.3176617111722108
-6	0.22014584461660933
-5	0.14948755926949592
-4	0.09974105379996683
-3	0.06552789739858526
-2	0.04172688777525752
-1	0.026200688695844992
0	0.016030497916662664
1	0.009458571670681041
2	0.005478959004643207
3	0.003132657141953223
4	0.0017255984106832635
5	9.388217874926355e-4
6	4.965220905009637e-4
7	2.5606682683930877e-4
8	1.3820225450682924e-4
9	7.307003800059035e-5
10	4.223558959747421e-5
11	2.7135110076439873e-5
12	1.83630217358306e-5
13	1.3283396597004127e-5
14	1.024624605844338e-5
15	7.835907436937023e-6
16	6.1812074830016555e-6
17	4.913119334654487e-6
18	3.8103488401621207e-6
19	3.053461954534023e-6
20	2.3752618013496537e-6
