-20	28.88442898424883
-19	22.016221529671746
-18	16.931745731288665
-17	12.70077301769433
-16	9.523846202382076
-15	7.149870968980105
-14	5.343006157432221
-13	3.984070297023336
-12	2.9189318354231646
-11	2.126150054901522
-10	1.5244738046737516
-9	1.1121699690947595
-8	0.7973725086552429
-7	0.569447580591241
-6	0.398380381253855
-5	0.27942346196004353
-4	0.1987221736037655
-3	0.14206770107281771
-2	0.0995568375265112
-1	0.07264845866514373
0	0.052124103926878614
1	0.03987075047201823
2	0.030595668534885403
3	0.023571096700779573
4	0.018857616420512306
5	0.015356146337279662
6	0.011951144991069102
7	0.009742692556916783
8	0.00794967755039123
9	0.006200155346101489
10	0.004998068669895687
11	0.003943988704140109
12	0.003144560732557387
13	0.002529409270293002
14	0.0020080434723584867
15	0.0015748394676318076
16	0.0012654289556981594
17	0.0010076117135469367
18	7.877450327691191e-4
19	6.183089629745585e-4
20	4.977483234770323e-4
