-20	0.8850559019758857
-19	0.6781096727299092
-18	0.5487752587564366
-17	0.4310207156665798
-16	0.34101790832308143
-15	0.2602068158724559
-14	0.21399672365874445
-13	0.16485076341796673
-12	0.13058082061418194
-11	0.10108269556144256
-10	0.08122665476135042
-9	0.0653208700538456
-8	0.0514721321952948
-7	0.044233539315030615
-6	0.0347403263182949
-5	0.02820356414202957
-4	0.02373170337367945
-3	0.019478524486014278
-2	0.01548488752173588
-1	0.01350287007585735
0	0.011273255490884525
1	0.00950203583985193
2	0.00775382253361688
3	0.00653838690431169
4	0.005360001252155382
5	0.0044464479595410075
6	0.003573786296805408
7	0.002872276543219318
8	0.0022752009269226027
9	0.0018732400585917564
10	0.0015042002363167592
11	0.0011924136324565125
12	9.880326090077063e-4
13	7.821920908290727e-4
14	6.170914848933373e-4
15	4.8649047789987366e-4
16	3.930373820532235e-4
17	3.0971962761024407e-4
18	2.4321467624894107e-4
19	1.9321893665204905e-4
20	1.6113745714490006e-4
