-20	13.597784762344656
-19	10.232431319142515
-18	7.694305223178224
-17	5.705309916511773
-16	4.213751541103831
-15	3.083411819370289
-14	2.231139262820193
-13	1.6002036739981678
-12	1.1320788237348942
-11	0.7876482259866713
-10	0.5402612454461131
-9	0.3613417288951608
-8	0.23539610567403985
-7	0.15057568386355533
-6	0.09285298170574922
-5	0.05494782204384783
-4	0.03108463495531933
-3	0.016897815609076362
-2	0.008603260953347534
-1	0.004202488821059999
0	0.001991985913104131
1	9.235200029369019e-4
2	4.811530497900848e-4
3	2.958581375610169e-4
4	2.062918939013644e-4
5	1.5549753185630514e-4
6	1.2044023053864222e-4
7	9.538094543928029e-5
8	7.9629452985965e-5
9	6.235107430645422e-5
10	4.779551584040503e-5
11	3.9380312411189264e-5
12	3.11990035986826e-5
13	2.404070371640385e-5
14	1.954851431630975e-5
15	1.5676259187604624e-5
16	1.2374045608855609e-5
17	9.857122406341057e-6
18	7.717574503608881e-6
19	6.036176640430572e-6
20	4.817850993232856e-6
