-20	2.5937805174025215
-19	2.6079547424394884
-18	2.4507023958754997
-17	2.297427902768818
-16	2.22321073169523
-15	2.104017611878011
-14	1.9742654221134792
-13	1.716546734635537
-12	1.580775741921384
-11	1.3206661801368313
-10	1.1078090527667672
-9	0.8468162743190402
-8	0.6345952063104946
-7	0.39587110124473013
-6	0.25860727182493576
-5	0.14349204131102408
-4	0.08384112074576361
-3	0.025390709606110402
-2	0.016757625311668755
-1	0.007698471350819793
0	0.0028035904856410962
1	0.0019687453622082825
2	0.0014618344967504103
3	0.0010594342882035276
4	8.330544283584462e-4
5	6.236932790914489e-4
6	4.92489229113531e-4
7	3.923184632470641e-4
8	3.205850497809991e-4
9	2.3700845887246328e-4
10	1.9672387667527845e-4
11	1.5508442444518345e-4
12	1.2008944556483074e-4
13	9.473984130906221e-5
14	8.103112363594346e-5
15	6.297857663391532e-5
16	4.955180963205563e-5
17	3.832842906315875e-5
18	3.0816253994173354e-5
19	2.4670976458023243e-5
20	1.927141166827545e-5
