-20	39.197146593212665
-19	30.08595201973748
-18	23.058162757960968
-17	17.578295711585657
-16	13.317674731241492
-15	10.036767652557723
-14	7.516980547957086
-13	5.58029013438743
-12	4.112454434590144
-11	2.995532131062607
-10	2.1552772970733423
-9	1.5321144776870894
-8	1.0706564248693793
-7	0.7356550836511383
-6	0.4944645536868776
-5	0.3238537284854227
-4	0.20622504520346274
-3	0.12675011772003142
-2	0.07481045528560062
-1	0.04213164393768125
0	0.022514449478016202
1	0.01124930733735937
2	0.005205844525677355
3	0.0022189003343958233
4	8.752539046093411e-4
5	3.334303916320532e-4
6	1.3634292280163834e-4
7	6.832424678727965e-5
8	4.3677116086524076e-5
9	3.224830934086345e-5
10	2.443812748805177e-5
11	1.9705259241248313e-5
12	1.5343276663808262e-5
13	1.2382094221375672e-5
14	9.887543790969692e-6
15	7.658874154156531e-6
16	6.142533714817491e-6
17	4.80939499594067e-6
18	3.908076805094777e-6
19	3.0204541306303644e-6
20	2.4650740416983017e-6
