-20	0.010926929817631754
-19	0.008800234672321453
-18	0.006932693025738918
-17	0.005563296565684103
-16	0.004298268254702813
-15	0.0035951891621582846
-14	0.0027836176035838755
-13	0.002194072484331725
-12	0.0018091632161308492
-11	0.0014257391026708962
-10	0.0011442987459488062
-9	9.250791385273269e-4
-8	7.522890622601795e-4
-7	5.829491619257375e-4
-6	5.021436632268756e-4
-5	4.1365205155976473e-4
-4	3.366964572178849e-4
-3	2.790236213072044e-4
-2	2.3284624471285915e-4
-1	1.949800313506201e-4
0	1.667017040395353e-4
1	1.443022518806994e-4
2	1.2071879435135526e-4
3	9.826582069069723e-5
4	8.393535410766619e-5
5	6.945955351531822e-5
6	5.534597983009902e-5
7	4.8517263211630324e-5
8	3.800079511110256e-5
9	3.0647086004524e-5
10	2.4767245617519716e-5
11	1.9761320463078155e-5
12	1.5700193047089204e-5
13	1.2147406353184202e-5
14	9.760634222505292e-6
15	7.766571889235658e-6
16	6.074138541123217e-6
17	4.877185650688687e-6
18	3.958793406914261e-6
19	3.018966949064343e-6
20	2.4187917832112568e-6
