-20	31.66114510223624
-19	25.082781743863823
-18	19.766349302831443
-17	15.472844663082968
-16	12.150447011683003
-15	9.473915813045654
-14	7.239341275830148
-13	5.5875587477790996
-12	4.258472355020334
-11	3.150644670316421
-10	2.3047661400944577
-9	1.655574447500917
-8	1.1198070753818476
-7	0.7282335267823681
-6	0.4525369758789053
-5	0.2617022384383601
-4	0.15375588865174133
-3	0.08288273440600535
-2	0.047593591406915374
-1	0.030425467042765473
0	0.019841376886843315
1	0.014004480516082636
2	0.010490677973827365
3	0.008017826116699949
4	0.006177840310838239
5	0.004924636715505809
6	0.0038393562741619084
7	0.003127520237967007
8	0.002503007117894712
9	0.0019526486524275761
10	0.001562390610033961
11	0.0012304107072457196
12	0.0010045308382325736
13	7.813336198807242e-4
14	6.398011116909938e-4
15	5.017140765845586e-4
16	3.861940243197469e-4
17	3.069773966206141e-4
18	2.448224293562313e-4
19	1.9778830351454616e-4
20	1.5621967203500659e-4
