-20	0.19346318653589129
-19	0.1567827363854488
-18	0.12176916165079178
-17	0.09741505895452773
-16	0.07682402898106482
-15	0.06299245636663443
-14	0.048859724732088855
-13	0.040112705179772896
-12	0.029841648775734593
-11	0.02448989739760158
-10	0.019415599489657855
-9	0.015463928967100781
-8	0.012214710192645428
-7	0.009808341856755663
-6	0.007820436488705501
-5	0.006053601254905186
-4	0.004874520848904906
-3	0.0039565454957521595
-2	0.0031778197713335996
-1	0.0024093336668813362
0	0.00197703411463398
1	0.0015450920764689315
2	0.0012339516426984332
3	9.644161946317036e-4
4	7.8032946170028e-4
5	6.008984180565446e-4
6	4.8132224106231796e-4
7	3.8061993974943393e-4
8	3.0583748213431174e-4
9	2.468545502969383e-4
10	1.946774988597038e-4
11	1.5299591826431675e-4
12	1.2580313548000614e-4
13	9.754607261312213e-5
14	7.699701638509606e-5
15	6.320863775453113e-5
16	4.828197687218135e-5
17	3.8103626962262486e-5
18	3.06358240646416e-5
19	2.4806211173261816e-5
20	1.9832823987941862e-5
