-20	0.7700233635400393
-19	0.6217716189978966
-18	0.4802141019338809
-17	0.38883622880696805
-16	0.3137761921524141
-15	0.23600243231186627
-14	0.19525224928665585
-13	0.15830599630114392
-12	0.12371394973839943
-11	0.09936009951513439
-10	0.07945821027870174
-9	0.061660526632018035
-8	0.04868999183708788
-7	0.039372941417178946
-6	0.030852236887322193
-5	0.024864768913990348
-4	0.019660673297667162
-3	0.015094382769449584
-2	0.012466796036395975
-1	0.009634415544810556
0	0.007682557668400728
1	0.0062545364316075845
2	0.004970645813392221
3	0.0039340165103169955
4	0.003172753100573765
5	0.0024755347353667473
6	0.0019799512008380907
7	0.0015140517396803835
8	0.001249903928507421
9	9.751339366230017e-4
10	7.754887194452905e-4
11	6.215654097411323e-4
12	4.8494500738564827e-4
13	3.827568624631192e-4
14	3.1370783823699694e-4
15	2.5208871358325745e-4
16	1.9835092158298624e-4
17	1.5823205153047163e-4
18	1.2298481820109745e-4
19	9.990599440774102e-5
20	7.860090759954866e-5
