-20	17.91237991108734
-19	13.43252933336189
-18	10.339397717107607
-17	7.947464049608231
-16	6.102572443476729
-15	4.562494801379759
-14	3.53099793497387
-13	2.6308611254241128
-12	2.0112276935387357
-11	1.5295898297407378
-10	1.1991791008665285
-9	0.8934799988471003
-8	0.7011019877608573
-7	0.5421936606717611
-6	0.4434566247345295
-5	0.35859924572793506
-4	0.27946229026368324
-3	0.22182073287193912
-2	0.18324587836751258
-1	0.14696283620428613
0	0.12112780239432862
1	0.09657881513239966
2	0.07889250641213895
3	0.060680693208544516
4	0.051059022635351906
5	0.03862688280881289
6	0.0328240029968489
7	0.025097988529825987
8	0.019294086633538713
9	0.015932842325888125
10	0.012691911521638328
11	0.010270090439148498
12	0.007762350637061424
13	0.006258985034245418
14	0.005010899690095712
15	0.004069293230154652
16	0.0032516207523155777
17	0.0024454587548395908
18	0.0019731352107773513
19	0.0015578469800125823
20	0.001247047785234236
