-20	0.005506152451748237
-19	0.0043673251337065086
-18	0.0029630097382786777
-17	0.002322222588680334
-16	0.0019154037330521882
-15	0.001552732991863136
-14	0.001199779507161649
-13	9.605054153356219e-4
-12	9.684275680324924e-4
-11	5.984321318344287e-4
-10	6.502779679911274e-4
-9	4.308226408347548e-4
-8	3.74386126608431e-4
-7	3.277967519074523e-4
-6	2.5939689962905984e-4
-5	2.0906006080472346e-4
-4	1.9792549139588497e-4
-3	1.556324992130261e-4
-2	1.332278498460584e-4
-1	1.2537267286401153e-4
0	8.045724306764893e-5
1	8.105189954290197e-5
2	7.048292396293328e-5
3	5.3839940916360516e-5
4	5.253238300143194e-5
5	3.466794056191448e-5
6	2.8897194140729346e-5
7	2.4592991475304907e-5
8	1.8318074604955595e-5
9	1.3429801046842593e-5
10	1.2387300486375315e-5
11	1.0237924124228583e-5
12	7.68554918548081e-6
13	6.0619491219905755e-6
14	4.684786074680348e-6
15	3.888138089089261e-6
16	2.9602061658571608e-6
17	2.4995795915433347e-6
18	1.929759443485706e-6
19	1.4068289520056787e-6
20	1.3317167065318902e-6
