-20	56.3643348123504
-19	43.24424867924347
-18	33.07599090249035
-17	25.247980949511014
-16	19.11049117256867
-15	14.451192430112881
-14	10.844395112414842
-13	8.098701527192171
-12	6.00355077981534
-11	4.429184599863383
-10	3.237888930395716
-9	2.339023478192588
-8	1.671187159391266
-7	1.1780632400190927
-6	0.8212909613075282
-5	0.563415226494062
-4	0.38126656691956523
-3	0.25431423731993147
-2	0.16710316487364532
-1	0.10721094774534062
0	0.06894512574439811
1	0.04331284603833628
2	0.027082703356252756
3	0.01733168784761237
4	0.010486760453617973
5	0.005887588665671941
6	0.003028033613083819
7	0.0014764249982698254
8	6.684241685971217e-4
9	3.0308160201618573e-4
10	1.4765871776342267e-4
11	7.5055167376854e-5
12	4.3257052390280695e-5
13	2.907750989465599e-5
14	2.1623608848691075e-5
15	1.607450631653119e-5
16	1.2478654064640529e-5
17	9.732487349250757e-6
18	7.783537080975895e-6
19	6.152948396040164e-6
20	4.7908855416233215e-6
