-20	6.463831259330998
-19	4.833222631899
-18	3.6210094576431353
-17	2.673641011485742
-16	1.9885802769720198
-15	1.4582617236425721
-14	1.0468733827335241
-13	0.759711106380563
-12	0.5314461853101733
-11	0.3770502790280845
-10	0.2574319024879498
-9	0.17511692758319033
-8	0.11755934036916392
-7	0.07518540570204885
-6	0.04720587151226269
-5	0.02954624021592736
-4	0.01750690585671716
-3	0.0104683700737595
-2	0.006316320349927634
-1	0.003784241915461361
0	0.0024351546436905073
1	0.0016631479332995418
2	0.0012237308302901766
3	9.457820233076036e-4
4	7.582789770325247e-4
5	6.13854023795892e-4
6	4.90546765992335e-4
7	3.8568522970092585e-4
8	3.0895235376211507e-4
9	2.463901370230005e-4
10	1.9566615211304348e-4
11	1.5430652320078591e-4
12	1.2427507575994034e-4
13	9.897581073587034e-5
14	7.68176876292964e-5
15	6.2972546075595e-5
16	4.796218224438525e-5
17	3.841669121493646e-5
18	3.093185976650689e-5
19	2.5531167805596848e-5
20	1.944691923051368e-5
