-20	0.023458807833665052
-19	0.017381977434565838
-18	0.013507915734704827
-17	0.010402373828371253
-16	0.008295432957257768
-15	0.006732862099465166
-14	0.00547256550910808
-13	0.004449380423016547
-12	0.0035577518537545927
-11	0.003044244335877164
-10	0.0023953405297377577
-9	0.0019511625689881882
-8	0.001633369106041259
-7	0.0013353326554636196
-6	0.0011598342004999096
-5	9.35081649810335e-4
-4	7.981755163886138e-4
-3	6.529710167361572e-4
-2	5.559997818168911e-4
-1	4.507450159772512e-4
0	3.996217643900978e-4
1	3.3916804125894357e-4
2	2.730908561953327e-4
3	2.3204255792264278e-4
4	1.9120564408118263e-4
5	1.474586223917296e-4
6	1.2345673402658775e-4
7	9.917118875784183e-5
8	7.767292406297989e-5
9	6.31485635185819e-5
10	4.879387420926902e-5
11	3.777480640466197e-5
12	3.0341994924107086e-5
13	2.402633794949348e-5
14	1.955400015685239e-5
15	1.6073949612207773e-5
16	1.277946286468545e-5
17	9.842583751408796e-6
18	7.894084636102444e-6
19	6.116105908077255e-6
20	4.718467063281499e-6
