-20	0.7583616422905273
-19	0.5942458369139141
-18	0.516073768488365
-17	0.3750472285752869
-16	0.3060626071842243
-15	0.2684601806927751
-14	0.21524964260797746
-13	0.17925235320655322
-12	0.14933108987075022
-11	0.1358236883086525
-10	0.11102893458911833
-9	0.09567388669823697
-8	0.07499995325275968
-7	0.06275956392330177
-6	0.046581715147001865
-5	0.032883134981440236
-4	0.022825396339465207
-3	0.014209350416517273
-2	0.008598621380336841
-1	0.004561449111208877
0	0.0026192813466039268
1	0.0014608948856388632
2	8.260303524841781e-4
3	4.6344718978705795e-4
4	2.6330803513650283e-4
5	1.662741884895307e-4
6	9.911813498287504e-5
7	6.87071780277269e-5
8	4.557644344148857e-5
9	3.1682273324175744e-5
10	2.51909895207514e-5
11	1.9799365181494227e-5
12	1.5332626303304484e-5
13	1.2818378236861699e-5
14	1.0312228533242252e-5
15	7.54985193296817e-6
16	6.052572916734016e-6
17	4.720494743682267e-6
18	3.842957176850994e-6
19	3.095906513031033e-6
20	2.3783103628325795e-6
