-20	0.04007570443593405
-19	0.03212250218045876
-18	0.0238024519361771
-17	0.018409544266910202
-16	0.01394273210334448
-15	0.01105827348533049
-14	0.008296018628554495
-13	0.006373621917691039
-12	0.004781524196992014
-11	0.0034899882950780716
-10	0.0026928257515411503
-9	0.0019837237952850034
-8	0.0015087951276417193
-7	0.0011288127064036293
-6	8.261604076265668e-4
-5	6.284449387639133e-4
-4	4.5482550842284566e-4
-3	3.417363083195667e-4
-2	2.5680403836239135e-4
-1	1.9652351937656082e-4
0	1.4704381995957072e-4
1	1.054987860806335e-4
2	8.448072337896989e-5
3	6.30314930768036e-5
4	4.9511088976823645e-5
5	3.907933103946579e-5
6	3.106828780502691e-5
7	2.4552051524165154e-5
8	1.9821585409176293e-5
9	1.5226050129123222e-5
10	1.2569440587478989e-5
11	9.846296593396712e-6
12	7.832177451957209e-6
13	6.30720415053999e-6
14	4.6959721991438805e-6
15	3.881579557723362e-6
16	3.107218355401116e-6
17	2.409556045771277e-6
18	1.8778084814366751e-6
19	1.5397726629488965e-6
20	1.2316816280145286e-6
