-20	1.5953862425580758
-19	1.5093262283235716
-18	1.3324458694575874
-17	1.1698267428829874
-16	1.0369556326954805
-15	0.8766578672204752
-14	0.7106595368234367
-13	0.5706358072690799
-12	0.47530861009598374
-11	0.3563261125999626
-10	0.3006219378371533
-9	0.2396692516466066
-8	0.18012297367645258
-7	0.153854784443796
-6	0.12640250151917298
-5	0.1015458487987068
-4	0.07540410480013464
-3	0.0574519381129134
-2	0.04056502224274578
-1	0.02593036128899534
0	0.016082849019954795
1	0.009436832950490779
2	0.005542549101845098
3	0.0032937593310369798
4	0.0019748887202714616
5	0.0012595266957298465
6	7.788348392871197e-4
7	5.184395655398431e-4
8	3.680096464425215e-4
9	2.698513390693648e-4
10	2.0588515702697042e-4
11	1.5744052763297636e-4
12	1.2374280833328606e-4
13	9.650352273326545e-5
14	7.710072506527394e-5
15	6.475236955801565e-5
16	4.9298390364208915e-5
17	3.826695108504458e-5
18	3.033622853918334e-5
19	2.452813500376974e-5
20	1.906181939289527e-5
