-20	0.7288373245070607
-19	0.5901416489309373
-18	0.45693664583669125
-17	0.36912969670861945
-16	0.29477771461507385
-15	0.2360752176413202
-14	0.18422727687057266
-13	0.1406482770172958
-12	0.11549142855435889
-11	0.09607651885484661
-10	0.07620343318208625
-9	0.06122731979953514
-8	0.04767544384367449
-7	0.03888287235724166
-6	0.03317642714053693
-5	0.027268108471477773
-4	0.02250327679131498
-3	0.019747853306489125
-2	0.015658360726950163
-1	0.013296984393373169
0	0.011062959221815322
1	0.00909664189847117
2	0.007551141569729474
3	0.0063308681930045714
4	0.005450531714560732
5	0.004231166540237673
6	0.0035307311859971505
7	0.0027723164744042203
8	0.00234821932711176
9	0.0018305566432856842
10	0.001520380017329548
11	0.0012148479415131418
12	9.366113441827275e-4
13	7.729180077868034e-4
14	5.945224633540779e-4
15	4.978013000563898e-4
16	4.028009458555717e-4
17	3.1696938213336e-4
18	2.5282724247776417e-4
19	1.9917098929877065e-4
20	1.601584111606081e-4
