-20	26.69866812360919
-19	20.395830755388594
-18	15.366095170418935
-17	11.189175370285646
-16	8.281782856519886
-15	5.851977131047153
-14	4.138476628868023
-13	2.856965693642442
-12	1.9765350402916941
-11	1.3412305080119449
-10	0.9092168768444356
-9	0.6086715158030038
-8	0.39510394227007517
-7	0.2508302190392435
-6	0.15380770811403266
-5	0.09086349903407681
-4	0.05146373574351127
-3	0.027663300717530138
-2	0.013851077909037576
-1	0.006552413919458407
0	0.002923291553244046
1	0.0012721102191100453
2	5.90095471054568e-4
3	3.186402389591421e-4
4	2.0721184640208005e-4
5	1.5464452735161561e-4
6	1.221192939218768e-4
7	9.711958602295601e-5
8	7.519160310964994e-5
9	6.258090267058249e-5
10	4.832625561865904e-5
11	3.859150139826812e-5
12	3.142827733821009e-5
13	2.5014913020761732e-5
14	1.9220408355712457e-5
15	1.536955966077813e-5
16	1.2073307759754406e-5
17	9.734387716523961e-6
18	7.6265575049474715e-6
19	6.138988403158999e-6
20	4.926220932422044e-6
