-20	2.794818641626601
-19	2.730182949066931
-18	2.7083702439969484
-17	2.6099769589092228
-16	2.450692751639565
-15	2.3854873186713257
-14	2.2860719059829187
-13	2.1938583940809795
-12	2.125114949138022
-11	1.9689320043515757
-10	1.8294172025402518
-9	1.7101143642424577
-8	1.5944612082601939
-7	1.3930825525940422
-6	1.23854013265833
-5	1.0656811972254632
-4	0.8852572892802054
-3	0.7723413417413892
-2	0.6378404827891305
-1	0.4871379096825835
0	0.36936005734250577
1	0.2858275546649409
2	0.21399066003888575
3	0.15604444856788321
4	0.11678607699426086
5	0.08546565052723545
6	0.0674894677423163
7	0.055720486261981936
8	0.042492302503323
9	0.03361527989166066
10	0.026235179838070128
11	0.020450695933286057
12	0.015992609109819995
13	0.012795511269013276
14	0.00968141397031167
15	0.007882448356356443
16	0.006227170434438375
17	0.0049815254092350925
18	0.004076179743472728
19	0.0031181365442480174
20	0.0025450726465991304
