-20	70.78319838991229
-19	56.20888147291845
-18	43.983548881194494
-17	34.364178430622204
-16	26.930931975057174
-15	20.96912244313941
-14	16.237504051774984
-13	12.441771319645499
-12	9.469114697225969
-11	7.185068188116513
-10	5.4345828639316895
-9	3.9838091000204607
-8	2.8594215281916773
-7	2.1156732588999847
-6	1.4940107859261724
-5	1.0862054469841413
-4	0.7339455487763341
-3	0.5216022978702702
-2	0.36568547472943647
-1	0.26111545721783863
0	0.1872482064289484
1	0.13781049956841063
2	0.10679849633960686
3	0.07990536898833797
4	0.058303591051150634
5	0.039259173459741746
6	0.020082367750663556
7	0.007477216098848663
8	0.0025633690771961716
9	0.0011383838922422401
10	5.194352777167263e-4
11	2.8347909217632517e-4
12	1.7602267038431142e-4
13	1.1659514922149274e-4
14	8.475857318976707e-5
15	6.538991165405202e-5
16	5.0970133631093626e-5
17	3.9461869266168765e-5
18	3.0821548440716854e-5
19	2.469560870683697e-5
20	1.972533489915119e-5
