-20	48.24057142421712
-19	37.04443420440786
-18	28.402248724084416
-17	21.744576988596926
-16	16.422084301310125
-15	12.413649295061267
-14	9.22480172920961
-13	6.889096068489825
-12	5.053684202600539
-11	3.70614078697843
-10	2.6509426810560353
-9	1.892420743097568
-8	1.3337703155303622
-7	0.9178794251446618
-6	0.6226929719243668
-5	0.4114897890961575
-4	0.2622608910066917
-3	0.16828906230431293
-2	0.1006489457921302
-1	0.05782797539531688
0	0.03220993911940259
1	0.017801224376537472
2	0.009931437887570609
3	0.005650349750260526
4	0.003459228834601025
5	0.002523375009096135
6	0.0018908372761762913
7	0.0015058365216120467
8	0.0012257287033033237
9	9.611742204687998e-4
10	7.833078185028113e-4
11	6.15005084814516e-4
12	4.94442174880698e-4
13	3.821711381866078e-4
14	2.9904498720953866e-4
15	2.54019953348719e-4
16	1.911819891986837e-4
17	1.5598357026478938e-4
18	1.221012326454239e-4
19	9.840166690352806e-5
20	7.730000750086807e-5
