-20	2.954082251417131
-19	2.811614019698422
-18	2.6880306407519576
-17	2.838655416272918
-16	2.6337246902160163
-15	2.5734731140308
-14	2.478292287794003
-13	2.429094909140812
-12	2.208239008542408
-11	2.1981533070018133
-10	2.0781286847595384
-9	1.884962602091319
-8	1.8363140506575342
-7	1.592786751014486
-6	1.414215674578961
-5	1.2592803281016667
-4	1.1007033765588166
-3	0.866325658775028
-2	0.6710605970207636
-1	0.46982459753261163
0	0.32811565923238245
1	0.212025752137648
2	0.123297672466586
3	0.07089496521520829
4	0.031657955121692484
5	0.02241821660726011
6	0.01585298995705646
7	0.01284627487526883
8	0.011008882969040786
9	0.00787612550730312
10	0.00628306600326246
11	0.0050629590612098815
12	0.003957982502508985
13	0.003115879982248426
14	0.002479678795104681
15	0.002001711362051202
16	0.0015562346788453763
17	0.001258165541446377
18	9.621112920065247e-4
19	7.821157251821672e-4
20	6.048383071393004e-4
