-20	14.79876951180144
-19	11.416724229693921
-18	8.783792108834565
-17	6.7156877988166395
-16	5.119061132691481
-15	3.877195729300574
-14	2.9195286489210353
-13	2.1865527254916484
-12	1.6261286069013778
-11	1.195723050831306
-10	0.8715521170312255
-9	0.6303914558732663
-8	0.4490531010755277
-7	0.31501132553561384
-6	0.21804861701758768
-5	0.14829800344698982
-4	0.09930264869653159
-3	0.06481900121767971
-2	0.041368854470575755
-1	0.025886030069929927
0	0.015606853210194538
1	0.009213554902731505
2	0.0052879702070522255
3	0.002966315200580574
4	0.0016010077454693228
5	8.419519709621634e-4
6	4.2237968076605476e-4
7	2.002324481382529e-4
8	9.166557549441929e-5
9	4.3791963952882964e-5
10	2.0793945487237882e-5
11	1.1888048443073663e-5
12	8.180443662531278e-6
13	6.2972082546240635e-6
14	4.895150625695378e-6
15	3.852961548533858e-6
16	3.1187414300453222e-6
17	2.3709860825531273e-6
18	1.9938193549242514e-6
19	1.5374540330634016e-6
20	1.2088415341248256e-6
