-20	2.6311916354389777
-19	2.5364156089928334
-18	2.5109937784682588
-17	2.4393525919055463
-16	2.3384685957094704
-15	2.203359289002042
-14	2.098923904607106
-13	1.9293025529332248
-12	1.873967582247437
-11	1.666933298312666
-10	1.5574343208239463
-9	1.3763726989381055
-8	1.1905566338755578
-7	1.0263051557964045
-6	0.882356558543573
-5	0.7538593742639366
-4	0.6058828820763107
-3	0.48815554529639077
-2	0.37114527206300235
-1	0.2557703858273639
0	0.16862453774352745
1	0.0865666713559261
2	0.04092097812785249
3	0.018574270263369996
4	0.006574662082712821
5	0.0022908820115145213
6	0.0013437089067871602
7	5.521468992727926e-4
8	3.761125754249664e-4
9	2.615618838081003e-4
10	1.9988363110089494e-4
11	1.6279421237037062e-4
12	1.2184203256390229e-4
13	9.740698583039904e-5
14	7.578251770557046e-5
15	6.058910714695393e-5
16	4.666484943252509e-5
17	3.893075601728489e-5
18	3.101967005982205e-5
19	2.4765316133093696e-5
20	1.96389632181349e-5
