-20	1.1472309321762653
-19	1.132004609959586
-18	0.8477599173772385
-17	0.7050662355310241
-16	0.5359193262889301
-15	0.38157254813147434
-14	0.3402768348078859
-13	0.2659001383481955
-12	0.20565611005448384
-11	0.15044426454112386
-10	0.14268664676946446
-9	0.12453434257040834
-8	0.08191001962915609
-7	0.06927058650718916
-6	0.05755467866582417
-5	0.04605907499287439
-4	0.0366288948365276
-3	0.023921366884658797
-2	0.018712744581558714
-1	0.012951679840043218
0	0.010116688698136594
1	0.006858518246527986
2	0.003837942491454147
3	0.0027092775575028073
4	0.0015994627138521
5	9.658678403627221e-4
6	7.451955585750552e-4
7	4.89505529070292e-4
8	3.7076798032191944e-4
9	2.463037639157699e-4
10	2.0341026260348874e-4
11	1.6833052872028875e-4
12	1.2388619666456004e-4
13	1.1015611968048572e-4
14	7.045429663973272e-5
15	5.756464497475861e-5
16	4.816666360048524e-5
17	3.983423971208117e-5
18	3.2127611832763136e-5
19	2.515826385326427e-5
20	1.87927595038396e-5
