-20	53.82209058064181
-19	41.745734811995895
-18	32.415152875422514
-17	25.113977709383647
-16	19.400901915049094
-15	14.945626882306199
-14	11.486577043277576
-13	8.778008077184467
-12	6.661341496715323
-11	5.154089523384443
-10	3.9144621831336552
-9	2.961454879644086
-8	2.306440448233443
-7	1.7702875008450774
-6	1.3354959439595366
-5	1.0455311001445278
-4	0.8112895777303081
-3	0.6119881458808595
-2	0.43008980762460697
-1	0.27588208972321165
0	0.15606967941965671
1	0.06155048477886677
2	0.02235693896539043
3	0.008480383057516415
4	0.004138711919726103
5	0.0023003977501991936
6	0.0013729132012690365
7	9.526987454219443e-4
8	6.559656342975628e-4
9	0.0017211424617025808
10	0.01636885893973332
11	0.12091856081451463
12	0.4182288556349249
13	0.6949600182242361
14	0.8798871720378411
15	0.9163375898399505
16	0.9348716636931035
17	0.9568433424520377
18	0.9601104732712025
19	0.9415984901010661
20	0.9658919103074697
