-20	1.6005002289295343
-19	1.2152563497296356
-18	0.8809442016857641
-17	0.6683984924802918
-16	0.5297274291322536
-15	0.42857357767551313
-14	0.33197593235662737
-13	0.2874894250875273
-12	0.23110436669783088
-11	0.18048498394869644
-10	0.150142443020094
-9	0.12112249039073913
-8	0.09916104253588656
-7	0.07621298644013742
-6	0.06127966897596907
-5	0.04790634947188424
-4	0.03933314955228024
-3	0.031062368773840592
-2	0.02461996620658497
-1	0.01956346841486901
0	0.015250687779338188
1	0.012492395192141204
2	0.009702821961783953
3	0.008055322104199023
4	0.006069499540467625
5	0.004937593958841609
6	0.004055319297406559
7	0.003112184456495702
8	0.002481580686704582
9	0.0019786037126327746
10	0.0015611423903397542
11	0.0012127506450998252
12	9.776165623445801e-4
13	8.056695886341185e-4
14	6.190585568689667e-4
15	4.944382375295294e-4
16	3.9657082033839385e-4
17	3.129030701565355e-4
18	2.4934493424540687e-4
19	1.9354890656427006e-4
20	1.5286056080049054e-4
