-20	0.09711185553323673
-19	0.0765130724489531
-18	0.05983045090788318
-17	0.046260670098296965
-16	0.036192523925107425
-15	0.02918737512869429
-14	0.021970022223459784
-13	0.01862865239577565
-12	0.014844511616259888
-11	0.011342575494094015
-10	0.009079163139948701
-9	0.007814460308659038
-8	0.00624227187009587
-7	0.005027075501919648
-6	0.00407739838974641
-5	0.0032978317789097325
-4	0.002794038075660891
-3	0.002296638186225454
-2	0.0018228009081754462
-1	0.0015401497746535052
0	0.0013433344679021704
1	0.001149308603043137
2	9.349359509559262e-4
3	8.287904878422208e-4
4	6.770286216730164e-4
5	5.524462967491046e-4
6	4.6501366912222195e-4
7	3.715182860262228e-4
8	2.9909743132995294e-4
9	2.5216252861733963e-4
10	1.8540135382091497e-4
11	1.5504887444762428e-4
12	1.2241510122714704e-4
13	1.0058733882520397e-4
14	7.608345180074025e-5
15	6.208391944856487e-5
16	4.9096921936178576e-5
17	4.006809669934711e-5
18	3.1133333274958535e-5
19	2.5459071100858848e-5
20	1.9375170392711344e-5
