-20	3.5155379969014824
-19	2.572852398545839
-18	1.975922226630164
-17	1.532820206309161
-16	1.1172550160693082
-15	0.8626510022400058
-14	0.6602475082315981
-13	0.551073866903584
-12	0.4443867508608565
-11	0.34849411970815136
-10	0.2797504727713566
-9	0.22628217576649917
-8	0.18178129427523299
-7	0.14875543019140852
-6	0.11920988927823266
-5	0.09472149987171297
-4	0.0742741554713178
-3	0.06009106555895282
-2	0.04805028657911792
-1	0.039227702677902196
0	0.0299516723549946
1	0.024314735046639484
2	0.01938770459196926
3	0.015416535390119031
4	0.012793941001720925
5	0.00953887368069699
6	0.00802811376665184
7	0.00598012827360222
8	0.00485011467563747
9	0.004045746681222085
10	0.0031013904458968467
11	0.0024822817106359882
12	0.0019997632117245874
13	0.0015381981075276749
14	0.0012170290706506948
15	9.658088850888888e-4
16	7.604572926434615e-4
17	6.104808472819429e-4
18	4.967739117948542e-4
19	3.755327618138248e-4
20	3.1178562850990083e-4
