-20	0.02399342569215306
-19	0.019269799627392094
-18	0.01492807345108971
-17	0.012165763487586209
-16	0.009520279473331214
-15	0.007599654753602488
-14	0.0060411438373605235
-13	0.004870716610861045
-12	0.003963205271014331
-11	0.0031342281137579794
-10	0.0025253311375133267
-9	0.0019504044459236062
-8	0.0015705751099278603
-7	0.0012178971459971444
-6	9.690187029198583e-4
-5	7.880742117836562e-4
-4	6.102497521563613e-4
-3	4.8145549251055517e-4
-2	3.820299713103885e-4
-1	3.2199109186707524e-4
0	2.3757305850400612e-4
1	1.935479430384668e-4
2	1.5753268389622548e-4
3	1.2524014241788352e-4
4	9.624359116576733e-5
5	7.8491835712086e-5
6	6.100245692339701e-5
7	4.930332839560496e-5
8	3.913289470603242e-5
9	2.9776808059569833e-5
10	2.362937769488379e-5
11	1.9057527633114846e-5
12	1.5546210147970623e-5
13	1.2150328047927412e-5
14	9.418178589788793e-6
15	7.849041968762562e-6
16	6.11649750319653e-6
17	4.877950009797391e-6
18	3.874989662489033e-6
19	3.0219098863521276e-6
20	2.4511375221945923e-6
