-20	1.0595778057371597
-19	0.8898148521985777
-18	0.7517983369649062
-17	0.6571676724280301
-16	0.5052476034328244
-15	0.3766459623136642
-14	0.27778273275557724
-13	0.20171966699195654
-12	0.15443566171591674
-11	0.11913635103562763
-10	0.09558680356682725
-9	0.07299459875157677
-8	0.053204696810583596
-7	0.046425526738654396
-6	0.03558876295570098
-5	0.027332848551634238
-4	0.02280906525352046
-3	0.017594437701081763
-2	0.014153723677784592
-1	0.011449455047425571
0	0.009611327728984525
1	0.007486906916500761
2	0.005891144897850354
3	0.004563873561654903
4	0.003950085388989337
5	0.0031193841135082594
6	0.002384107405644418
7	0.0018317559057863977
8	0.0013835186413204935
9	9.792357310730684e-4
10	6.928746334885401e-4
11	4.7017602220893737e-4
12	3.3342458242946666e-4
13	2.3514267706667454e-4
14	1.668589672925575e-4
15	1.2628426928209307e-4
16	9.942260335511793e-5
17	7.817827336614837e-5
18	6.228238228149464e-5
19	4.902096563046348e-5
20	3.985261229324864e-5
