-20	17.199233774392063
-19	13.639037733765392
-18	10.643347509308827
-17	8.082163735480888
-16	6.253598725674989
-15	4.814386917424687
-14	3.7490839497768103
-13	2.729747805867503
-12	2.0220999675948015
-11	1.5142661472383216
-10	1.1024030818294799
-9	0.7915419782640969
-8	0.5467932770437401
-7	0.3802308851813192
-6	0.2544921431535708
-5	0.17814564226768448
-4	0.1195688683412839
-3	0.08727186024308968
-2	0.061982925639576775
-1	0.047130965577560406
0	0.03465783944484994
1	0.026754612099535592
2	0.02061921344126653
3	0.015986313345571712
4	0.012461790625045885
5	0.009881890618765697
6	0.007929160728838576
7	0.006077570791743861
8	0.005023271051402258
9	0.003948922487374464
10	0.003130913891936292
11	0.0024702628325564344
12	0.0019722238066077337
13	0.0015465744983075346
14	0.0012534307292771738
15	9.993049321938524e-4
16	7.923090711875874e-4
17	6.361797850699062e-4
18	4.924222599983482e-4
19	3.894559280767463e-4
20	3.1074171612018633e-4
