-20	0.15496143509936822
-19	0.13608409190439197
-18	0.10573426517838777
-17	0.08407177975229366
-16	0.07038905429490307
-15	0.05790413992281958
-14	0.04434949940346426
-13	0.03685263642032278
-12	0.02946101667069035
-11	0.023919923262864594
-10	0.019869038947912726
-9	0.015930976621518208
-8	0.012703747348928165
-7	0.009378509658699597
-6	0.007878479440670431
-5	0.005892425800327953
-4	0.004470466810109977
-3	0.0030834562301910702
-2	0.0023297683757089157
-1	0.0016642126119170207
0	0.001100246610919825
1	7.500237300569952e-4
2	4.861768055906294e-4
3	3.1945221069058354e-4
4	1.9844794774661988e-4
5	1.3606775273121947e-4
6	8.820949116505537e-5
7	6.2100080128407e-5
8	4.408594198842789e-5
9	3.2598468235471075e-5
10	2.5579946386340212e-5
11	1.924447384533189e-5
12	1.5517079739379237e-5
13	1.2104872805747052e-5
14	9.696629530024864e-6
15	7.665862488309192e-6
16	6.000783104408278e-6
17	4.836499774278699e-6
18	3.73532526401286e-6
19	3.0217021922862104e-6
20	2.5392122426132513e-6
