-20	0.34493024701913366
-19	0.2763701668612206
-18	0.2170000832739815
-17	0.17760419706408614
-16	0.14513400657024098
-15	0.12169540734755913
-14	0.09462529287313022
-13	0.07762695901245745
-12	0.06120267374766005
-11	0.04717780290523186
-10	0.03927870583021728
-9	0.030401230815524004
-8	0.0242774035745327
-7	0.019335951095339074
-6	0.015699083251738452
-5	0.012402089945745926
-4	0.009726024260436172
-3	0.007709858052911106
-2	0.006048682679367795
-1	0.004938271622608396
0	0.00395420759572225
1	0.0031219924430433183
2	0.002432706694786945
3	0.0019484299394534684
4	0.001546357983973733
5	0.0012730100410431383
6	9.708318271629835e-4
7	7.726304752516098e-4
8	6.263122294392082e-4
9	4.921012135057204e-4
10	3.952269844621702e-4
11	3.094369341895283e-4
12	2.4678564495317845e-4
13	2.0104453461671038e-4
14	1.4978955894434643e-4
15	1.2534758073723198e-4
16	9.684504280775886e-5
17	7.730384796079802e-5
18	6.101657934960358e-5
19	4.8284993878297886e-5
20	4.019330680797848e-5
