-20	2.761725523766314
-19	2.119643304675197
-18	1.6411828860224908
-17	1.2668365483443798
-16	0.984387424306112
-15	0.753722183536912
-14	0.5955869511923362
-13	0.44905665579095466
-12	0.34757682455947253
-11	0.2675230362480342
-10	0.1977114643405603
-9	0.1478359663194251
-8	0.11349652169138913
-7	0.09076745011390144
-6	0.07085019449075955
-5	0.05554282986977723
-4	0.04625231382568533
-3	0.039580522066674
-2	0.033230673840231546
-1	0.02858274360444739
0	0.025097829295297313
1	0.020396304826113338
2	0.01782041590503576
3	0.014999320576810611
4	0.012055229598733681
5	0.009537598300197035
6	0.007953416387404945
7	0.006301032578589516
8	0.004970964911942703
9	0.003915124290813228
10	0.0030856680670298385
11	0.0025335287511282457
12	0.0020091603082485945
13	0.0015217910438057787
14	0.001225007380733062
15	0.0010023629910507344
16	7.838854122207639e-4
17	6.414160244344267e-4
18	5.013409654233356e-4
19	3.933172240310002e-4
20	3.127412253867556e-4
