-20	12.567565976525078
-19	9.679737322628402
-18	7.393357737582488
-17	5.623639057662627
-16	4.2707451140877
-15	3.214784426444103
-14	2.4078867830843054
-13	1.7868232879342232
-12	1.311035737366894
-11	0.9579489001516165
-10	0.6885318291971042
-9	0.4886915336141403
-8	0.34138526102132233
-7	0.23431476938077536
-6	0.15775542982739085
-5	0.10359352288784703
-4	0.06595928099271209
-3	0.04067633514025678
-2	0.024211724604796807
-1	0.013665391845731924
0	0.007381952538278877
1	0.0038469720055672846
2	0.0018359384836532306
3	8.718927233656173e-4
4	4.179643029225439e-4
5	2.213410564902096e-4
6	1.3510995304183364e-4
7	1.0221467224772456e-4
8	7.953089525132238e-5
9	6.218006809471581e-5
10	5.0557655703439174e-5
11	4.024160316888811e-5
12	3.102159092623082e-5
13	2.4423935114018106e-5
14	1.9856774545197776e-5
15	1.5757150302884713e-5
16	1.2661007211567838e-5
17	9.833656659803523e-6
18	8.092047136420321e-6
19	6.22102355007069e-6
20	4.93772758377731e-6
