-20	0.049674588066984215
-19	0.039433333943605764
-18	0.029925167030428582
-17	0.02434606802551534
-16	0.019771928965376006
-15	0.015276132300564392
-14	0.011934294656453681
-13	0.00963649028069802
-12	0.007672468570282238
-11	0.00609889970863896
-10	0.004967743060103846
-9	0.0037096963306036644
-8	0.003135110910030539
-7	0.002503456782506854
-6	0.001959215763509164
-5	0.0015355914301362417
-4	0.0012286609743216777
-3	9.477445544238194e-4
-2	7.609850146522576e-4
-1	6.089906589268377e-4
0	4.784095407005157e-4
1	3.829784273032228e-4
2	3.0564226856755205e-4
3	2.450495651987865e-4
4	1.9864997722073005e-4
5	1.5343606407771987e-4
6	1.2282058206176643e-4
7	9.950287423996668e-5
8	7.669931213050831e-5
9	6.1009895841701634e-5
10	4.828153884418093e-5
11	3.893302064595137e-5
12	3.13902898522101e-5
13	2.505474102053865e-5
14	1.9084491871524016e-5
15	1.5281741940756972e-5
16	1.2198357343229343e-5
17	9.66150499587401e-6
18	7.678651020744048e-6
19	6.1822027686304845e-6
20	4.9876195563931085e-6
