-20	27.936270756306588
-19	21.632512630700624
-18	16.487019348415856
-17	12.515697931068463
-16	9.442417761696936
-15	6.994511703064377
-14	5.048706796936136
-13	3.4945870680811453
-12	2.4486507744493884
-11	1.6111874593321702
-10	1.0321162130217447
-9	0.6656311353673648
-8	0.4227608917843111
-7	0.26351323090187995
-6	0.1625168578341458
-5	0.09629797112325976
-4	0.055395366527878596
-3	0.030622302239033127
-2	0.016402015706936845
-1	0.008573261172956693
0	0.004495877061966219
1	0.002572366725286218
2	0.0015464005489101576
3	0.0010765937952586992
4	7.861363977787558e-4
5	6.123143824837813e-4
6	4.819051473649484e-4
7	3.9767429811595915e-4
8	3.0568755074485035e-4
9	2.4353791934370554e-4
10	1.9774387756739997e-4
11	1.550825893425467e-4
12	1.1980167925278324e-4
13	9.714796183548417e-5
14	7.715823433028789e-5
15	6.190707034474654e-5
16	4.92639836169488e-5
17	3.923170478205952e-5
18	3.0952138614041704e-5
19	2.464310065854057e-5
20	1.97429088199982e-5
