-20	78.6437838546088
-19	62.30962131548666
-18	49.4835522122507
-17	39.46708979788841
-16	31.584394374323235
-15	24.92115310574737
-14	19.909783381757105
-13	15.710736297347333
-12	12.604495749463752
-11	10.063278069742458
-10	8.01860820403416
-9	6.411594419643694
-8	5.143522179594964
-7	4.104521255306116
-6	3.2889379116180337
-5	2.6382617117944416
-4	2.1270503037328137
-3	1.695481606562585
-2	1.344724879171385
-1	1.0641893517499956
0	0.8407568296451126
1	0.670478278693434
2	0.5291841583295422
3	0.4019178064853171
4	0.3210437363428064
5	0.2460268021275794
6	0.1925046085324743
7	0.15602011613076291
8	0.1178944240879802
9	0.0946718337979341
10	0.07025968648741879
11	0.04829057410358133
12	0.030980962594367223
13	0.016975341893690772
14	0.009770829042013108
15	0.004927996153271878
16	0.0031399527051605815
17	0.0021221908282714596
18	0.001595871968996981
19	0.0012742042002369834
20	9.980887571120452e-4
