-20	21.924357996937356
-19	16.392052986729638
-18	12.252709175301765
-17	9.011252658055424
-16	6.601498306577768
-15	4.792517683720777
-14	3.46131512972809
-13	2.470371184346005
-12	1.740535477872166
-11	1.212264677524715
-10	0.8291169892237025
-9	0.5557781673810284
-8	0.36247095307481897
-7	0.230516403257895
-6	0.1414338027068842
-5	0.08372162417460527
-4	0.046848984914265326
-3	0.024899871335923585
-2	0.012441832726809763
-1	0.00577213957641482
0	0.0025151517894396688
1	0.0010068355902544453
2	3.991915933082783e-4
3	1.9032351740992228e-4
4	1.1318905346203389e-4
5	8.092125522247418e-5
6	6.20160147837622e-5
7	4.947198536118695e-5
8	3.886961584697406e-5
9	3.02293589442164e-5
10	2.3919745654631274e-5
11	1.914689682925171e-5
12	1.529707091460517e-5
13	1.2102694440926344e-5
14	9.622956354218422e-6
15	7.783411027833046e-6
16	5.940826572378807e-6
17	4.947884461376902e-6
18	3.869277076901918e-6
19	3.1382494589658297e-6
20	2.3690668151522897e-6
