-20	18.14694915542158
-19	14.358789353365776
-18	10.634846616013803
-17	8.177431347838201
-16	6.006511549288652
-15	4.151500630173321
-14	3.0976585701940955
-13	2.305511500906419
-12	1.553059758847953
-11	1.0507497150832559
-10	0.7228695509711931
-9	0.4548687132683755
-8	0.3013288180639151
-7	0.19653815615977246
-6	0.12189838547693148
-5	0.07229090905897845
-4	0.045733252491768676
-3	0.02563803191295005
-2	0.01551721741820058
-1	0.009915137891687653
0	0.005633299935239807
1	0.0039514920953709395
2	0.0027427610153922173
3	0.0019004333226038423
4	0.0015764448434821348
5	0.001204771113218817
6	9.460665649623856e-4
7	7.896442978168153e-4
8	5.433450300545349e-4
9	5.051259867379968e-4
10	4.0424442673040356e-4
11	3.3446678730452995e-4
12	2.453056847371855e-4
13	2.041169370683796e-4
14	1.6684916947688508e-4
15	1.131313373899902e-4
16	1.0289695915305621e-4
17	7.552576401728288e-5
18	6.26678530669366e-5
19	4.907815313066045e-5
20	3.775085184910901e-5
