-20	28.834540754684394
-19	22.45325045731741
-18	17.012259664131822
-17	12.946619779317796
-16	9.507649639343931
-15	6.829441262831808
-14	4.776854179864377
-13	3.277512617710801
-12	2.258727773448223
-11	1.4816435425049541
-10	0.9902767923540636
-9	0.6431150113923723
-8	0.4098942324998288
-7	0.26012276839623644
-6	0.15898245250799306
-5	0.09406456251230878
-4	0.05312867607194319
-3	0.02828600422271054
-2	0.014262641697938668
-1	0.006761117021079362
0	0.0029927265320058207
1	0.001315463534041437
2	6.056044417510983e-4
3	3.1805827209310594e-4
4	2.1164651281004878e-4
5	1.5719663181107597e-4
6	1.2542397341340389e-4
7	9.585513785605151e-5
8	7.70791053110426e-5
9	6.240427811998176e-5
10	4.813666255675908e-5
11	3.8209584093910764e-5
12	3.104490645825605e-5
13	2.4339641998994753e-5
14	1.976608754596405e-5
15	1.5322589524890113e-5
16	1.2231493086590436e-5
17	9.606120579540928e-6
18	7.765674321422811e-6
19	6.217191349030048e-6
20	4.806985558932028e-6
