-20	5.913437821097643
-19	4.463682506400468
-18	3.352606741149051
-17	2.4970272821442157
-16	1.8470325475815186
-15	1.3581802164291634
-14	0.9886424392453551
-13	0.7064389266112394
-12	0.5038874078385809
-11	0.35194463325079284
-10	0.24118032929837432
-9	0.1622892251868643
-8	0.10631186651264675
-7	0.06858234141371614
-6	0.04259503912085262
-5	0.02538393538787799
-4	0.01455786787903689
-3	0.008054223623260868
-2	0.004308956523834361
-1	0.0022304782909182332
0	0.001161101256546276
1	6.369784170855981e-4
2	3.8655189939062237e-4
3	2.67140657167162e-4
4	2.0001267731726964e-4
5	1.5667624870092294e-4
6	1.203952039428235e-4
7	9.779946958334582e-5
8	7.775330089080768e-5
9	6.106701356456416e-5
10	4.870100479986136e-5
11	3.804008840275256e-5
12	3.1041729196436804e-5
13	2.5201212188510264e-5
14	1.938839793817858e-5
15	1.5610844942991802e-5
16	1.2248191241177635e-5
17	9.608551623594932e-6
18	7.718758836388496e-6
19	6.34005936953019e-6
20	4.792036166058386e-6
