-20	36.407667590983614
-19	28.994918798304425
-18	23.083580162370218
-17	18.579942709396455
-16	14.850224373492258
-15	11.977321197162562
-14	9.573912011938472
-13	7.7757392765225815
-12	6.35655076558548
-11	5.168283773594564
-10	4.19278366529415
-9	3.411369232264319
-8	2.7154300246411838
-7	2.2488492634609285
-6	1.6816817163574536
-5	1.4273165767459015
-4	1.0905968957431158
-3	0.8350457105588929
-2	0.6398828788272791
-1	0.5359875991859611
0	0.47763347570416453
1	0.6092824483892813
2	0.7750139958432796
3	1.0014956001801312
4	1.322968052674119
5	1.6571973851239221
6	1.927123246998789
7	2.043443935492113
8	2.093642997477805
9	2.1251293261751587
10	2.080695358244045
11	2.129593308272094
12	2.1466337784149787
13	2.065849115011052
14	2.0949153067109387
15	2.0740589741197084
16	2.1141507519152154
17	2.1288671713654432
18	2.1569990092042874
19	2.053213815294506
20	2.0626735291023555
