-20	36.03255809953245
-19	28.531437408199167
-18	22.94637232897744
-17	18.271013314964353
-16	14.491391230143217
-15	11.498676104652757
-14	9.355804635322862
-13	7.2909318153872915
-12	5.761847345741494
-11	4.5613759227585575
-10	3.5394899937039117
-9	2.6983940308215257
-8	2.1570118782687673
-7	1.545854188819369
-6	1.1335438641483204
-5	0.827719777834906
-4	0.6485269414692423
-3	0.4111142794544422
-2	0.3171009997042117
-1	0.18114814570720786
0	0.1258953997293445
1	0.06696312762981335
2	0.024726963332958686
3	0.013618833427748361
4	0.003963462571342682
5	0.0025040828092271488
6	0.0019556240281100616
7	0.0015504756387868081
8	0.0012245573504512477
9	9.701751778991774e-4
10	7.922973583882418e-4
11	6.198530497069617e-4
12	4.896786069662644e-4
13	3.910705405867597e-4
14	3.157279036074321e-4
15	2.469044116926029e-4
16	2.0094015644353237e-4
17	1.538836341405567e-4
18	1.2290021358566473e-4
19	9.854401556700626e-5
20	8.000696705873785e-5
