-20	57.32836838078163
-19	44.23257812795279
-18	33.99896523170976
-17	25.990222790217945
-16	19.847570717816417
-15	15.017381879299219
-14	11.326179804907312
-13	8.479438796312234
-12	6.3031346888708875
-11	4.6307273290751665
-10	3.3878358455675928
-9	2.4421066475941378
-8	1.7393364562060858
-7	1.2222362117501322
-6	0.8460295538395131
-5	0.5738691394309685
-4	0.3832888065344689
-3	0.25061420799530526
-2	0.1593375495696556
-1	0.10012979499325889
0	0.05999581781061394
1	0.03597412184964069
2	0.020464046853826297
3	0.011321921857310067
4	0.006108165009310898
5	0.0031663241984679234
6	0.0015614946624683858
7	7.087269736096485e-4
8	3.0374963551318604e-4
9	1.2068325171559953e-4
10	4.6737688780633416e-5
11	2.042866445270944e-5
12	1.0125243059341331e-5
13	6.269825329416953e-6
14	4.56740077413202e-6
15	4.215626898135875e-6
16	3.1774592428951955e-6
17	2.639386166727263e-6
18	1.9187133026143434e-6
19	1.5415050922614831e-6
20	1.2302946416325655e-6
