-20	2.9300578576023892
-19	2.8865642506082105
-18	2.954674767330314
-17	2.9018693903993653
-16	2.8181015933675773
-15	2.745586671695896
-14	2.8369306438311885
-13	2.644668998371847
-12	2.538083744790294
-11	2.4580035659436104
-10	2.301319418504227
-9	2.077895716116793
-8	2.0263643008173053
-7	1.6861041070288465
-6	1.4285545813069795
-5	1.195025384242413
-4	1.0659492101136554
-3	0.7301516888749682
-2	0.6122872839312538
-1	0.3655721579430629
0	0.2680063265505769
1	0.14368796536092776
2	0.04905555845050253
3	0.02529853086807703
4	0.0036238654811971984
5	0.0012880877211852455
6	9.935375761308774e-4
7	7.717001016640779e-4
8	6.003152010184983e-4
9	4.8318520670345276e-4
10	3.90655631874465e-4
11	2.9902264530062877e-4
12	2.466827350408539e-4
13	1.965240022026964e-4
14	1.6055102523377293e-4
15	1.2326489683200841e-4
16	1.0049371603791017e-4
17	7.618788436447286e-5
18	6.049317212645325e-5
19	4.852020600325116e-5
20	4.0618184631316315e-5
