-20	0.636473792633971
-19	0.4922874044275286
-18	0.38090502920031233
-17	0.29877356139135625
-16	0.2250761351366641
-15	0.17664501777174926
-14	0.13834783986018293
-13	0.10703955695396389
-12	0.0819010036553245
-11	0.06804796140186786
-10	0.05464175527365895
-9	0.04535147213917643
-8	0.03655392666130546
-7	0.028406417249274587
-6	0.023940926495740558
-5	0.020060575642830134
-4	0.016010331771537444
-3	0.013558772993434692
-2	0.011285843531724068
-1	0.00955739229623655
0	0.008228748144674412
1	0.006726525919908142
2	0.005546792993743759
3	0.0045780360465940495
4	0.003558865213057558
5	0.002571937740661814
6	0.00165086161223538
7	9.823474566424816e-4
8	5.335707202239083e-4
9	2.862831997864652e-4
10	1.5355899664091076e-4
11	8.971983756348826e-5
12	5.277985013404818e-5
13	3.327545972997647e-5
14	2.2327913443587715e-5
15	1.6374186941972562e-5
16	1.2649145678022624e-5
17	1.0085868824453461e-5
18	7.979991549750333e-6
19	6.098667158961727e-6
20	4.919567830705505e-6
