-20	0.05114900434590353
-19	0.052197524961246224
-18	0.051371267167308984
-17	0.05221764802135168
-16	0.05187606364883107
-15	0.04995676564998936
-14	0.052730891298114216
-13	0.051596243360152456
-12	0.05078541511847536
-11	0.05151000702073823
-10	0.05126085441243198
-9	0.051142486548631086
-8	0.05176643677736253
-7	0.0508338430944927
-6	0.05200708241813178
-5	0.05100800125280958
-4	0.050809737358296886
-3	0.05017521573445748
-2	0.05248118047439675
-1	0.05006128110011665
0	0.050568072274313855
1	0.05197790842705804
2	0.05100032683080503
3	0.050818284695289075
4	0.04686881892655296
5	0.04486711358565549
6	0.04089770356897448
7	0.03348067286277348
8	0.025682985141299394
9	0.01664530386922395
10	0.009236489396556065
11	0.0042695593351066
12	0.0021516556737963023
13	0.0011909710264036138
14	7.926081898757789e-4
15	5.579366466309042e-4
16	4.025299180777799e-4
17	3.133390826069824e-4
18	2.503681129145275e-4
19	2.003364779075838e-4
20	1.540380569662089e-4
