-20	0.7477236117063077
-19	0.6028190303593252
-18	0.4494188424361253
-17	0.36355933483715075
-16	0.3143903894508616
-15	0.23155718706528952
-14	0.1887818316725796
-13	0.1532770236088816
-12	0.11913044033945053
-11	0.09456757542558444
-10	0.07588161114965333
-9	0.06567681734310189
-8	0.050604387353542196
-7	0.04119962921607921
-6	0.033331960174560964
-5	0.02777948358102274
-4	0.023023873675719307
-3	0.018355451315924493
-2	0.015445944968250296
-1	0.013231210535888044
0	0.010977315100042467
1	0.009495650776425328
2	0.007720686795641478
3	0.00651383724095803
4	0.005111488719388781
5	0.004284638478284568
6	0.003518470009519084
7	0.002906494904589911
8	0.0023140635452399637
9	0.0018266502318375715
10	0.0015434007356412345
11	0.0012226940907189875
12	9.527824994290899e-4
13	7.783920241075041e-4
14	6.246248460913572e-4
15	4.830285002499212e-4
16	4.03247111882281e-4
17	3.051108469817489e-4
18	2.4239393036649314e-4
19	1.950115630566779e-4
20	1.5542088672670492e-4
