-20	0.5050221766711792
-19	0.3598098023777886
-18	0.2740076905652287
-17	0.17672366830337885
-16	0.11684831377932428
-15	0.07147410673298943
-14	0.048870966225382964
-13	0.030872890147026846
-12	0.01904380681093332
-11	0.012636781109486727
-10	0.008420662788234452
-9	0.00558592708503336
-8	0.003660907527681826
-7	0.0024397883940034466
-6	0.0015565887107160685
-5	0.001079942023393106
-4	7.266254192545688e-4
-3	5.038679324334107e-4
-2	3.3170315133351796e-4
-1	2.3466201271338502e-4
0	1.6409283861985345e-4
1	1.2108545158748775e-4
2	8.933631398046631e-5
3	6.891174953266615e-5
4	5.1620788075387016e-5
5	4.0484464267198105e-5
6	3.108808389416487e-5
7	2.435519406193912e-5
8	1.9420922626269262e-5
9	1.475685160961883e-5
10	1.1904274679795532e-5
11	9.384855331474344e-6
12	7.677084815144936e-6
13	6.19656593660714e-6
14	4.814695688211725e-6
15	3.873092277568338e-6
16	2.951827407320608e-6
17	2.468237837850479e-6
18	1.9596874358442935e-6
19	1.5623182282093526e-6
20	1.1960622722859685e-6
