-20	0.22605411409088697
-19	0.18349547826619286
-18	0.13447826799913049
-17	0.10326272767939967
-16	0.08539381372475918
-15	0.06831264890955992
-14	0.05214813809639803
-13	0.04036561351138212
-12	0.03262101404053352
-11	0.02699114280697279
-10	0.020943078940704473
-9	0.01712569814922724
-8	0.01385996498834186
-7	0.010868154842028034
-6	0.009020356218842633
-5	0.007176961779147733
-4	0.0059149469339591695
-3	0.005141474343271806
-2	0.004210151651695349
-1	0.0034356102078625917
0	0.00288406998728517
1	0.0024350143817697357
2	0.001994654894740958
3	0.0016587009525600351
4	0.0013963068218147345
5	0.0011190889267632595
6	9.029972109349242e-4
7	7.356402938475471e-4
8	6.188660775074941e-4
9	4.879194870462566e-4
10	3.9509023538776734e-4
11	3.153697623431565e-4
12	2.3612692684508462e-4
13	2.0100237387729635e-4
14	1.572053096696413e-4
15	1.2092049027858676e-4
16	9.813371402139265e-5
17	7.780917661730948e-5
18	6.197980365597727e-5
19	4.944687600665023e-5
20	3.904409518261826e-5
