-20	59.106915150717334
-19	45.64197172003678
-18	35.05307214465227
-17	26.854033503700414
-16	20.467909239338294
-15	15.505581828586928
-14	11.696456478837367
-13	8.748831518678745
-12	6.5083281451293065
-11	4.795079401637369
-10	3.499805361544995
-9	2.527030196418385
-8	1.797849902064404
-7	1.2648219482843943
-6	0.8756001857488811
-5	0.5951523985856524
-4	0.3979563918168182
-3	0.2601716718678234
-2	0.16639521138664548
-1	0.10393937908652529
0	0.06327859101062483
1	0.03749489970101833
2	0.021454600355792313
3	0.012020765037230333
4	0.006476087589400044
5	0.0034059680677969253
6	0.0016824829483567693
7	8.259907285712503e-4
8	3.7690280905410223e-4
9	1.737610105689751e-4
10	8.416899725551185e-5
11	4.685779474365819e-5
12	3.2458207820925684e-5
13	2.4377218711900035e-5
14	1.9355112265307514e-5
15	1.5545233376857218e-5
16	1.2198300570660049e-5
17	9.751325580393387e-6
18	7.805041522973523e-6
19	6.131693424844453e-6
20	4.746741789784314e-6
