-20	3.0731686267327096
-19	3.037234854742659
-18	2.9628462514652636
-17	2.971193511196752
-16	2.877452820855104
-15	2.897707701005958
-14	2.852813132509255
-13	2.635737647130815
-12	2.685008660182276
-11	2.5905804090399887
-10	2.5066548601919667
-9	2.458889766272312
-8	2.2828865066841377
-7	2.183067568064495
-6	2.0074188937877855
-5	1.8661369978468054
-4	1.7523030308673344
-3	1.5053138442214997
-2	1.2535349226806474
-1	1.081342021149781
0	0.8155398153824134
1	0.6130255322270707
2	0.4155972601857162
3	0.2628680662468194
4	0.12802745466373727
5	0.09636052606001935
6	0.04552372622682613
7	0.034144258780985946
8	0.010072207134629363
9	0.008048630403095084
10	0.006163312789603075
11	0.005015857513258577
12	0.004022125798621218
13	0.0030945135562265224
14	0.0024789784152646353
15	0.0020300126135851223
16	0.0015407086137234822
17	0.0012449630899029555
18	9.92953130660026e-4
19	7.860887873843845e-4
20	6.262681702681927e-4
