-20	1.2179611519496798
-19	1.0645715268039146
-18	0.8840547047392234
-17	0.7178916269923632
-16	0.5862483656717064
-15	0.4837695106561643
-14	0.4059012779673121
-13	0.3164475887357684
-12	0.2614061087815886
-11	0.2119853733213032
-10	0.18426938078009028
-9	0.14838315534129937
-8	0.12849984383330296
-7	0.10229704343047684
-6	0.08030461704889906
-5	0.05958026883202983
-4	0.04227943235327389
-3	0.02920623241758284
-2	0.016970021457240435
-1	0.009632282492117264
0	0.005278636788490897
1	0.0029564198270626923
2	0.0016871643487046694
3	9.53256822029266e-4
4	5.442115188099522e-4
5	3.227949679988421e-4
6	2.0758616228159124e-4
7	1.2929761535535836e-4
8	9.25971144553073e-5
9	6.633344157428166e-5
10	5.0768165541826624e-5
11	4.101796816633491e-5
12	3.0114787645823804e-5
13	2.412637526588699e-5
14	1.9877233424224536e-5
15	1.6016875291848404e-5
16	1.2328544828427432e-5
17	1.0055320582003633e-5
18	7.692169414953519e-6
19	6.043617907086715e-6
20	4.93115135406021e-6
