-20	30.07992626379152
-19	23.02827937143946
-18	17.561805375719846
-17	13.329040735882124
-16	10.086877074530548
-15	7.598109431246745
-14	5.662593382760719
-13	4.220804611555938
-12	3.0951454933126077
-11	2.2577391920024157
-10	1.6304274085954404
-9	1.1579378187818101
-8	0.80978165830489
-7	0.5587078452875347
-6	0.3777201684050788
-5	0.24716577506195522
-4	0.15912103448952988
-3	0.09880368211793387
-2	0.05946555245838107
-1	0.033986397591920604
0	0.018646055457311538
1	0.00971675302454015
2	0.0047937706227600485
3	0.002314289353076594
4	0.001117762989705809
5	5.825994150340641e-4
6	3.5233466266960115e-4
7	2.3321590946332398e-4
8	1.6657172895769457e-4
9	1.2676591297008214e-4
10	1.0035272476295278e-4
11	7.805324120455982e-5
12	6.102788580656691e-5
13	4.994602854342222e-5
14	3.915428829860015e-5
15	3.0415043325717982e-5
16	2.434680744401047e-5
17	1.9882269325964773e-5
18	1.550316535197437e-5
19	1.2660535272774246e-5
20	9.639658126516692e-6
