-20	2.361162822108531
-19	2.1996884511057244
-18	2.22446345358982
-17	1.9688531963799043
-16	1.9534205010857444
-15	1.7363567714212358
-14	1.5903274039995892
-13	1.440625315300653
-12	1.230687800086266
-11	1.065089229239356
-10	0.9009795095144644
-9	0.7361610551067621
-8	0.6112373811381934
-7	0.46707665237445944
-6	0.374657046288135
-5	0.2756416246550837
-4	0.21851567681396164
-3	0.1497695638621811
-2	0.11389035935762974
-1	0.08607286186623853
0	0.06741851176603303
1	0.05612106164918963
2	0.041322836490728786
3	0.03391444175854362
4	0.025541311011179305
5	0.01994589795104806
6	0.01609980583036716
7	0.012485386281915197
8	0.010011437872489126
9	0.008002620575026882
10	0.006150846579471714
11	0.0050628617508980565
12	0.0038335485389398272
13	0.0031669696695355693
14	0.0025260996567114924
15	0.0019506100549788847
16	0.001575622385977598
17	0.001240138889734097
18	9.820842854482582e-4
19	7.889625074759647e-4
20	6.369728193599341e-4
