-20	10.033881798952637
-19	7.909059119270994
-18	6.324918250264409
-17	5.0261433817806624
-16	4.016928745693923
-15	3.1388567560975438
-14	2.5126599803474514
-13	1.9932842328327733
-12	1.5989723718407027
-11	1.2595110907209812
-10	1.0058517891190355
-9	0.7980523354436018
-8	0.6247654106343995
-7	0.4954118124288686
-6	0.3996273254916448
-5	0.3169420339532075
-4	0.2506267059382281
-3	0.199086630071754
-2	0.15829338643016438
-1	0.12622336528833447
0	0.10111678664021463
1	0.07886540250730055
2	0.0637068822407366
3	0.05058676606778187
4	0.03900848227751543
5	0.03150036378258044
6	0.025119638309773224
7	0.01998497992392732
8	0.015741638078828193
9	0.012797870132894074
10	0.010036869647674638
11	0.007982010172051949
12	0.006320658761345036
13	0.005026884349220127
14	0.003965111660072236
15	0.0031169182174742454
16	0.0024923416509553893
17	0.002005835864940923
18	0.0016089818287153019
19	0.0012746269863150113
20	0.0010078682211778413
