-20	6.484814791488491
-19	5.0861200489475715
-18	3.985827361338694
-17	2.8813563281751793
-16	2.3141295379141615
-15	1.765127838203004
-14	1.3672525042459163
-13	1.0576525330267639
-12	0.813541429151236
-11	0.6008984165564718
-10	0.449258788313675
-9	0.34451959868598786
-8	0.26033433653725013
-7	0.2059347115451594
-6	0.1563268370879922
-5	0.12856403342859782
-4	0.10080121137664377
-3	0.07890138831222615
-2	0.06714738639317798
-1	0.05749385785710358
0	0.047923037259265854
1	0.04130922413397129
2	0.03490204770603462
3	0.028904293712062122
4	0.024461955744928855
5	0.019626139791638887
6	0.01560952628779728
7	0.01260377153309027
8	0.009749237050051904
9	0.007956067778509716
10	0.006244827784343518
11	0.004897774994263927
12	0.003964864729326872
13	0.0031076341931643
14	0.002476692129724153
15	0.0019519357178839996
16	0.001583917564132447
17	0.0012537412127890167
18	9.956999424676457e-4
19	7.883133496456806e-4
20	5.98191630840768e-4
