-20	1.5152062611452517
-19	1.406991564262479
-18	1.1799014407065596
-17	1.1058066323293887
-16	0.935953973009955
-15	0.7932191505168382
-14	0.5928410563970575
-13	0.4968866866231564
-12	0.36890727504737975
-11	0.2848978253751484
-10	0.2159421115583937
-9	0.16628513323708788
-8	0.1347256482465767
-7	0.10013948888764494
-6	0.07875568104725868
-5	0.06321714818546242
-4	0.05022825127515444
-3	0.040352572595261864
-2	0.031038804153833543
-1	0.026637019679188235
0	0.021916106587909396
1	0.018145041173050963
2	0.015209481399640012
3	0.01287020230013566
4	0.009803306093810039
5	0.007707979992760221
6	0.005888503343662171
7	0.0040676929616799565
8	0.002752050355242831
9	0.001645534022346589
10	0.0010093219515143075
11	6.140474745444198e-4
12	3.8454669205801906e-4
13	2.554469625137835e-4
14	1.8124791861162502e-4
15	1.2635418249884155e-4
16	1.0178462982828127e-4
17	8.021368121051004e-5
18	5.998833592240844e-5
19	4.866226498586938e-5
20	3.957692430510061e-5
