-20	2.5704450402882637
-19	2.5713589915680544
-18	2.355901359088336
-17	2.373789031486669
-16	2.274500714736625
-15	2.123933629085909
-14	1.9547621709034873
-13	1.8796795097489918
-12	1.7239476654639228
-11	1.59628900317426
-10	1.36496383869391
-9	1.2912479576309663
-8	1.1019779336545126
-7	0.897006679046695
-6	0.7608781656023186
-5	0.5849670876190642
-4	0.4866566448635705
-3	0.3536328017603015
-2	0.2757910685903402
-1	0.1951749171263002
0	0.14726439660626964
1	0.1131817577986735
2	0.08665543077832633
3	0.06714452994609182
4	0.05425545177304975
5	0.04040080630245979
6	0.03278590547466265
7	0.025722339238901402
8	0.020434800127074743
9	0.01600612305085442
10	0.012457621998267346
11	0.010384364151033318
12	0.008002896391980593
13	0.006483123922935782
14	0.005108645906393692
15	0.004050661570584575
16	0.0031639911857811926
17	0.002530437744969542
18	0.001966993190633094
19	0.0015530200469198077
20	0.0012387490884570875
