-20	0.35179504547603024
-19	0.2617746442990344
-18	0.20895995000495737
-17	0.16722556481155856
-16	0.13130920941285204
-15	0.10995118880801201
-14	0.08571632230747972
-13	0.07435670181118084
-12	0.059192129153798
-11	0.046044495162837214
-10	0.037738348918359164
-9	0.030161627845164764
-8	0.024435544399142226
-7	0.018585407116779182
-6	0.014833822208691507
-5	0.011697991029041555
-4	0.008649759481459698
-3	0.006265260098203982
-2	0.004556263982324034
-1	0.003311802687610019
0	0.002190129283974677
1	0.0014911133256022642
2	9.790776149623645e-4
3	6.247457984392436e-4
4	4.157998241401705e-4
5	2.7539161807173197e-4
6	1.8060459918735125e-4
7	1.2842134161858442e-4
8	8.551012766588698e-5
9	6.6156252305693e-5
10	5.188145645441463e-5
11	3.9182323402783555e-5
12	3.078239143085351e-5
13	2.4236846149970765e-5
14	1.9753044018273807e-5
15	1.5391564561844708e-5
16	1.2556065628854618e-5
17	9.498315416389031e-6
18	7.730537951929724e-6
19	6.141986119141985e-6
20	4.833622121805928e-6
