-20	48.040333525737076
-19	37.09058244338034
-18	28.357336730045162
-17	21.65594167202774
-16	16.4352233595149
-15	12.364074633818904
-14	9.246801576500403
-13	6.877471135257744
-12	5.06328773844841
-11	3.694236826144084
-10	2.6541604003839963
-9	1.8923202314321934
-8	1.3211520126938214
-7	0.9062131231885782
-6	0.6096264665059851
-5	0.4018443925323169
-4	0.25542546563703766
-3	0.15817716038860735
-2	0.09369495185729754
-1	0.05253505550031689
0	0.02825344271348333
1	0.014447120084959733
2	0.006962115258656236
3	0.0032277543759203155
4	0.0015628827226266654
5	8.068763312565272e-4
6	5.373331302802486e-4
7	3.865850404771143e-4
8	3.0809294063705977e-4
9	2.4719998431996704e-4
10	1.9551262217444546e-4
11	1.541438869740534e-4
12	1.2370502406324206e-4
13	1.0353926106944209e-4
14	8.009770642974906e-5
15	6.107287221247872e-5
16	4.939609998826024e-5
17	4.0409528795140006e-5
18	3.0547894781016774e-5
19	2.447424988229836e-5
20	1.944921923790862e-5
