-20	5.70258789546569
-19	4.306198716685218
-18	3.273947055947277
-17	2.417848630627003
-16	1.803958491098033
-15	1.32195478423317
-14	0.9614634591824575
-13	0.6910353769682692
-12	0.49317714532482854
-11	0.34321295700507176
-10	0.2360074494361355
-9	0.15788828132845345
-8	0.10272495160980871
-7	0.06686772162841309
-6	0.0410826471160852
-5	0.02402860197284964
-4	0.01398909068885972
-3	0.0074004022570141595
-2	0.003856287697228731
-1	0.001871340508520303
0	8.961718816248136e-4
1	4.1701895264424237e-4
2	2.220041138426286e-4
3	1.395276905371568e-4
4	1.0233362910182314e-4
5	7.978053672485403e-5
6	5.683246397164252e-5
7	5.078896477496546e-5
8	3.880451792698823e-5
9	3.200088085703247e-5
10	2.4495675182790897e-5
11	1.9575690170299137e-5
12	1.6612226305424185e-5
13	1.2172127796998617e-5
14	1.0274442395223285e-5
15	8.08593163858396e-6
16	6.490320260719862e-6
17	4.461207150202621e-6
18	3.8072574476176067e-6
19	3.0066391282448605e-6
20	2.22917318286978e-6
