-20	25.59477203718412
-19	19.57975384822672
-18	14.817552320807115
-17	11.097303005030133
-16	8.258023238604459
-15	6.077518172055242
-14	4.424115849102262
-13	3.2091662116783573
-12	2.2446150774999634
-11	1.584856071416324
-10	1.0953379775982717
-9	0.7396687123261283
-8	0.4832743020286475
-7	0.3088070211986324
-6	0.1965565785632667
-5	0.1240183639963607
-4	0.07594879229020148
-3	0.04895461032930036
-2	0.03229410574287593
-1	0.0210692682665356
0	0.015166725818399372
1	0.011534908124062274
2	0.008864097427740952
3	0.00763942781425192
4	0.006070642479421409
5	0.004967635962459442
6	0.003801839778278218
7	0.0030224892850129466
8	0.00244236950304503
9	0.0019530465661013099
10	0.0015952798035717586
11	0.0012440925366443939
12	9.502181858059732e-4
13	7.765857523993219e-4
14	6.157217377422767e-4
15	4.917754569393442e-4
16	3.935761688660871e-4
17	3.0552655615013536e-4
18	2.45350535970881e-4
19	1.969276941065018e-4
20	1.548578377143589e-4
