-20	47.47337847598424
-19	36.57900757354196
-18	27.994637292342865
-17	21.319893260580237
-16	16.17097026375632
-15	12.180962776788158
-14	9.11425254739144
-13	6.776322788061005
-12	4.993019945280369
-11	3.626830463236859
-10	2.6108639329204264
-9	1.8587643131030185
-8	1.2972867058116602
-7	0.8939118185754822
-6	0.5984780299903506
-5	0.39167591288246373
-4	0.25053508050658
-3	0.15329671497744127
-2	0.09040618148988774
-1	0.05071044146908964
0	0.02728862612318999
1	0.01358886712201498
2	0.006429588932056077
3	0.0028167627001713493
4	0.0012267506894317213
5	5.685398571693949e-4
6	2.9860941735645433e-4
7	2.0839554753068485e-4
8	1.584022891100679e-4
9	1.1903113202808038e-4
10	9.808350874910651e-5
11	7.757855537767113e-5
12	6.221642308234934e-5
13	4.915585737713884e-5
14	3.9344218504300585e-5
15	3.13339456762558e-5
16	2.458227347400676e-5
17	1.9396800222219558e-5
18	1.5263276724703772e-5
19	1.2395432206321467e-5
20	9.99389146266979e-6
