-20	31.160564337453636
-19	24.79891388916469
-18	19.134352013411114
-17	14.824465332209563
-16	11.57837049440758
-15	8.983916583495054
-14	6.987264042489198
-13	5.204999106803983
-12	3.8400882472038997
-11	2.8743347010736695
-10	2.0415206748556027
-9	1.4422179637623582
-8	0.9099566189407887
-7	0.6112654372988645
-6	0.3295150680893917
-5	0.18463157851175924
-4	0.100606264218969
-3	0.05858257680531484
-2	0.03397644007791594
-1	0.020482542427186137
0	0.013353123089136776
1	0.009301040403567357
2	0.006692133026890609
3	0.005403142437185114
4	0.003872828816598636
5	0.003085162726950711
6	0.002568991320541573
7	0.0020293452691553717
8	0.001636026589483094
9	0.0012543041805339993
10	0.001010617832246442
11	8.172061078897615e-4
12	6.266297479779234e-4
13	5.111714978779472e-4
14	4.125264743194698e-4
15	3.195071707845777e-4
16	2.5192509429975324e-4
17	2.0356288014059172e-4
18	1.586208115514733e-4
19	1.2613224325039478e-4
20	1.0211261391649037e-4
