-20	0.9638030186291547
-19	0.7714649979093552
-18	0.6258834387330068
-17	0.514178918645579
-16	0.41153072422578474
-15	0.31978054480678464
-14	0.2571565066007884
-13	0.19717344432205605
-12	0.1547192139433783
-11	0.12516260935410523
-10	0.10110647611572134
-9	0.07938553411597557
-8	0.06313808461031407
-7	0.05078604389384477
-6	0.03909789157946571
-5	0.03168797521518137
-4	0.024077350858584538
-3	0.01971472189739689
-2	0.015414495022559855
-1	0.012432111962970184
0	0.010053594444388097
1	0.00783614127873445
2	0.006134181128970514
3	0.004992311569265519
4	0.00388457560588896
5	0.0031215771592965217
6	0.0024921984665617378
7	0.0020008132963566477
8	0.001607721826040638
9	0.0013236059026851925
10	0.0010232543044482799
11	7.912045971629123e-4
12	6.375237548940303e-4
13	5.078085209749332e-4
14	4.0541864742237634e-4
15	3.08484743751976e-4
16	2.567493913090267e-4
17	1.943578525555352e-4
18	1.67810054651364e-4
19	1.2628053919611442e-4
20	1.0329468243236926e-4
