-20	58.8625719833954
-19	46.18215321968133
-18	36.651873297753916
-17	28.85297086583247
-16	22.689991896203864
-15	17.727961264435734
-14	14.23662674827587
-13	10.873031717966827
-12	8.594395565478392
-11	6.67976035434552
-10	5.143111016196018
-9	3.9928941548598598
-8	2.9737106236904607
-7	2.2468458790829438
-6	1.6566984839824335
-5	1.2353553165108748
-4	0.9018310496781163
-3	0.6874144063192157
-2	0.4797828466185204
-1	0.35587478789278093
0	0.2558011716605986
1	0.18856063335422474
2	0.1458804141596532
3	0.10776392962127514
4	0.08341809575301466
5	0.06593228411370514
6	0.051704987864487316
7	0.04201671811067088
8	0.031028449502077383
9	0.020867880200536034
10	0.01377609562077815
11	0.00879632403850985
12	0.005700281884433464
13	0.0038212140631041303
14	0.002740858709713778
15	0.002050024435697478
16	0.001539711331063164
17	0.0012266615480921769
18	9.70865591922819e-4
19	7.974939064584191e-4
20	6.338297949267939e-4
