-20	0.12208130401878868
-19	0.09264400906481107
-18	0.07099459106109696
-17	0.05359270120479318
-16	0.040302007136488426
-15	0.029206991322353337
-14	0.023126467512235648
-13	0.016322549791951958
-12	0.012970353577075712
-11	0.009744803320644932
-10	0.008294059751613632
-9	0.006645723764190312
-8	0.005423179185921925
-7	0.004907189615655218
-6	0.004110779787329788
-5	0.0034136712576785444
-4	0.003003889842701497
-3	0.0025235924962386073
-2	0.0021425143216551538
-1	0.001783368356920024
0	0.0015800164262473916
1	0.0012549876926861287
2	0.0011092326686932604
3	9.03169309865288e-4
4	7.440472760822806e-4
5	6.049598120408034e-4
6	4.956495610077366e-4
7	3.8920304615928643e-4
8	3.168118577809912e-4
9	2.392612340452504e-4
10	1.9691325316739512e-4
11	1.5446167085551475e-4
12	1.230315592384871e-4
13	9.736226873256475e-5
14	8.074283387233458e-5
15	6.328232669088785e-5
16	5.0040584209020145e-5
17	3.856284560441692e-5
18	3.023688978493131e-5
19	2.4416498796984617e-5
20	1.9867392837756958e-5
