-20	0.022972799731342995
-19	0.017915632629335577
-18	0.014887274023577405
-17	0.011823368165500772
-16	0.0096236168914278
-15	0.007747958393908017
-14	0.006154054634771915
-13	0.004810568416720743
-12	0.003949738546491203
-11	0.0030196452446663853
-10	0.0023913894881251617
-9	0.002026338013581962
-8	0.0016572880694367463
-7	0.0013374543559918066
-6	0.0010862401379167096
-5	9.069897513469085e-4
-4	7.421188147641724e-4
-3	5.919192066055125e-4
-2	5.023607806199343e-4
-1	4.2730630967530283e-4
0	3.5538517561627895e-4
1	2.865312014391473e-4
2	2.4022577541354484e-4
3	2.0894534743894305e-4
4	1.6970330207672501e-4
5	1.3762287009243376e-4
6	1.1215613198877355e-4
7	8.949753904355816e-5
8	7.066660763570303e-5
9	5.951432838489309e-5
10	4.612646053435067e-5
11	3.830205320949448e-5
12	2.9930177516763363e-5
13	2.4738325255081033e-5
14	1.9219996920977695e-5
15	1.5357623307901145e-5
16	1.2201360019238202e-5
17	9.42509435736612e-6
18	7.822112863480567e-6
19	6.1831916712914085e-6
20	4.846968414689647e-6
