-20	20.51069096170582
-19	15.521909012974918
-18	11.620577131034217
-17	8.69510077596448
-16	6.4204327729174295
-15	4.6721634120693105
-14	3.3928567751633514
-13	2.4271101851463386
-12	1.7021508056518764
-11	1.1855748382910856
-10	0.8082081569011998
-9	0.5395720725232389
-8	0.35207632443884623
-7	0.22599980912677226
-6	0.13949773576945884
-5	0.08470249783286152
-4	0.04904135110167072
-3	0.0277875954023955
-2	0.015411087048920172
-1	0.00873058371006912
0	0.005377636375826934
1	0.0035336766336387746
2	0.0024843924155332066
3	0.001879461233380264
4	0.0015267676755591991
5	0.0011981451229329753
6	9.711210668936373e-4
7	7.862966490744343e-4
8	6.193396650615758e-4
9	4.859754328453012e-4
10	3.961418019132789e-4
11	3.1476248475978424e-4
12	2.4309021358131976e-4
13	1.8914462931346484e-4
14	1.55722020226167e-4
15	1.2160990875592202e-4
16	1.0442517001662918e-4
17	7.868875074097651e-5
18	6.0428457855708985e-5
19	5.098216047143925e-5
20	3.861409387821011e-5
