-20	1.8816460823096182
-19	1.8419552362021976
-18	1.5905964060877475
-17	1.4527110959453247
-16	1.1705247682646465
-15	0.9074931284222625
-14	0.6261409429380856
-13	0.41269171828593326
-12	0.28542267129607907
-11	0.1378715862472902
-10	0.08233978731364072
-9	0.03507129325625247
-8	0.010173160478439875
-7	0.0071627858482863
-6	0.0035569463437489747
-5	0.0022856026880236973
-4	0.00157785673598692
-3	0.0010237082392259378
-2	7.081995070292487e-4
-1	5.067409038118295e-4
0	3.502420612553722e-4
1	2.4460764196030727e-4
2	1.806938740426959e-4
3	1.2906457961311529e-4
4	1.001593104603132e-4
5	8.029977438393276e-5
6	6.225933681113657e-5
7	4.8102389136660565e-5
8	3.733031728833148e-5
9	3.2089016990136325e-5
10	2.4085814480455357e-5
11	1.9050355863088176e-5
12	1.552726595631982e-5
13	1.213749878304602e-5
14	9.875261068935893e-6
15	7.5891991516178395e-6
16	6.126425932345254e-6
17	4.757886796616762e-6
18	3.929317932362722e-6
19	3.1656750874344538e-6
20	2.4056560052536386e-6
