-20	1.1156843148571696
-19	0.9872292979693927
-18	0.8585030593420275
-17	0.6386337745814026
-16	0.5293443993897851
-15	0.4042376964911405
-14	0.31629874361290017
-13	0.24272612151827538
-12	0.18241429996928615
-11	0.14002746326303497
-10	0.11165969673951709
-9	0.08725912316766385
-8	0.06901382333629259
-7	0.05163421203946974
-6	0.04238187710791205
-5	0.03395173692149285
-4	0.02606577359979863
-3	0.020560666823026263
-2	0.015960812096385887
-1	0.01162177448025123
0	0.00875084688225423
1	0.006606451031349826
2	0.004924154991900444
3	0.003548747339351727
4	0.0024885615624636523
5	0.0017835625210146176
6	0.0012345760652889082
7	9.129211306105095e-4
8	6.75266005677826e-4
9	5.125175841588282e-4
10	4.0401587498956114e-4
11	3.097720428034862e-4
12	2.552548675132617e-4
13	1.9271370826841905e-4
14	1.5590864499000808e-4
15	1.2480227650895197e-4
16	9.677412322019497e-5
17	7.936480044931063e-5
18	6.234836424926274e-5
19	4.9609689128309056e-5
20	3.9609755745438276e-5
