-20	34.01311777906882
-19	26.18896666899187
-18	20.07214410726142
-17	15.372357673773237
-16	11.639572451505733
-15	8.838152258589966
-14	6.6572506966045415
-13	4.978519561518882
-12	3.693878214808787
-11	2.7175985494089376
-10	1.981074954719475
-9	1.428478310921831
-8	1.0182922754927761
-7	0.71270049229657
-6	0.4960874602308114
-5	0.3378961244479314
-4	0.2252709565844956
-3	0.14767202872174834
-2	0.09402563108739675
-1	0.05937376643059401
0	0.03600638344304511
1	0.0215421691490469
2	0.012390329219523044
3	0.007090917673121707
4	0.003801483799549905
5	0.002097921766918306
6	0.0011157237595065786
7	5.904919431952036e-4
8	3.2839502859347025e-4
9	1.8563746477971073e-4
10	1.1647692208411809e-4
11	8.248118929282063e-5
12	6.359243535374685e-5
13	4.771801057306087e-5
14	3.950439486930204e-5
15	3.0664361078681105e-5
16	2.5218708346759806e-5
17	1.9569159151249185e-5
18	1.5471383257156634e-5
19	1.2113369214859687e-5
20	9.416276799204135e-6
