-20	0.6402591375814777
-19	0.613825247833316
-18	0.5659390264615783
-17	0.5009994988532344
-16	0.43936765483540585
-15	0.36407013052348786
-14	0.27646704531436267
-13	0.20765823846775666
-12	0.13696425419569783
-11	0.08198564358507554
-10	0.04926241056489045
-9	0.028597354614443286
-8	0.018004383820513788
-7	0.011318761227985365
-6	0.007122262472833157
-5	0.00500915904811873
-4	0.0031282799201493594
-3	0.002030886812343979
-2	0.001403846508166822
-1	0.001000443921110235
0	6.618237394027528e-4
1	4.8186146634046325e-4
2	3.646080945178911e-4
3	2.7512475230760046e-4
4	2.16076238967679e-4
5	1.606468501751708e-4
6	1.1750034072299398e-4
7	9.9576607783024e-5
8	7.869898624492034e-5
9	6.0564263212483274e-5
10	4.906412876357688e-5
11	3.9995520694862606e-5
12	2.958335456253516e-5
13	2.4800673196296952e-5
14	1.9491339412765255e-5
15	1.545142691242313e-5
16	1.2206470331883664e-5
17	9.858228628417313e-6
18	7.611035602241056e-6
19	5.90368150124044e-6
20	4.740807709805989e-6
