-20	41.47378213143797
-19	32.789110663343564
-18	25.566253725443257
-17	19.94962159340511
-16	15.368151995506329
-15	11.803191490162325
-14	8.86602104485831
-13	6.6722645359483375
-12	5.069717205137277
-11	3.776911858631156
-10	2.7534963870951628
-9	1.970570530357139
-8	1.410404878487773
-7	1.0157294034520976
-6	0.6951830267148084
-5	0.49584353587094554
-4	0.34517778396383764
-3	0.2354685666630562
-2	0.15624078619973053
-1	0.10067095549319117
0	0.06762043724216751
1	0.04132242265769714
2	0.026499386561486434
3	0.016816126173147223
4	0.010284061932788049
5	0.007004817313841807
6	0.0049453590966402495
7	0.0035487105208437974
8	0.0026825635735577844
9	0.0020138776691502195
10	0.0015716631403970946
11	0.0012046489187589712
12	9.893227752616448e-4
13	7.812969192038437e-4
14	6.324443713562533e-4
15	4.977114721756904e-4
16	3.911177360460472e-4
17	3.0984426241637404e-4
18	2.483183124425741e-4
19	1.994992725361389e-4
20	1.5569550863673892e-4
