-20	12.904589095905676
-19	9.763453345018812
-18	7.333996411596227
-17	5.478033069262941
-16	4.060539990959563
-15	2.9688188213404336
-14	2.162052443726011
-13	1.5547550461991428
-12	1.10568142317449
-11	0.7738227061549885
-10	0.5296852532169122
-9	0.35400507320120717
-8	0.23281128305699994
-7	0.14746312565329936
-6	0.091086955102686
-5	0.05403506335322217
-4	0.03046326219524822
-3	0.016384076428843885
-2	0.008424820849414157
-1	0.004013899380075385
0	0.0018830567007623955
1	8.792546772791724e-4
2	4.395317760975084e-4
3	2.790022694206042e-4
4	1.962964659600157e-4
5	1.5275095074271765e-4
6	1.2268907705256628e-4
7	9.673926485138514e-5
8	7.872886217289785e-5
9	6.200908875521606e-5
10	4.792894394079461e-5
11	4.01800218475595e-5
12	2.9915464617644438e-5
13	2.483653127361589e-5
14	1.931142598240069e-5
15	1.5762986763334054e-5
16	1.2479912600789104e-5
17	9.330196805118721e-6
18	7.663763457789405e-6
19	6.081072485468015e-6
20	4.831492104820051e-6
