-20	8.03089183034697
-19	6.195419690810049
-18	4.584038024015707
-17	3.358647958243179
-16	2.6110448602246046
-15	1.9437344637802856
-14	1.4746627568392368
-13	1.1215307155070018
-12	0.8913874967362097
-11	0.664067282508586
-10	0.5575617596232466
-9	0.42418608921134837
-8	0.34588875951121056
-7	0.2911805462598915
-6	0.2197326373913348
-5	0.18486473714329305
-4	0.1525605587128047
-3	0.12162192187740811
-2	0.09477702508918354
-1	0.07646459395834426
0	0.06211060624657639
1	0.04830620077381257
2	0.039796187086616225
3	0.030835032281067463
4	0.024487968634390875
5	0.01938823687560047
6	0.015782610998015343
7	0.012549270219412973
8	0.010053084709040531
9	0.008001683638988752
10	0.006190453894370565
11	0.004924972974125292
12	0.003929437172049121
13	0.003059183611228844
14	0.00256594183030587
15	0.001981602364329179
16	0.0015845276223187084
17	0.0012969008353765187
18	9.62586700218258e-4
19	7.982516476930881e-4
20	6.31673952717996e-4
