-20	0.11515888945812919
-19	0.0939105537083958
-18	0.0642633047732887
-17	0.044775410380037926
-16	0.03377662274478713
-15	0.024815948015139186
-14	0.017262438451474692
-13	0.01375889333761502
-12	0.008904805553936173
-11	0.00649389281470554
-10	0.004829987024033291
-9	0.0033870956904691733
-8	0.0021106024768328896
-7	0.001672394475483055
-6	0.0011472058011088024
-5	8.948320313070555e-4
-4	6.18146113432025e-4
-3	4.5014862301320655e-4
-2	3.0707882054407953e-4
-1	2.133085643211246e-4
0	1.5325225265454712e-4
1	1.1695463156367076e-4
2	8.141301945439665e-5
3	6.257497680534253e-5
4	5.06115967571245e-5
5	3.8341177045758294e-5
6	3.176559992167069e-5
7	2.2889055301488016e-5
8	1.9900291291486973e-5
9	1.6225648947469727e-5
10	1.1274333430221573e-5
11	8.772435339338365e-6
12	8.00577032657886e-6
13	6.2274509761919505e-6
14	5.220589361816505e-6
15	3.765506766354348e-6
16	3.4021333498821617e-6
17	2.6941982231343847e-6
18	1.8763526460008698e-6
19	1.5398546610810664e-6
20	1.2868661340496875e-6
