-20	67.09351664115927
-19	52.579890595066544
-18	41.69425778850398
-17	32.432542466037106
-16	25.362614091771757
-15	19.829607245951326
-14	15.30791469006426
-13	11.79088226165225
-12	8.948342653007739
-11	6.788945005570079
-10	5.1286845971124615
-9	3.772906456054158
-8	2.7894686863268063
-7	1.9881993950872439
-6	1.4291038629001507
-5	0.9889755631313967
-4	0.7078294806022284
-3	0.48766847735161
-2	0.3516845463411403
-1	0.2427207361987787
0	0.1728958959716958
1	0.12793784907148448
2	0.0965684422590795
3	0.07284412862222871
4	0.05551806959811821
5	0.04302384577544383
6	0.02801099235841536
7	0.016973444439856173
8	0.008764385709600335
9	0.00408456270798211
10	0.001868658789352779
11	0.0010881671870036965
12	6.956510750920989e-4
13	4.7762409322887124e-4
14	3.443297456578933e-4
15	2.598605037682254e-4
16	1.9880795792085276e-4
17	1.532193242270236e-4
18	1.2548604138643948e-4
19	9.750249362139918e-5
20	7.852040746735917e-5
