-20	0.008928394220320999
-19	0.006555272652749167
-18	0.005676891755304171
-17	0.004211264816896915
-16	0.0031690703872107127
-15	0.0024895291691979524
-14	0.0021676726058275984
-13	0.0016671330475270874
-12	0.0014704249780305217
-11	0.0010383322495992522
-10	7.806737936983385e-4
-9	6.491633485053943e-4
-8	5.146429500941045e-4
-7	4.5648186975140833e-4
-6	3.472316946917648e-4
-5	2.5536970779371483e-4
-4	2.1623861567556088e-4
-3	1.9147851854367826e-4
-2	1.5585943160535936e-4
-1	1.357248959865959e-4
0	1.0078719332355566e-4
1	7.787554609283116e-5
2	7.49373931164105e-5
3	5.638710015069071e-5
4	4.153640129949151e-5
5	3.200332895961069e-5
6	3.161901513856219e-5
7	2.481343927527927e-5
8	1.7551724952328462e-5
9	1.5148957787471699e-5
10	1.2257886871942025e-5
11	9.822121662383866e-6
12	7.744452212641025e-6
13	6.537941411138054e-6
14	4.796199205643285e-6
15	3.5089372225078654e-6
16	3.251175899398983e-6
17	2.204981737042642e-6
18	1.892076788465637e-6
19	1.5993041181067653e-6
20	1.3084010054357934e-6
