-20	42.26477178528753
-19	32.455447774458015
-18	24.850951846070473
-17	18.86738162642307
-16	14.288812839167239
-15	10.753035361950117
-14	8.008999356681164
-13	5.963793694659313
-12	4.383478266116165
-11	3.2155804876789484
-10	2.315126561970169
-9	1.6579212059183617
-8	1.1598827135825998
-7	0.8034055705161116
-6	0.5430216255606295
-5	0.35857920682984107
-4	0.23048915419040514
-3	0.14248924226251636
-2	0.08500595978575395
-1	0.04824036100327577
0	0.026230618454801582
1	0.013319257847254838
2	0.0065385919370536515
3	0.003055312495228655
4	0.001366929609287781
5	6.743075003873855e-4
6	3.576815831166593e-4
7	2.3094414871084422e-4
8	1.7076845473565057e-4
9	1.273303687202633e-4
10	1.0017489563454578e-4
11	7.8379287901629e-5
12	6.293107871570608e-5
13	4.79532874052135e-5
14	3.9238186479343997e-5
15	3.0364182763375275e-5
16	2.4870027179435322e-5
17	1.942500998120805e-5
18	1.524566395061625e-5
19	1.2332733575494049e-5
20	9.747044293224704e-6
