-20	3.1846431784526144
-19	3.2081077443052903
-18	3.1743976805843124
-17	3.204027548798302
-16	3.1517249446564293
-15	3.1897473888226324
-14	3.263386435597922
-13	3.216253549735774
-12	3.141106822215211
-11	3.1701991193823367
-10	2.9706288514249626
-9	2.824753110896143
-8	2.6427616429405343
-7	2.4644822196201637
-6	2.317863247737317
-5	2.006312340071925
-4	1.8345012976551793
-3	1.417829686004233
-2	1.2563367370938805
-1	0.9824507556015728
0	0.7552208421160747
1	0.5273745685689724
2	0.3686160696105412
3	0.2184649605665528
4	0.1148214144013604
5	0.05212979240852619
6	0.03155980658117206
7	0.00893299969019806
8	0.0010645193587569659
9	6.321905555335756e-5
10	5.029874094257569e-5
11	3.936945161787176e-5
12	3.171487548506335e-5
13	2.4986393808657987e-5
14	1.9301325374649364e-5
15	1.609745450052567e-5
16	1.2679335222330976e-5
17	9.750636887219807e-6
18	7.845211181068677e-6
19	6.426281007211655e-6
20	5.01945219205753e-6
