-20	0.8035593486164647
-19	0.7785684571805221
-18	0.7788956590884786
-17	0.7647538360147302
-16	0.7569596822202866
-15	0.7165456300798894
-14	0.7034201371876341
-13	0.6743284436223981
-12	0.6440828130808365
-11	0.6209558632869333
-10	0.5435013566523851
-9	0.4859923959171197
-8	0.4294950637222444
-7	0.35306218590082056
-6	0.28326808727680647
-5	0.19846407141613648
-4	0.14238049209022086
-3	0.09531832751763446
-2	0.061033474684788085
-1	0.035587694356863826
0	0.02308831652527669
1	0.016746006615948206
2	0.01216206256957135
3	0.008838706425239562
4	0.006584363526382567
5	0.005005923252036027
6	0.0038993029736281264
7	0.0031048857232004083
8	0.002434182373323199
9	0.002041955427632908
10	0.0015530127500365816
11	0.0012267881294138671
12	9.942639879847253e-4
13	7.899885676687531e-4
14	6.212906875888342e-4
15	5.114499217767877e-4
16	3.835546470179183e-4
17	3.183307113124216e-4
18	2.4858312893932414e-4
19	1.945034592245019e-4
20	1.5416688005159804e-4
