-20	3.0013044960068247
-19	3.0261684950548156
-18	2.9228946258570927
-17	2.834362280824828
-16	2.824515806480128
-15	2.820699480942935
-14	2.703844778982997
-13	2.650739394155084
-12	2.644719323263309
-11	2.508410316940641
-10	2.4583620525290444
-9	2.307589116596459
-8	2.2728387386009055
-7	2.127965462848175
-6	1.9409353939660376
-5	1.8194518572555582
-4	1.661035149330481
-3	1.428356031443828
-2	1.294057237823636
-1	1.0472390362289739
0	0.8274464637192516
1	0.6469936031479989
2	0.4827395607204109
3	0.3064686856355689
4	0.1615415393567122
5	0.0917598618533542
6	0.06280231266493073
7	0.037284498452764936
8	0.025416778335485612
9	0.0155435814248605
10	0.012500604747093705
11	0.010124326603329585
12	0.0077668380880573
13	0.006392118231811345
14	0.005010903942926046
15	0.0038928663429448735
16	0.003285153078254372
17	0.002386761496192901
18	0.0019906477936296107
19	0.0015569824628773469
20	0.0012870998563064215
