-20	15.404169379780779
-19	12.034833174760974
-18	9.349161813135067
-17	7.153851133991535
-16	5.492799675605883
-15	4.288351897069842
-14	3.178831343917854
-13	2.353815445485972
-12	1.9016965900599778
-11	1.398596535317961
-10	1.1167739153701797
-9	0.8300986799385153
-8	0.6198483483178834
-7	0.48198458535104594
-6	0.3687331603288394
-5	0.28813616413222676
-4	0.22257259770745208
-3	0.18195708047772205
-2	0.1416324887526988
-1	0.1196558364820997
0	0.10328010549528535
1	0.08573126204533651
2	0.07100972060527097
3	0.05829383038348464
4	0.04776123603556164
5	0.038306206030237364
6	0.030858466367589422
7	0.024734010405162602
8	0.020068688647253006
9	0.015540068192104201
10	0.012500009681499903
11	0.00988386092022249
12	0.007868283822493626
13	0.006607193576231161
14	0.00486704290142299
15	0.003955365413155427
16	0.0031312250419204264
17	0.0024127137137527482
18	0.0019806868143516327
19	0.001594537813407365
20	0.0011821800318643333
