-20	0.3647080428886128
-19	0.28831612321558664
-18	0.2229553370225924
-17	0.18982383115704804
-16	0.14175159723634112
-15	0.11690676750438495
-14	0.09292169549230064
-13	0.07233130327667533
-12	0.059785641092614944
-11	0.04706912189945001
-10	0.0372776295622566
-9	0.030398139572336516
-8	0.024623844943460305
-7	0.020163205454492756
-6	0.016681733298464077
-5	0.01345790293571924
-4	0.01128322530863006
-3	0.009337686766846404
-2	0.007699828050215894
-1	0.006566563190482145
0	0.0054557207404186256
1	0.004422046494566282
2	0.003681417762073027
3	0.003128947017732427
4	0.0026657644662252083
5	0.002173239023728315
6	0.0017866574267817342
7	0.001409300976142811
8	0.001166281125229992
9	9.413725302403791e-4
10	7.741263627145729e-4
11	6.111027704638758e-4
12	4.983999517125734e-4
13	3.9444841231550757e-4
14	3.146692762642053e-4
15	2.4295782953624622e-4
16	1.9782993263565195e-4
17	1.5459811411590164e-4
18	1.217345229149913e-4
19	9.84842965717972e-5
20	7.949542083548615e-5
