-20	33.91114129995833
-19	27.07680458504751
-18	21.536143921446907
-17	17.2404956721841
-16	13.677982107233824
-15	10.958378310758569
-14	8.870460370964013
-13	7.049279622194024
-12	5.595054601430337
-11	4.569498976632992
-10	3.5740262992497294
-9	2.8705367217876896
-8	2.293533736697452
-7	1.8556173878675426
-6	1.5363830498072066
-5	1.1963222623786842
-4	0.9939244693903513
-3	0.7164256311569251
-2	0.5948879228478626
-1	0.443312930145497
0	0.32944559375728255
1	0.2241530981070675
2	0.15415088653169565
3	0.09073627770709701
4	0.04735685801901014
5	0.021606956515144077
6	0.013051513711404098
7	0.003782045923079523
8	5.560786265143553e-4
9	1.2559141640923325e-4
10	9.951416357510554e-5
11	7.871993452876602e-5
12	6.33691574622021e-5
13	5.025589907723955e-5
14	3.967438993940621e-5
15	3.143631999454633e-5
16	2.548949674965499e-5
17	1.960552108645367e-5
18	1.5850474285705784e-5
19	1.2725903310671901e-5
20	9.997094240834132e-6
