-20	39.03328167658006
-19	30.727728755524936
-18	23.978860243613003
-17	17.954778202636387
-16	14.031437703501288
-15	10.685230994673093
-14	8.038866477642337
-13	6.226341258563947
-12	4.619426128972703
-11	3.63555832515771
-10	2.6529484285373957
-9	1.936422221824981
-8	1.4500255596202787
-7	1.209351375793916
-6	0.8979766455473384
-5	0.719588855272612
-4	0.5530352467359603
-3	0.4318711568600512
-2	0.34940603331376885
-1	0.2847706725047007
0	0.22774092690264675
1	0.19331461791101207
2	0.1504523760558082
3	0.1200352574171473
4	0.0967965688266764
5	0.07497890747293429
6	0.059712298937370394
7	0.05014822106821638
8	0.03841093090736758
9	0.0322476241028517
10	0.024144896920696098
11	0.0199535691019653
12	0.015515415929223095
13	0.012467131473571334
14	0.009672873496238993
15	0.008021140209716539
16	0.006237126458280593
17	0.004986868845522338
18	0.003965186659727186
19	0.0030848483597126627
20	0.0026146452354977932
