-20	35.95686030310126
-19	28.618745863820937
-18	22.42329178283741
-17	17.78054222529993
-16	14.074372218082392
-15	11.14028710297568
-14	8.882733618598177
-13	6.897799984459264
-12	5.4334912020197885
-11	4.185817412093949
-10	3.109925970975225
-9	2.4120670301494447
-8	1.8285483379987724
-7	1.3213717463058872
-6	0.9222723460098985
-5	0.632545126440864
-4	0.41783788055770327
-3	0.2320998777860523
-2	0.1460535635413742
-1	0.0781336712121338
0	0.05004518295341229
1	0.03456933470035747
2	0.021579439551910537
3	0.01598280249666313
4	0.012286740133086707
5	0.01011846037106886
6	0.007765417121029668
7	0.006204853827765674
8	0.004924703385772042
9	0.003999409311685887
10	0.0031051506075742506
11	0.0025515488233232497
12	0.0019574877826464034
13	0.001546383207949923
14	0.0012095471383939034
15	9.875119137826979e-4
16	7.813726935065483e-4
17	6.151202896531729e-4
18	4.950516431361635e-4
19	3.99060513412201e-4
20	3.0989416250179654e-4
