-20	0.01023346726830488
-19	0.008019907004857559
-18	0.006173743340329258
-17	0.005037141940000259
-16	0.0041390666312953826
-15	0.0032452351535799087
-14	0.002564947081337156
-13	0.002049928185012407
-12	0.0015958948599120591
-11	0.0012935102409789155
-10	0.0010334116158412787
-9	8.67940837740543e-4
-8	6.877455384615554e-4
-7	5.550012392818955e-4
-6	4.5293684185046377e-4
-5	3.737345262695388e-4
-4	3.0814981750433074e-4
-3	2.603423643214848e-4
-2	2.213973195244203e-4
-1	1.794340793275752e-4
0	1.586844567650456e-4
1	1.3395753698588472e-4
2	1.1076894474632686e-4
3	9.834582863061082e-5
4	8.372550172930166e-5
5	6.878172893903797e-5
6	5.734954765378709e-5
7	4.849247756223452e-5
8	3.83166116618473e-5
9	2.984690045424474e-5
10	2.5164849506762256e-5
11	1.978614756806733e-5
12	1.5376542468473092e-5
13	1.2046397496723157e-5
14	9.37029996926098e-6
15	7.5951612606307425e-6
16	6.200345049650753e-6
17	5.005326005013598e-6
18	3.8295559313338174e-6
19	3.1749990575588282e-6
20	2.4369849768348944e-6
