-20	22.732032078776772
-19	17.201535902335905
-18	12.944294354190767
-17	9.666837125905737
-16	7.170651005114786
-15	5.257904231930479
-14	3.8166240929270905
-13	2.744912353979355
-12	1.9446665289977092
-11	1.3570162028634747
-10	0.9286966411580397
-9	0.6230223212170137
-8	0.40687477227315194
-7	0.2591984018024292
-6	0.15889966350855234
-5	0.09344109981480228
-4	0.05283892990485967
-3	0.02791292385261675
-2	0.014030173331984292
-1	0.006452320219783867
0	0.0027264481276162568
1	0.0010978652162669826
2	4.2897764026495134e-4
3	1.8476068395932812e-4
4	1.0916344147572754e-4
5	8.017837163184741e-5
6	6.018842680616595e-5
7	5.004452526594838e-5
8	3.929062772200725e-5
9	3.097204251936423e-5
10	2.4259971393979993e-5
11	1.9221089392065037e-5
12	1.5865894092932244e-5
13	1.2416255620866872e-5
14	9.497099109202865e-6
15	7.531668951407478e-6
16	6.329354525724051e-6
17	4.924615281416883e-6
18	3.857165910895301e-6
19	3.000509739265258e-6
20	2.5084621821928233e-6
