-20	56.10062202756234
-19	43.33327113491817
-18	33.32748741469926
-17	25.33257348514783
-16	19.456103893534372
-15	14.78006942371305
-14	10.998910051478775
-13	8.27196088562383
-12	6.130298768555653
-11	4.473448981074368
-10	3.320205867155299
-9	2.3799717066408337
-8	1.7072525835602623
-7	1.1894074748244643
-6	0.8288540754552369
-5	0.5650131014514729
-4	0.3800774366999428
-3	0.24797382552978126
-2	0.1566138353758423
-1	0.10249259158139327
0	0.06367176373679989
1	0.038835768570289544
2	0.02303153710860735
3	0.014539295837891375
4	0.00817305199943614
5	0.004811278230934944
6	0.0027393775476959674
7	0.0015606965127484555
8	9.976281054791484e-4
9	6.977922832482056e-4
10	4.945926306743491e-4
11	4.009362700559657e-4
12	3.200094143070062e-4
13	2.400130247558651e-4
14	2.231768897306535e-4
15	1.6153466240498917e-4
16	1.380843802263082e-4
17	9.615867477354267e-5
18	8.288078197870521e-5
19	6.310797583833591e-5
20	5.798148478612385e-5
