-20	2.0842370522018
-19	1.9365114995089865
-18	1.7862612066885504
-17	1.685781413250542
-16	1.4497623667572486
-15	1.337687774914924
-14	1.1407823743322938
-13	1.0263249704897701
-12	0.8371849297590339
-11	0.7265067328345695
-10	0.5744919809901662
-9	0.46729543932448003
-8	0.3819534405614556
-7	0.29030002114335224
-6	0.2309986838125726
-5	0.1786193888101037
-4	0.14514214703304304
-3	0.10755276688405324
-2	0.08416019437469496
-1	0.05377530523817964
0	0.03440383150518187
1	0.02101470334729822
2	0.011776788114013588
3	0.006975160434420832
4	0.004112646099110153
5	0.0024321047873031715
6	0.001547562965634901
7	0.001027421544876935
8	7.034285220134044e-4
9	5.216778649840965e-4
10	3.9694944199285574e-4
11	3.1051533098002646e-4
12	2.365241412470386e-4
13	1.9492933219537135e-4
14	1.530811836831425e-4
15	1.2030597442398622e-4
16	9.322564143306095e-5
17	7.684949529539092e-5
18	6.056014797497693e-5
19	4.9059213471433326e-5
20	3.9056466487861265e-5
