-20	75.11561144438208
-19	59.65394447681498
-18	47.45543308044076
-17	37.753996826418444
-16	29.954455407248197
-15	23.982921284393576
-14	18.93019384191758
-13	15.15477816984702
-12	11.987299009360116
-11	9.690766612253054
-10	7.749076606273772
-9	6.14581877765995
-8	4.967884607436166
-7	3.9333768246550482
-6	3.183349863172641
-5	2.5016066593104536
-4	2.0363607518287967
-3	1.6558353921746225
-2	1.2966556259547162
-1	1.0489636051748015
0	0.8286571371231183
1	0.6596196708590688
2	0.513790689698964
3	0.404194820045246
4	0.3255265870375532
5	0.24343040290366635
6	0.1862155160098798
7	0.13989869362586968
8	0.10962304769332548
9	0.07745857338870446
10	0.05133933843312313
11	0.033684655971225545
12	0.018773892788535307
13	0.009659710870594383
14	0.00403206893339425
15	0.0016153640270241915
16	3.145346096840289e-4
17	1.3699641524067693e-4
18	1.5566876017361383e-5
19	1.2674192421982427e-5
20	1.0108628705198497e-5
