-20	0.005174753620564378
-19	0.004052894454379491
-18	0.0033151156014266797
-17	0.0026489241649897883
-16	0.002122380581585307
-15	0.0017400856705722429
-14	0.0013880382776641322
-13	0.0011490380370809954
-12	9.52820372386951e-4
-11	7.631047880001411e-4
-10	6.214107055732245e-4
-9	4.976895306309658e-4
-8	4.095925886594752e-4
-7	3.398946026253906e-4
-6	2.848859062731462e-4
-5	2.441715492321086e-4
-4	2.0126302132278417e-4
-3	1.6489914513601343e-4
-2	1.4136433407822848e-4
-1	1.1623343663458967e-4
0	1.0222271411262061e-4
1	8.341869236263719e-5
2	6.927853266869876e-5
3	5.872792185306584e-5
4	4.7436828864434314e-5
5	3.77414808464063e-5
6	3.165877648765935e-5
7	2.4951930857114546e-5
8	1.8718957558129122e-5
9	1.5439683672801564e-5
10	1.2127950296627165e-5
11	9.895464212604763e-6
12	7.766989623350926e-6
13	6.16356239125961e-6
14	4.790617662090726e-6
15	3.949359865233611e-6
16	3.08022437708854e-6
17	2.4520795396918394e-6
18	1.8919465778223804e-6
19	1.5549354435224322e-6
20	1.1880162382550674e-6
