-20	0.3961458095185534
-19	0.3001285312525769
-18	0.250454027502741
-17	0.18968811691080173
-16	0.15451874202947377
-15	0.1176969340373501
-14	0.09160427555592744
-13	0.07876788840249606
-12	0.06044416333575248
-11	0.048403966629620536
-10	0.039357314642539006
-9	0.030295162541616218
-8	0.02577580413933197
-7	0.020851199535269812
-6	0.016568228697999798
-5	0.013805137860262039
-4	0.01156658249465355
-3	0.009369215076359795
-2	0.007947011958069893
-1	0.006585594675323067
0	0.005660127859090851
1	0.004564237833982645
2	0.003837306323521554
3	0.00322031592375259
4	0.002606702605843386
5	0.0021063750115663886
6	0.0018046518831207397
7	0.0014432899879573058
8	0.0012037232143712285
9	8.992173407599686e-4
10	7.381494373575954e-4
11	5.911488492845776e-4
12	4.848042926238646e-4
13	3.832457541925985e-4
14	3.1126280938195726e-4
15	2.5680140808700296e-4
16	1.963977734009392e-4
17	1.5591717876967638e-4
18	1.2504639326395338e-4
19	9.96756398613362e-5
20	7.773595398699583e-5
