-20	0.004824082185354079
-19	0.004256689290130795
-18	0.003442339894798937
-17	0.0027370580013810018
-16	0.002091212748665099
-15	0.0015539733138460023
-14	0.0014065227381479264
-13	0.0011155348904038896
-12	7.845090076746821e-4
-11	7.344175558878626e-4
-10	5.812982132487732e-4
-9	4.32537658564314e-4
-8	3.6789890875669855e-4
-7	3.058140348872738e-4
-6	2.426802985130722e-4
-5	2.07835625492549e-4
-4	1.7524538406721662e-4
-3	1.4887397807441743e-4
-2	1.234668444281685e-4
-1	1.0204513812567335e-4
0	8.778007586449744e-5
1	7.116118601215133e-5
2	6.370940827633219e-5
3	5.011340744161556e-5
4	4.356607145682862e-5
5	3.2780494678301835e-5
6	2.8664625501168993e-5
7	2.3506798395304792e-5
8	1.8969769485040364e-5
9	1.4756122159010896e-5
10	1.2877114548440944e-5
11	9.943599510555309e-6
12	7.85324866928836e-6
13	6.0064432542537425e-6
14	5.229925205616898e-6
15	4.071345175087534e-6
16	2.813033101273221e-6
17	2.419572901093013e-6
18	2.009930368404099e-6
19	1.433841346311762e-6
20	1.138388671554323e-6
