-20	43.78959945043379
-19	33.652969732046415
-18	25.76378943767761
-17	19.571090277165272
-16	14.840196844270778
-15	11.154364827835739
-14	8.351879009163094
-13	6.197163398807756
-12	4.550270477683998
-11	3.3145218292046907
-10	2.388416071227449
-9	1.6941246345996657
-8	1.1864189312931939
-7	0.8172265319331602
-6	0.5493878842267035
-5	0.36202282062529506
-4	0.23261786821089858
-3	0.14472432123072196
-2	0.0866721570227859
-1	0.04950337815872296
0	0.02793488292085276
1	0.01498545179070049
2	0.007875386298886042
3	0.004337791424987223
4	0.0025449077323797704
5	0.0017059516754753222
6	0.0012646427775590285
7	9.812836137505561e-4
8	7.785644017972147e-4
9	6.352388138486372e-4
10	4.977551821251479e-4
11	3.926956328533555e-4
12	3.204009710800351e-4
13	2.500959468917752e-4
14	2.0159391968494606e-4
15	1.5821599530366028e-4
16	1.2687500689424625e-4
17	1.0064191518241126e-4
18	7.859857073893355e-5
19	6.404237324919812e-5
20	4.958574126119007e-5
