-20	46.56474482915312
-19	35.83052236757985
-18	27.42933046048224
-17	20.87577520847768
-16	15.836483841132583
-15	11.956462428483052
-14	8.9665555241497
-13	6.65487437647583
-12	4.887900859237235
-11	3.5530434580572967
-10	2.5626117174263543
-9	1.8214813758651085
-8	1.270237942915991
-7	0.8727487775594984
-6	0.5853796348512127
-5	0.38227642573301096
-4	0.24409282274767827
-3	0.14937645185434673
-2	0.08781556105239317
-1	0.049171543992607154
0	0.02625991480987347
1	0.012954171174947144
2	0.005925597035995738
3	0.0024554100118986365
4	9.103144929434691e-4
5	3.011597720134259e-4
6	1.0148090155726883e-4
7	3.837162378098552e-5
8	2.2253321434085317e-5
9	1.437408594043604e-5
10	1.103442806646634e-5
11	1.0383360997437049e-5
12	7.777532552408466e-6
13	6.222742625803905e-6
14	4.492143097523088e-6
15	4.318643096807533e-6
16	3.354529107592999e-6
17	2.4266223139803527e-6
18	1.9368774966299466e-6
19	1.5555610051528374e-6
20	1.2530774327888143e-6
