-20	0.14325209040101194
-19	0.11547358139062187
-18	0.08790514359609701
-17	0.06803321087043454
-16	0.05509774828147042
-15	0.043132205394605445
-14	0.034893498935482735
-13	0.027138668160246765
-12	0.022010559365642272
-11	0.017297866848985436
-10	0.013917537237193136
-9	0.010755135094423687
-8	0.0085745953824773
-7	0.0068710402163152835
-6	0.005464535998004877
-5	0.004275113082450168
-4	0.0034066138546529254
-3	0.002581712291790163
-2	0.001974357889562949
-1	0.0015146560148325985
0	0.0011404000281575162
1	8.320237132785525e-4
2	6.059402926168137e-4
3	4.403061200736688e-4
4	3.0806508526993293e-4
5	2.2558206926149308e-4
6	1.6066112118331966e-4
7	1.1678464088049165e-4
8	8.483066547895304e-5
9	6.470754483560867e-5
10	4.940780061109239e-5
11	3.912783249427753e-5
12	3.2009055814804965e-5
13	2.4564695299576104e-5
14	2.0753342790541428e-5
15	1.5620523672242183e-5
16	1.2747365470775071e-5
17	1.0313180601156235e-5
18	8.045558401902737e-6
19	6.350418381408631e-6
20	5.05025005644397e-6
