-20	0.19349743034637185
-19	0.15443768923642334
-18	0.1228787295484178
-17	0.09897695456085295
-16	0.0775507421111439
-15	0.06341205768091367
-14	0.048482716716479066
-13	0.038901111430574696
-12	0.031169832133754675
-11	0.024734143327740994
-10	0.019784762083517503
-9	0.015241027635661368
-8	0.01213888110708152
-7	0.009736807997293578
-6	0.00784771495057049
-5	0.006055564473353986
-4	0.004864448195359407
-3	0.0038896575682359014
-2	0.0031640192521761516
-1	0.0024310495278832157
0	0.0019592388283061427
1	0.0015779190297555794
2	0.001258700815392443
3	9.727468396273028e-4
4	7.729335287291521e-4
5	6.14179419431449e-4
6	4.920200588607913e-4
7	3.9716460577853045e-4
8	3.1344186172260714e-4
9	2.48713264752211e-4
10	1.9445235995976416e-4
11	1.5272334893810298e-4
12	1.2170798915250802e-4
13	9.705787606494527e-5
14	7.702112174363138e-5
15	6.102416131081538e-5
16	4.96676158728762e-5
17	3.9849921424433624e-5
18	3.123724472929003e-5
19	2.461119051402033e-5
20	1.9586299826692237e-5
