-20	3.425531402036141
-19	2.5574874428817562
-18	2.0002658656114765
-17	1.5017396001386742
-16	1.1557780083619806
-15	0.8581780506710742
-14	0.6970644712338805
-13	0.5451931984012265
-12	0.42384354484970027
-11	0.34060325564619964
-10	0.2776942442903447
-9	0.23420015500240984
-8	0.18895209394235712
-7	0.15170818551950938
-6	0.12035082595025653
-5	0.09383330561402982
-4	0.07607769515908605
-3	0.06109712623376943
-2	0.04935856043473063
-1	0.038156525288935414
0	0.030751188272412532
1	0.0254066639200504
2	0.019850967499211777
3	0.015615921045201852
4	0.012465251450972917
5	0.009712463318030889
6	0.0073997575007137386
7	0.006293524674766897
8	0.004918596256285182
9	0.003944744389442474
10	0.0030969465376098956
11	0.0024808990657019625
12	0.001976830491410915
13	0.0015693468310906298
14	0.0012450101965021843
15	9.880328168402057e-4
16	7.78658161583545e-4
17	6.232035265261041e-4
18	4.854074780198749e-4
19	3.775824760340368e-4
20	3.1941865448801795e-4
