-20	58.35937870484027
-19	45.85412010928769
-18	36.1159983085572
-17	28.572126211536904
-16	22.402637586835056
-15	17.710562467246174
-14	14.031670746720692
-13	11.141657292866485
-12	8.833005907852273
-11	7.10863043983472
-10	5.746355923424271
-9	4.7558241399362675
-8	4.011230303299132
-7	3.4560552107714093
-6	3.097298701850463
-5	2.944808524864946
-4	2.8760401626343524
-3	2.795787717925283
-2	2.67999245412445
-1	2.5075628451519854
0	2.3620388652863924
1	2.2477209397233358
2	2.164124007748636
3	2.1041154116133276
4	2.0624347292649103
5	2.0343032088121205
6	2.0177567170250734
7	2.0080259051178913
8	2.003003225272522
9	2.0010873485308225
10	2.0001073861611935
11	1.9998491449106874
12	1.9997862760522471
13	1.9451056390496604
14	1.4803585382304287
15	1.0767800016224103
16	0.977564365829485
17	0.9811019109657735
18	0.9824321815200223
19	0.9612433701081838
20	0.9568355318814179
