-20	47.49305555774558
-19	35.995026964274686
-18	27.579513669541512
-17	21.06623816729631
-16	15.881387102425453
-15	12.031537231712502
-14	9.137748810863691
-13	6.830084694593113
-12	5.054663718703766
-11	3.6749307951255643
-10	2.709773787605017
-9	1.9390196183658317
-8	1.3533896713877656
-7	0.9517658711440911
-6	0.676418312529393
-5	0.46284761911481037
-4	0.33422995097409613
-3	0.22546531337904885
-2	0.17400011656569825
-1	0.1336586770901942
0	0.10344051497993585
1	0.0838316322234561
2	0.06652306796267314
3	0.057961550715879696
4	0.04591434215620339
5	0.03870093757872678
6	0.03151193218527577
7	0.02439145614600153
8	0.019595057095544755
9	0.015672123312447134
10	0.01215176360264043
11	0.009970770431393258
12	0.0077193726413031585
13	0.006335745408433976
14	0.004784816432004177
15	0.004011543070821639
16	0.0032182752593539967
17	0.0024135691681577216
18	0.0019887709639220858
19	0.0015446705071593219
20	0.0012447697295807714
