-20	0.18279441283378176
-19	0.1444276239124502
-18	0.11908639714942629
-17	0.09461909160678139
-16	0.07752166255563149
-15	0.05945970106858379
-14	0.048503852429494926
-13	0.03909176981176603
-12	0.029512592127677442
-11	0.024566069586199387
-10	0.01967858724619423
-9	0.015183209140217386
-8	0.012103667112201894
-7	0.009768149895773156
-6	0.007549149295686392
-5	0.006090738399562049
-4	0.004821477452553954
-3	0.003816017155111898
-2	0.003101196297389945
-1	0.002462772887962974
0	0.0019570320989503527
1	0.0015827676127522995
2	0.001218741968406108
3	9.749838678762241e-4
4	7.731593946046038e-4
5	6.242536095849122e-4
6	5.159329756516879e-4
7	3.969435251242479e-4
8	3.076420969068416e-4
9	2.4831513931387026e-4
10	1.8984002152925745e-4
11	1.571370440508172e-4
12	1.223850873336887e-4
13	9.783196936320455e-5
14	7.651085450910987e-5
15	6.0408102613517653e-5
16	4.9579037420771804e-5
17	3.842899418590862e-5
18	3.0325373870418987e-5
19	2.4221644759771558e-5
20	1.996539291359118e-5
