-20	5.576167338383467
-19	4.226590495379218
-18	3.18131282566741
-17	2.3814332700212666
-16	1.76738401430251
-15	1.3015604481695546
-14	0.9488027944988829
-13	0.6808214447251357
-12	0.48376743871355893
-11	0.33820471702294347
-10	0.23215913853388134
-9	0.1559597414908997
-8	0.1023131748305308
-7	0.06510485421400276
-6	0.03969693166708147
-5	0.023573856320820683
-4	0.013357841735183456
-3	0.007124220296970405
-2	0.0035950666405915287
-1	0.0016796474316471215
0	7.464368163430635e-4
1	3.2133062027383163e-4
2	1.4239666867471278e-4
3	7.514722579320225e-5
4	5.17731761603419e-5
5	3.8477451769464114e-5
6	3.071231129999027e-5
7	2.4335562139122973e-5
8	2.0165457681509124e-5
9	1.5440749332750032e-5
10	1.2584322013548105e-5
11	9.76165351440281e-6
12	7.553458887369728e-6
13	6.191463096318525e-6
14	4.954338808842562e-6
15	3.7458238393160995e-6
16	3.1130889843553762e-6
17	2.444815722530304e-6
18	1.9261981806291672e-6
19	1.5126303427861165e-6
20	1.199758010575723e-6
