-20	0.01743975256211158
-19	0.01355664643530564
-18	0.010931130664328844
-17	0.008274877654788907
-16	0.00667908939597128
-15	0.005401792755863892
-14	0.004442786815825979
-13	0.0033960690722097987
-12	0.0027578650913900908
-11	0.002294329466445329
-10	0.0017895619069205337
-9	0.0014024690634107716
-8	0.0011337358600956087
-7	8.992079665634121e-4
-6	7.457180902344544e-4
-5	6.030714354529341e-4
-4	4.820070897116804e-4
-3	3.5930178313645013e-4
-2	3.14948976651938e-4
-1	2.4513083710198255e-4
0	2.0435443234214298e-4
1	1.640303584404676e-4
2	1.3274276638587163e-4
3	1.1021418262324548e-4
4	8.749414550418418e-5
5	7.189957836966749e-5
6	5.891024795858404e-5
7	4.758130766045584e-5
8	3.6884070665578066e-5
9	2.9596242093529474e-5
10	2.359379078962156e-5
11	1.9336318404669522e-5
12	1.5169614369348272e-5
13	1.2287198437001002e-5
14	9.764161204230449e-6
15	7.69812002144171e-6
16	6.267552610148859e-6
17	4.831364853908882e-6
18	3.886407552076024e-6
19	3.0988585523899237e-6
20	2.414559487055573e-6
