-20	0.006367721936578961
-19	0.004932836765791328
-18	0.004040467758108664
-17	0.0034507273270425495
-16	0.00248299310258472
-15	0.001996900136155754
-14	0.0016596848321357692
-13	0.0015362347005937681
-12	0.001133256131370583
-11	8.584001667631233e-4
-10	7.636784376860528e-4
-9	5.58842507255805e-4
-8	4.643123441703801e-4
-7	3.7907210849219097e-4
-6	3.520821925235007e-4
-5	2.5327077244547406e-4
-4	1.910730019705785e-4
-3	1.4262632945740168e-4
-2	1.5252066823965554e-4
-1	1.125386038053855e-4
0	9.266471149826104e-5
1	7.75015162779785e-5
2	6.767751237271971e-5
3	5.0844805929791704e-5
4	4.656743549455364e-5
5	3.619245886235773e-5
6	2.7398213145684226e-5
7	2.3048363834551368e-5
8	1.909923376879061e-5
9	1.4505746303657388e-5
10	1.217495199708827e-5
11	9.835041691460525e-6
12	7.326729823587441e-6
13	5.933372950509169e-6
14	5.409608654486608e-6
15	3.403023778870474e-6
16	3.1504872328012313e-6
17	2.6435699045086264e-6
18	1.8692414558853643e-6
19	1.5664256924969968e-6
20	1.232757838471899e-6
