-20	2.0702260254277327
-19	1.9824446109338163
-18	1.80790074012162
-17	1.6554631670681563
-16	1.498436231010992
-15	1.386954302709829
-14	1.1324019282982192
-13	1.1209763708752425
-12	0.8272135384933902
-11	0.849102979557341
-10	0.6205270009485568
-9	0.4895757303131698
-8	0.3737204579600822
-7	0.2815755474949193
-6	0.24293250268619207
-5	0.19827747719443137
-4	0.17258279365315948
-3	0.0981391797178847
-2	0.0873091965256182
-1	0.0408315617029246
0	0.026216831484009013
1	0.013491810366807412
2	0.00781547953958705
3	0.0030294255330625447
4	0.0021334389827019507
5	0.0013622037056288977
6	8.042164087748619e-4
7	5.398656120978833e-4
8	3.7236561825429497e-4
9	2.908530528023582e-4
10	1.9697021583753695e-4
11	1.6562965205240698e-4
12	1.2702641001384926e-4
13	9.235729028710379e-5
14	8.3993188619967e-5
15	5.435254545644009e-5
16	5.044863981418132e-5
17	3.878182279628804e-5
18	2.992291219238987e-5
19	2.490212398698976e-5
20	2.0625861943013054e-5
