-20	8.04089199229457
-19	6.102548624111715
-18	4.755495603935978
-17	3.51807621263688
-16	2.619788056918662
-15	1.9354214630792383
-14	1.5295542460058582
-13	1.1789891031478545
-12	0.8500696435717091
-11	0.6977967011094443
-10	0.5484840500156717
-9	0.42458442536398827
-8	0.33455068074513566
-7	0.2784230857053788
-6	0.23100160751359916
-5	0.1827133619407347
-4	0.14742326332792796
-3	0.12300579829391736
-2	0.0953789398204787
-1	0.07646839439744502
0	0.062318662789042266
1	0.05020655337259892
2	0.038114946167116616
3	0.03096422160517277
4	0.02516504076477806
5	0.020242560751593537
6	0.015641664862392428
7	0.012253465894602751
8	0.010230624537003604
9	0.007830430238157212
10	0.006674108134018337
11	0.005000374140442813
12	0.0039655818414433604
13	0.0031410657454125127
14	0.002537803379445725
15	0.0020707710928087276
16	0.0015497008277829342
17	0.0012378657349800062
18	9.9854061657288e-4
19	7.86334350303179e-4
20	6.119159496557752e-4
