-20	21.323897280188703
-19	16.42478726246316
-18	12.51059330514889
-17	9.400983459740063
-16	7.102450121059369
-15	5.264616158493425
-14	3.9622395847383935
-13	2.8983293843599083
-12	2.158272269925789
-11	1.5634668854046065
-10	1.1534538362908702
-9	0.8244778966444793
-8	0.5947574992216225
-7	0.41850664084113776
-6	0.29744733320397854
-5	0.20168738461567987
-4	0.14155364410636276
-3	0.10024632321015309
-2	0.06605147515334667
-1	0.04520496717687995
0	0.030869065707495924
1	0.021040605796359402
2	0.01454921737783493
3	0.010498449001557117
4	0.007340421262293994
5	0.0057862047306495015
6	0.004284267568979667
7	0.003290526112833997
8	0.002600625064804055
9	0.001954205878616532
10	0.0014452885138213885
11	0.0012544777042802838
12	9.88507118016168e-4
13	7.627033431869192e-4
14	6.129146758007506e-4
15	4.801312303226646e-4
16	3.939777660551677e-4
17	3.1786545925060523e-4
18	2.4348534896978763e-4
19	1.9847068793850387e-4
20	1.5474661054869015e-4
