-20	0.7697516904747989
-19	0.6062375068859588
-18	0.48106933631204213
-17	0.38788051684279506
-16	0.277466407301375
-15	0.20760508195040953
-14	0.160677786100643
-13	0.11556272368344007
-12	0.08438715068944506
-11	0.062249911549819396
-10	0.047588482924255084
-9	0.03509185958935646
-8	0.025461508907844186
-7	0.019617443197792492
-6	0.01351029393955535
-5	0.010090339871745445
-4	0.007551062714285423
-3	0.0057216634521904215
-2	0.004076877995513888
-1	0.0031252863118136015
0	0.0022735105757473845
1	0.001711538811886005
2	0.001286343262620548
3	0.00102888686070476
4	7.959912614872234e-4
5	6.488507360215723e-4
6	4.90447414128754e-4
7	3.853355190927757e-4
8	3.0866066450756474e-4
9	2.508577192823129e-4
10	2.0062718190503516e-4
11	1.550303045580241e-4
12	1.2206984768953312e-4
13	9.681655149963169e-5
14	7.563958389490381e-5
15	6.176593369296286e-5
16	4.771675430547769e-5
17	3.850204195958202e-5
18	2.9750114255808795e-5
19	2.4538376459088713e-5
20	1.909627871567019e-5
