-20	34.83253632129728
-19	26.31632370253084
-18	20.637139168342582
-17	15.528024721501806
-16	11.61701901402492
-15	8.77821601342272
-14	6.568266889547936
-13	4.919587993387523
-12	3.5796584177553714
-11	2.644167152771894
-10	1.9032784456849277
-9	1.422174154204546
-8	1.0200487899881963
-7	0.7087924122246084
-6	0.524855245352755
-5	0.3754572075270162
-4	0.27267975314142395
-3	0.19322720543480928
-2	0.14123476370848817
-1	0.10062135375745196
0	0.07687812234839171
1	0.059058347646598806
2	0.042626060233937405
3	0.032213604082345436
4	0.02505705225006113
5	0.02065413744969904
6	0.015446235329771693
7	0.012691995584848547
8	0.009558761846674863
9	0.007735766083339182
10	0.006147175077812361
11	0.004888481469891494
12	0.003829375889955361
13	0.0030932269252914074
14	0.00243867349503846
15	0.0020012080902737984
16	0.0015900705591365642
17	0.001260815615607091
18	9.800751925484168e-4
19	7.606907807056318e-4
20	5.976377496696323e-4
