-20	47.02908831850087
-19	36.193616873562576
-18	27.71504209915165
-17	21.112841158163754
-16	16.016006061120265
-15	12.070138545036274
-14	9.028368414149163
-13	6.702073099699804
-12	4.939203683740273
-11	3.5943841492554975
-10	2.5865292242733426
-9	1.8374748679977062
-8	1.2833630934553144
-7	0.8827184956065123
-6	0.59145354187669
-5	0.3868216319833318
-4	0.2463858550320932
-3	0.1512322752989224
-2	0.08922904114144412
-1	0.04996594473004622
0	0.026574698886351496
1	0.013233639140163955
2	0.006133215483166317
3	0.0026098266364578747
4	0.0010499092444466631
5	4.1799997642352353e-4
6	1.8020130581638527e-4
7	1.0541868917901723e-4
8	8.069689408176978e-5
9	6.217837757626804e-5
10	4.875011734179528e-5
11	3.842795233254666e-5
12	3.069892801034023e-5
13	2.4646666457694235e-5
14	2.0068443692775563e-5
15	1.5105664451839277e-5
16	1.2273921871329535e-5
17	1.0048300368291013e-5
18	7.70957592536818e-6
19	5.846566643627512e-6
20	4.829916381120381e-6
