-20	23.301006469948025
-19	17.588736563417534
-18	13.249771591627173
-17	9.89637081584713
-16	7.333240064178729
-15	5.371932492435697
-14	3.903756818363603
-13	2.778313766013836
-12	1.9755051733956785
-11	1.3605452617987468
-10	0.9356755462690725
-9	0.6192017063344639
-8	0.4048451594443505
-7	0.25500415568116896
-6	0.1569483563605481
-5	0.09434589447655199
-4	0.054044154212580256
-3	0.030898884563061155
-2	0.017056357329382713
-1	0.009762613012141956
0	0.005516011008846288
1	0.0036290325586074827
2	0.002529382630320357
3	0.001905970445338201
4	0.0015271555099422573
5	0.001213358922148853
6	9.891407891191532e-4
7	7.84293736217965e-4
8	5.931366993328363e-4
9	5.019741555861135e-4
10	3.985960818836306e-4
11	3.1184945640244215e-4
12	2.4965141403084e-4
13	2.0060458289166997e-4
14	1.5400118371976154e-4
15	1.220388084244737e-4
16	1.0115943315460039e-4
17	7.984547644548761e-5
18	6.168384480329492e-5
19	5.1022079505934504e-5
20	4.093037018609347e-5
