-20	49.76799906544469
-19	38.31375897020999
-18	29.515814084215382
-17	22.45356685950891
-16	17.130364103689793
-15	12.905059945111718
-14	9.668532252568466
-13	7.238652243264577
-12	5.392851271851705
-11	3.951838712545978
-10	2.8719298831214797
-9	2.0644084999854453
-8	1.4789273244574122
-7	1.0375803183194758
-6	0.7271638402840996
-5	0.4964098059898243
-4	0.3280424312443009
-3	0.21620740515396883
-2	0.14222448593293216
-1	0.08871324588038343
0	0.05551533919457686
1	0.03449693237364947
2	0.02131656281387841
3	0.012770155055601308
4	0.007868137383952124
5	0.005044560470857609
6	0.0031585930023959145
7	0.0021292781515830253
8	0.0014440074742112833
9	0.0010345189182579366
10	7.798990564361603e-4
11	6.004192129740244e-4
12	4.959171310018443e-4
13	3.936638893835576e-4
14	3.150385982713526e-4
15	2.4284207857790065e-4
16	2.0278386197846755e-4
17	1.528566027732264e-4
18	1.224992370299786e-4
19	9.961102395303733e-5
20	7.797973479919456e-5
