-20	58.57023615595037
-19	45.94122287011976
-18	35.80128692832435
-17	27.663661468543754
-16	21.461257792070153
-15	16.462691997074266
-14	12.632990740227235
-13	9.508742005342297
-12	7.1292216381042195
-11	5.2873809840907855
-10	3.8785089781207387
-9	2.771286132034431
-8	2.0036812178032846
-7	1.4224853978893426
-6	0.9930749248204304
-5	0.6948569298782984
-4	0.4804825235945184
-3	0.32816934391805624
-2	0.2307337960833931
-1	0.1598333173890803
0	0.11293023036526081
1	0.07792723723647461
2	0.05610637629061602
3	0.04196122050864855
4	0.030497948314724955
5	0.022259122577214706
6	0.0151714897659559
7	0.009530427463622083
8	0.005706457491517808
9	0.003088084242933646
10	0.0016874283229657298
11	0.0010490575326628998
12	6.576651200930015e-4
13	4.6547847079974263e-4
14	3.387865616795997e-4
15	2.584673781402591e-4
16	2.0409910369649493e-4
17	1.5472013595255383e-4
18	1.2497314927963665e-4
19	9.711240910790496e-5
20	7.725774670094804e-5
