-20	0.024550293924625256
-19	0.01925186918235495
-18	0.015431605748272617
-17	0.011945005008207336
-16	0.009550005381416577
-15	0.007742330884576219
-14	0.006088203488987591
-13	0.00493445670118723
-12	0.003905703086562243
-11	0.003101195012754497
-10	0.002457911401264837
-9	0.0019462415308117873
-8	0.0015605702930194607
-7	0.0012274159368890717
-6	9.530747984249417e-4
-5	7.900536274943271e-4
-4	6.119247209950689e-4
-3	4.986331285920335e-4
-2	3.903628135917802e-4
-1	3.120592693297683e-4
0	2.4488685283592096e-4
1	1.9744269822948263e-4
2	1.5291233083115186e-4
3	1.233479412552257e-4
4	9.655643875753455e-5
5	7.797201995389649e-5
6	6.0888017370885584e-5
7	4.963721677362085e-5
8	3.97202654993185e-5
9	3.065365429621894e-5
10	2.418294863159596e-5
11	1.918955361210428e-5
12	1.5060307071130088e-5
13	1.1789511730950464e-5
14	9.655298155843629e-6
15	7.665228814261694e-6
16	6.005570986839293e-6
17	4.9838200580751184e-6
18	3.813715449123806e-6
19	3.151753648882479e-6
20	2.4391580833223934e-6
