-20	25.82435804755119
-19	19.95270317972633
-18	15.439079158436952
-17	11.777201486193933
-16	8.815465298914836
-15	6.539622872512396
-14	4.782551073714678
-13	3.376952145433183
-12	2.380319599168065
-11	1.5784673460378544
-10	1.0595654805068746
-9	0.6860700108543754
-8	0.42530243561110737
-7	0.2671224298509369
-6	0.16402636263178186
-5	0.09786035385504042
-4	0.057245937579896544
-3	0.03335965103649933
-2	0.018812380716005068
-1	0.010860102249427333
0	0.006520799265021883
1	0.0039392523714662595
2	0.002831137931071243
3	0.002076488641877253
4	0.0015720715597083536
5	0.0012395158757527443
6	9.852767452507329e-4
7	7.660708173625567e-4
8	6.353718177615113e-4
9	4.997677961439278e-4
10	3.887228265280107e-4
11	3.033789200283383e-4
12	2.503651126427799e-4
13	1.9526942692415833e-4
14	1.537165451633189e-4
15	1.2475382764015887e-4
16	9.882725351206038e-5
17	7.886898124964887e-5
18	6.120678911191138e-5
19	4.802102057090486e-5
20	3.833259374730169e-5
