-20	91.91238446411
-19	74.89244625063408
-18	61.1895518432667
-17	50.17667685902991
-16	41.2876416281789
-15	34.12028191638734
-14	28.354958285256807
-13	23.681110103018355
-12	19.876355342974758
-11	16.808012254195962
-10	14.303722213932968
-9	12.28929289408798
-8	10.625251075904956
-7	9.267816628240432
-6	8.167483202871837
-5	7.275489332566925
-4	6.545537513330822
-3	5.952974308066117
-2	5.472037490367271
-1	5.088677622098094
0	4.774575141773142
1	4.526927253164126
2	4.330790691792583
3	4.174938943869658
4	4.036992822154565
5	3.913050289361911
6	3.7911955013914937
7	3.6636422651468763
8	3.5497509907904066
9	3.4709726660228424
10	3.4366959239217474
11	3.425249785722441
12	3.419491082440008
13	3.416495540345308
14	3.4162547549684197
15	3.4365443852240563
16	3.5261078993196504
17	3.6349201842092995
18	3.682864882332414
19	3.6929235447898243
20	3.6969235785424264
