-20	42.9559771547256
-19	33.08180604854533
-18	25.2207165475524
-17	19.177949630952156
-16	14.568948315860249
-15	10.962364422773927
-14	8.187783747547225
-13	6.082801954016167
-12	4.4661905586790365
-11	3.2591784419598446
-10	2.348811647251763
-9	1.6605903118286882
-8	1.1665321174694976
-7	0.7947560649395545
-6	0.5389664851714808
-5	0.35692448858204245
-4	0.2318703684882009
-3	0.14591416230697
-2	0.08771431813746795
-1	0.051241363650552554
0	0.0291446111520518
1	0.016491520617129312
2	0.008923778329459786
3	0.00553095224310952
4	0.0034223564368541523
5	0.0024081559149690965
6	0.0019137954407008823
7	0.0014707161644380204
8	0.0012465176547326328
9	9.475535624377105e-4
10	8.005413910531734e-4
11	5.976323715374143e-4
12	4.90585389963253e-4
13	3.818064068772271e-4
14	3.083831687291989e-4
15	2.618242759654727e-4
16	1.9876889639877738e-4
17	1.5582809138281795e-4
18	1.2224710265890863e-4
19	1.0171791124397953e-4
20	7.814936834415304e-5
