-20	0.8933226298926394
-19	0.7386131424594179
-18	0.5492385180518436
-17	0.43420086133459307
-16	0.34265896739543517
-15	0.2727982630506318
-14	0.2118185854907711
-13	0.16296697985050787
-12	0.12474144661729801
-11	0.09796626777776031
-10	0.07490006702612576
-9	0.059873753293107596
-8	0.04681878260196945
-7	0.03576127954079401
-6	0.030899398995236044
-5	0.02494895097490762
-4	0.02228897089418732
-3	0.018542133435048392
-2	0.01674948222241056
-1	0.01374798113440747
0	0.01243258726740061
1	0.010167747589150991
2	0.008735864406101967
3	0.007369175969906629
4	0.00593914064229572
5	0.004800824819569266
6	0.003911992289752747
7	0.0030089903787147115
8	0.002421596772357515
9	0.00200042000159637
10	0.0015998670514974127
11	0.0012287774365629647
12	9.803368374286063e-4
13	7.922035904310168e-4
14	6.17860372955031e-4
15	4.81925513040849e-4
16	4.0723882862210293e-4
17	3.1252648845944914e-4
18	2.477493076134431e-4
19	1.973920003341111e-4
20	1.5941484691651947e-4
