-20	69.2844400439226
-19	55.718824239040465
-18	44.86617701034965
-17	36.12669949398571
-16	29.166128532289296
-15	23.86850500036256
-14	19.463629124071165
-13	15.94672227787083
-12	13.149632689459773
-11	10.874234137486233
-10	9.118652913637392
-9	7.660867096308261
-8	6.456695248841901
-7	5.501298390559142
-6	4.7219164740034945
-5	4.086363820309756
-4	3.5308562963486816
-3	3.1009741181392223
-2	2.7623461725008753
-1	2.519918635757275
0	2.3666736987858235
1	2.248738110169642
2	2.165993646873599
3	2.103602595783215
4	2.062083015401734
5	2.0344194537140456
6	2.017861311431808
7	2.008450910801904
8	2.003220440672138
9	2.000682171138393
10	2.000325116617434
11	1.9993927991578155
12	1.9999218453736067
13	2.00007823361574
14	1.9998918656890434
15	2.0002184913722907
16	2.0000858023662103
17	2.0001085912625407
18	2.0054519403036637
19	2.128533120880327
20	2.515618046455801
