-20	68.8360069940839
-19	53.766986158006105
-18	41.661128120073315
-17	31.638928779240114
-16	24.791171262178985
-15	18.935084410808116
-14	14.542927017331051
-13	11.004508557424147
-12	8.246959478118097
-11	6.2065522139670914
-10	4.565036586265911
-9	3.478702131301663
-8	2.572972738973732
-7	1.8668150518810933
-6	1.4447600531056317
-5	0.9860614038816596
-4	0.7377571767819888
-3	0.5414818220610349
-2	0.4229921034832552
-1	0.3112429143468428
0	0.2316931067233195
1	0.17505130711009936
2	0.14096475853937482
3	0.11385359901182075
4	0.08727826641447357
5	0.07156760022896497
6	0.05981958403881005
7	0.047759484951059264
8	0.036868688258869894
9	0.030721465927843382
10	0.024335430942738864
11	0.019433551659932963
12	0.01581215063453201
13	0.012233063382535712
14	0.010063343582562072
15	0.0077035385991806975
16	0.006404680736984406
17	0.004917719872357605
18	0.004066705548523502
19	0.0031637093659952864
20	0.002463798913145047
