-20	0.12313830486699706
-19	0.0951420946706905
-18	0.07082707224483487
-17	0.05427974905424852
-16	0.03931803055505003
-15	0.03087020048051101
-14	0.022490123539289034
-13	0.01733297301216078
-12	0.012898052255835379
-11	0.010066915115529438
-10	0.008171956965822411
-9	0.006769706350141608
-8	0.00565051410123566
-7	0.0048744927338108205
-6	0.0039857333265600585
-5	0.0035040396309851973
-4	0.0029123035075260704
-3	0.0025751293653607367
-2	0.0021439535348934395
-1	0.0017721782162254834
0	0.001552899508070272
1	0.001295524660410769
2	0.001122599788381394
3	8.997831748300343e-4
4	7.377670759903817e-4
5	6.170908468934118e-4
6	4.7081520744345567e-4
7	4.0590045819714835e-4
8	3.1045215666722337e-4
9	2.438759786931081e-4
10	1.9633114426199325e-4
11	1.548103533514637e-4
12	1.2748660721778647e-4
13	1.000757497222849e-4
14	7.637060309263437e-5
15	5.937253166355593e-5
16	5.077897942882926e-5
17	3.8798710972318335e-5
18	3.0992181285305795e-5
19	2.503134959639404e-5
20	2.0184365983972293e-5
