-20	17.88578339651139
-19	14.449767857462989
-18	10.350679479565239
-17	8.34709764016513
-16	6.1042831778915225
-15	4.625121243877548
-14	3.5516076820034455
-13	2.6249822770997038
-12	1.9893455731976795
-11	1.5853110246667173
-10	1.1757293331490049
-9	0.9372969758832298
-8	0.6850413106868009
-7	0.5397197755007286
-6	0.4533986851108274
-5	0.3372916822550337
-4	0.2750370528639647
-3	0.22954881837352045
-2	0.18560533374777977
-1	0.15183096865477208
0	0.11812580893246506
1	0.09839937731531541
2	0.07756833558744768
3	0.06010401765235337
4	0.04995715847897539
5	0.03835649143075918
6	0.031116698199909313
7	0.02445440205523752
8	0.019168031822156376
9	0.015502920639149499
10	0.0122242686192358
11	0.010048971218791239
12	0.007855278777616272
13	0.006336505392761062
14	0.00471779984400791
15	0.0040786545774557535
16	0.0031996878357590706
17	0.002426974783736636
18	0.0020667106758798233
19	0.001566962047911201
20	0.001246565820611238
