-20	2.659239756213514
-19	2.5331700053441666
-18	2.4231762231943472
-17	2.3429489260548806
-16	2.2862763929955237
-15	2.13242126997086
-14	2.0120708036978017
-13	1.9178955157357327
-12	1.7448135958463662
-11	1.576249934946255
-10	1.3310991283726372
-9	1.2039996804518056
-8	1.0497557326772202
-7	0.887549091972685
-6	0.7335114297940805
-5	0.6006692439056107
-4	0.47037430976338884
-3	0.34817703182126714
-2	0.26704605954112853
-1	0.20922433026956377
0	0.15157128637083525
1	0.11502316559983347
2	0.08900096229933023
3	0.06859068069264755
4	0.05356093948107122
5	0.04309413774442099
6	0.031551893637330956
7	0.025813844998941283
8	0.02008836712253318
9	0.01623988425724831
10	0.012498591469385803
11	0.009853984764052064
12	0.007831235746635374
13	0.006049034602334531
14	0.005122849179180702
15	0.003942523512628482
16	0.003133870013185657
17	0.002511722212397949
18	0.0019931446110273785
19	0.001533826404120504
20	0.001232463343452607
