-20	21.078648627484487
-19	15.949702246022868
-18	12.003229248432689
-17	8.968788625703409
-16	6.65370884477075
-15	4.891016805884485
-14	3.5537699157649127
-13	2.5570102240738413
-12	1.8125910596065016
-11	1.2662539557250696
-10	0.8677649638311412
-9	0.5822141530625728
-8	0.38080564322765387
-7	0.242046304126701
-6	0.14865782428771118
-5	0.08742721042041791
-4	0.04928342829755721
-3	0.026106477860092896
-2	0.012894937222507877
-1	0.005901757168533602
0	0.002460372582190673
1	9.401061047674257e-4
2	3.4023224683013423e-4
3	1.2962896618713235e-4
4	6.385051493713951e-5
5	4.003648505741621e-5
6	3.022987718437669e-5
7	2.3771165131599197e-5
8	1.9318262865219246e-5
9	1.5196006752801116e-5
10	1.2300032691834283e-5
11	9.723376458200975e-6
12	7.532348243721823e-6
13	6.224498719351919e-6
14	4.799509517753918e-6
15	3.910445546958092e-6
16	3.047476078795816e-6
17	2.486499131835083e-6
18	1.941962954909882e-6
19	1.601895847754578e-6
20	1.2137395487850215e-6
