-20	14.851507849901157
-19	11.453124774582982
-18	8.808382934074391
-17	6.737157428383133
-16	5.133291123678757
-15	3.8912088696405744
-14	2.931053038575062
-13	2.193193760696795
-12	1.629543352455017
-11	1.1990372345220943
-10	0.876225310092825
-9	0.6316682446816214
-8	0.449895621778247
-7	0.3161074512120314
-6	0.21970794746148886
-5	0.1484934221160644
-4	0.0996790574425284
-3	0.0651766877780256
-2	0.04154064067248448
-1	0.025907288411924332
0	0.015797316616105596
1	0.00928271081568572
2	0.005394571857304989
3	0.0030289425714993337
4	0.0016520031609952323
5	8.846206678427069e-4
6	4.5397059599242836e-4
7	2.2327475877552164e-4
8	1.1236727914409382e-4
9	5.866237648024634e-5
10	3.296768364502079e-5
11	2.1919537591934298e-5
12	1.5895650392144004e-5
13	1.1770599393105175e-5
14	9.7665359447806e-6
15	7.669033331420007e-6
16	6.295717069091518e-6
17	4.897529566206928e-6
18	4.024738121608317e-6
19	3.1741248375279133e-6
20	2.4180488609463287e-6
