-20	38.66926717186174
-19	30.64708655459443
-18	24.23677842625266
-17	19.049298889215702
-16	15.038459632178657
-15	11.68354193351582
-14	9.314982143811822
-13	7.235167017043545
-12	5.601245953800568
-11	4.330352438052071
-10	3.338616673119733
-9	2.555595079913243
-8	1.9856378240611663
-7	1.4826565537946381
-6	1.1069512999612838
-5	0.8352717937740556
-4	0.6220808470414744
-3	0.4622440505750793
-2	0.3455672804357258
-1	0.25355248331410446
0	0.1874407588165433
1	0.14157127632551098
2	0.1052071630038728
3	0.07765334455301687
4	0.05698573256428467
5	0.041501407195489774
6	0.029969218801891327
7	0.023252379191786444
8	0.016946357290655505
9	0.012841310531671582
10	0.010165978645510264
11	0.007914010206986689
12	0.006372804584504293
13	0.005077837982833931
14	0.0040176303795127315
15	0.003146729185018337
16	0.0025307226201253677
17	0.0019975189308977233
18	0.001579165680782568
19	0.0012634649581463517
20	9.978307412020198e-4
