-20	1.8344358269161087
-19	1.7102708209205484
-18	1.5417462260230066
-17	1.3916361069330794
-16	1.225413999067405
-15	1.0417153030176869
-14	0.7926977010210204
-13	0.6452429180827775
-12	0.45636181766381023
-11	0.34118895318692893
-10	0.20218437496917888
-9	0.12028633171278104
-8	0.06900424680033185
-7	0.039228235393267905
-6	0.024575995997313915
-5	0.016216821463456394
-4	0.011528387995245686
-3	0.0075349578519760966
-2	0.005233905791927718
-1	0.0037219962293925995
0	0.002687312098890805
1	0.0019574528938248433
2	0.0014187171468057356
3	0.00106516444960007
4	7.992285282220641e-4
5	6.366816346075362e-4
6	4.922141908622854e-4
7	3.8830894106249076e-4
8	3.2148072507720283e-4
9	2.5447363721752204e-4
10	1.961688693914161e-4
11	1.51489687062052e-4
12	1.237912016780414e-4
13	9.48165586865142e-5
14	7.616837466974669e-5
15	6.173779497865858e-5
16	4.8329029830450126e-5
17	3.9728788423056344e-5
18	3.0245127647473828e-5
19	2.4202356113120325e-5
20	2.014260654698693e-5
