-20	0.7297927816343994
-19	0.7174623053226469
-18	0.685556419447489
-17	0.6472827857155572
-16	0.6207108658388127
-15	0.5605470391578331
-14	0.49358192943874163
-13	0.45809742070039383
-12	0.3626817107431412
-11	0.28858979129119355
-10	0.2072128388189861
-9	0.1371820795391859
-8	0.09108323627954121
-7	0.052775374296932194
-6	0.03069005673823009
-5	0.021163385190556668
-4	0.0132214355978442
-3	0.008579984317003905
-2	0.005869899078771506
-1	0.0041168107973565205
0	0.002845904722088836
1	0.0019702404527742476
2	0.0014097421258098895
3	0.0010879706880411455
4	7.8300489179639e-4
5	6.272691745321202e-4
6	4.868542150983173e-4
7	3.8561120771483785e-4
8	3.1070159682140266e-4
9	2.490869767929013e-4
10	2.008917293151105e-4
11	1.5390403425374254e-4
12	1.2261378511466302e-4
13	9.737576071024249e-5
14	7.375251738295718e-5
15	6.318658615616193e-5
16	5.05567886629365e-5
17	3.815044091169848e-5
18	3.0107142222755496e-5
19	2.4190210940901482e-5
20	1.974760303951838e-5
