-20	0.18130080784108632
-19	0.1405868941383796
-18	0.11005418436951345
-17	0.08963036719431106
-16	0.07066669371898848
-15	0.05568943686122166
-14	0.04387533199869924
-13	0.037565055792379565
-12	0.02880516802301231
-11	0.022948154834502764
-10	0.018135734450865852
-9	0.015340598730691121
-8	0.012181556472846605
-7	0.010248108351494735
-6	0.008119761205336879
-5	0.0068288323917590635
-4	0.005680674605048629
-3	0.004424209336264962
-2	0.003876560289299439
-1	0.0032610134944921895
0	0.002713222785330987
1	0.002326829738171741
2	0.0019106209588881985
3	0.0015602426929704448
4	0.0013320881651099844
5	0.0010705778554331667
6	8.877816903332028e-4
7	7.403029851100173e-4
8	5.954978799707176e-4
9	4.617180842421752e-4
10	3.615185355708423e-4
11	3.107942795133223e-4
12	2.396167163812712e-4
13	1.990731647369566e-4
14	1.5753030884077423e-4
15	1.2426550040805893e-4
16	9.721469639372053e-5
17	7.966552254630796e-5
18	6.152669108790502e-5
19	4.8174970101977105e-5
20	3.792783811764332e-5
