-20	1.9557303311413998
-19	1.909713799477003
-18	1.7591437106704937
-17	1.536661977437523
-16	1.4366081918642517
-15	1.2963558731913702
-14	1.0297619072143869
-13	0.9218743374714657
-12	0.7415150062703523
-11	0.5910307114173067
-10	0.47185783727878094
-9	0.3677482324383749
-8	0.28521302196598847
-7	0.20987448713103346
-6	0.147252027061118
-5	0.11592103298263362
-4	0.08504380302100396
-3	0.06881883795046193
-2	0.0503774835912575
-1	0.03984603034314367
0	0.03377396494176979
1	0.026072297487730357
2	0.01988376115886209
3	0.015538251030445531
4	0.012714381883112292
5	0.01004478622046831
6	0.0075670287052480535
7	0.00638883162417801
8	0.0050606670434963615
9	0.003970200442290675
10	0.0030997629825454194
11	0.0024650971695957557
12	0.002032865934513632
13	0.001561095421745076
14	0.0012500661687051594
15	9.809646742824608e-4
16	7.821771974533739e-4
17	6.058174815290406e-4
18	5.125420586600888e-4
19	3.9028785351670405e-4
20	3.038987368948207e-4
