-20	34.56183863807998
-19	27.74513138595711
-18	21.189135347172424
-17	16.91071160003779
-16	13.628459154278657
-15	10.657042454225016
-14	8.203167172744473
-13	6.346145347306083
-12	4.834429314948235
-11	3.6424223574268777
-10	2.8006156808263802
-9	2.057196970931634
-8	1.3910010303979627
-7	0.9987009565474094
-6	0.6030840932643092
-5	0.34763028813165703
-4	0.2166948488486372
-3	0.11737041576099694
-2	0.05415326380493942
-1	0.02751201977410404
0	0.01743675140059429
1	0.01151126237324223
2	0.006957264253900698
3	0.0051362432587965775
4	0.003932916262766677
5	0.0033291870920213475
6	0.0023581462673267117
7	0.0020005819608943697
8	0.0016146723169593595
9	0.0012265613005681205
10	0.0010185770878370125
11	8.131722267067423e-4
12	6.232390269344107e-4
13	5.108234073864892e-4
14	3.8451715844842134e-4
15	3.264958677654742e-4
16	2.483469819121069e-4
17	1.9386533361111097e-4
18	1.5841096761563258e-4
19	1.2464320941348999e-4
20	1.0259646335297337e-4
