-20	47.40425099919905
-19	36.468686888708916
-18	27.87822921881856
-17	21.288158540444435
-16	16.17970282207902
-15	12.25763440473136
-14	9.22170271285676
-13	6.889689314726771
-12	5.121834649020714
-11	3.7688393701089202
-10	2.7513410196098826
-9	1.984828479390265
-8	1.4155381933213684
-7	0.9970994379091606
-6	0.6935183797667277
-5	0.47229685032834223
-4	0.31688791662395943
-3	0.20883616480342101
-2	0.13448800688361276
-1	0.08502503981924002
0	0.05299704656835508
1	0.032678624166829956
2	0.019503424301690993
3	0.011618583482150656
4	0.006887145943311376
5	0.003902796661511484
6	0.0021458056235719907
7	0.0010989432355582704
8	5.450967284447674e-4
9	2.6092414298619835e-4
10	1.3102663127011115e-4
11	7.12256503160069e-5
12	4.4230724230451247e-5
13	2.9746883597890733e-5
14	2.0783014870276398e-5
15	1.5635774352119707e-5
16	1.2361461481231791e-5
17	9.788684444981306e-6
18	7.887055899239668e-6
19	6.202705097281977e-6
20	4.8441628875401824e-6
