-20	0.004946158799683593
-19	0.003808920109075708
-18	0.0029298235870004984
-17	0.002154899260605137
-16	0.0018667137692222088
-15	0.0014196323818293404
-14	0.0012108585110297459
-13	9.264371048024266e-4
-12	7.699305803388196e-4
-11	6.543775015236822e-4
-10	5.34700196237223e-4
-9	4.419209767051403e-4
-8	3.7423936537095306e-4
-7	3.038386191417361e-4
-6	2.4278384435239903e-4
-5	2.1553483162474007e-4
-4	1.819163203288575e-4
-3	1.5600318858362654e-4
-2	1.282088877721514e-4
-1	1.1118627717667284e-4
0	9.893487703144516e-5
1	8.306793641416276e-5
2	6.953312789975516e-5
3	5.66096494897088e-5
4	4.702146710488703e-5
5	3.800457204501091e-5
6	2.9549757363859708e-5
7	2.4868031105504406e-5
8	1.9248486365665593e-5
9	1.5765046418847853e-5
10	1.1946362660692206e-5
11	9.70606953743665e-6
12	7.680985976490446e-6
13	6.276006913271586e-6
14	4.962518753758611e-6
15	3.815542335888169e-6
16	2.9975534004031545e-6
17	2.4613766865708297e-6
18	1.9833810323086285e-6
19	1.5738220799590662e-6
20	1.1842245096871981e-6
