-20	2.4503828322013987
-19	2.367544500546251
-18	2.29819559990915
-17	2.180708233650225
-16	2.045825229595927
-15	1.8983877980597237
-14	1.7316579451682774
-13	1.5739056542997327
-12	1.3539573123197508
-11	1.1926525366870382
-10	0.9387318616256333
-9	0.7039588713175292
-8	0.523668328959016
-7	0.3395726399843574
-6	0.2023663778209283
-5	0.11875844182915482
-4	0.05718296388889676
-3	0.028962584665061405
-2	0.01598934641579372
-1	0.010265434389712622
0	0.006989661891875818
1	0.005027428469967207
2	0.003616117179839568
3	0.0027486847916440155
4	0.0020620862503605364
5	0.0016215855648417559
6	0.0012722364679595452
7	9.965796435331305e-4
8	7.946437445848606e-4
9	6.314722992136745e-4
10	4.93612196293326e-4
11	3.933170763098022e-4
12	3.144499975401621e-4
13	2.43420924598159e-4
14	2.0068154160371156e-4
15	1.594619843625753e-4
16	1.267441038752489e-4
17	1.019387183200835e-4
18	8.018315796756007e-5
19	6.226252476417097e-5
20	4.9980218023806236e-5
