-20	2.24760279656316
-19	2.134830957562095
-18	2.0013563308422517
-17	1.8834770518092836
-16	1.706410708440138
-15	1.5979613422337986
-14	1.4142206084536695
-13	1.2352475889719086
-12	1.0688694003093555
-11	0.9152786254440578
-10	0.7618145119766748
-9	0.6246929579959553
-8	0.4889912072881952
-7	0.3717605413181675
-6	0.2735564242811417
-5	0.21382563334212418
-4	0.14980433843348961
-3	0.11223510605876286
-2	0.08724082288110818
-1	0.06731641428821862
0	0.053008489187969396
1	0.041405579276802086
2	0.032063780355297083
3	0.026149625181258556
4	0.020351192158511812
5	0.01614225134351569
6	0.012772931670806684
7	0.010112397060916527
8	0.007824047999245342
9	0.00631413132253356
10	0.005030468384063904
11	0.0040050892991565345
12	0.0031352175988180824
13	0.002502128116584152
14	0.00201020705298179
15	0.0015888226489357074
16	0.0012525233474694694
17	9.875200825536987e-4
18	8.087242399838166e-4
19	6.290871588687366e-4
20	5.04237015840591e-4
