-20	28.40206036623895
-19	22.36686212152728
-18	17.381502678007998
-17	13.354217694928893
-16	10.32290973062605
-15	7.898237570138441
-14	5.87411873320752
-13	4.468629163607611
-12	3.204729984515032
-11	2.2672458818573187
-10	1.5290047756281782
-9	1.0247920919915
-8	0.6304212089658137
-7	0.3812101555920861
-6	0.22357353604398444
-5	0.12767749492147074
-4	0.07798234401535778
-3	0.04582587698007644
-2	0.027686188949142945
-1	0.01687801850443953
0	0.010633341280603613
1	0.007636566239914055
2	0.005451941752045379
3	0.004006489239271526
4	0.003112200532364996
5	0.0025255154872158687
6	0.001953640261347769
7	0.001590818225308773
8	0.0012222137825309467
9	9.778147641128464e-4
10	7.741811138775651e-4
11	6.131736245294649e-4
12	4.969276242062411e-4
13	4.011440097405228e-4
14	3.0254786819572794e-4
15	2.5494470300719364e-4
16	1.954708530211456e-4
17	1.5449632960770802e-4
18	1.255693438861202e-4
19	9.929089618300113e-5
20	7.934668284688835e-5
