-20	21.36578042054652
-19	16.15995895522574
-18	12.13993709526486
-17	9.07000664653331
-16	6.71007350561509
-15	4.9328734924893265
-14	3.5861522619823534
-13	2.5741539684662964
-12	1.8200738274305863
-11	1.2713265011258554
-10	0.8706355660766023
-9	0.5855864418004868
-8	0.382316584223438
-7	0.24361191527798093
-6	0.1490172150334919
-5	0.08802997368726347
-4	0.04964044159363241
-3	0.026452288310299173
-2	0.013067802337213342
-1	0.006043827747465468
0	0.002572992824871992
1	0.001014144529488797
2	4.09674302867512e-4
3	1.8589155973390504e-4
4	1.0650150366252463e-4
5	7.716834321611493e-5
6	5.967231807439939e-5
7	4.911356845975568e-5
8	3.738365907314084e-5
9	3.0474459390225835e-5
10	2.4475107778978896e-5
11	1.8936330896147674e-5
12	1.550094113062813e-5
13	1.2397321257479877e-5
14	9.301668194302103e-6
15	7.547060317687454e-6
16	6.233361352789813e-6
17	4.9060354061012425e-6
18	3.7879497958085553e-6
19	3.1583136400132402e-6
20	2.4772103384596003e-6
