-20	1.666209963691326
-19	1.483771072769461
-18	1.3587029099151735
-17	1.199121992643272
-16	1.0004757648848783
-15	0.8646849682628516
-14	0.7178045304658148
-13	0.6088312590425847
-12	0.4747673181982492
-11	0.39941779347937445
-10	0.30571012852785806
-9	0.2643305041001274
-8	0.21239761007505487
-7	0.1741678566154413
-6	0.1425690232956347
-5	0.11281186841537247
-4	0.08205424158185451
-3	0.05523230215556741
-2	0.033924132026394785
-1	0.020418067011110184
0	0.011472840291195175
1	0.006122107716410409
2	0.0034437487110565742
3	0.0017923174588989016
4	0.0010748061897672898
5	6.392291756753062e-4
6	4.017797359541246e-4
7	2.653894464610272e-4
8	1.8429490282507235e-4
9	1.3041354286810373e-4
10	9.792828451363921e-5
11	7.657478742851794e-5
12	6.289938394919036e-5
13	4.903514112982482e-5
14	3.8337117433653326e-5
15	3.106578748038384e-5
16	2.5013445902306163e-5
17	1.9168825904872646e-5
18	1.582516303519352e-5
19	1.1918599000400557e-5
20	9.836798056934002e-6
