-20	63.109564703935455
-19	48.798463867355046
-18	37.24363435951672
-17	29.0290369504108
-16	22.08655817326567
-15	16.6659128504162
-14	12.616265118366448
-13	9.612247701945659
-12	7.160813462041712
-11	5.246860124110355
-10	3.8846518068812155
-9	2.867096379843541
-8	2.045396109932202
-7	1.469328584984969
-6	1.023950334568932
-5	0.7314009914833776
-4	0.509490839040403
-3	0.3577138936482369
-2	0.23784187480642646
-1	0.16500943758298525
0	0.10785108643750566
1	0.07899226584717287
2	0.05524758479247964
3	0.039882883009561845
4	0.030359247291866894
5	0.021531897835334275
6	0.016004489525982556
7	0.012814289031105625
8	0.009634111067499552
9	0.00797388684989828
10	0.006016105665599563
11	0.004746301706220881
12	0.0038681665784384973
13	0.003132758371924999
14	0.002519515345247664
15	0.0019923863889276306
16	0.0015328421452428058
17	0.0012305484733989148
18	9.86967415800296e-4
19	7.734078330973244e-4
20	6.231468947794545e-4
