-20	55.68819842832303
-19	43.82211243602486
-18	34.16488486619589
-17	26.601530130586127
-16	20.50596331038981
-15	15.689978985650086
-14	11.987213407538787
-13	9.133976482729128
-12	6.873411105517286
-11	5.056772696985146
-10	3.672411999132485
-9	2.699468638780839
-8	1.933059539417577
-7	1.3757784348433975
-6	0.9590305039590741
-5	0.6733325186996177
-4	0.45494352973301455
-3	0.28996980131045785
-2	0.18065418570701486
-1	0.10486104585567767
0	0.05577796554099975
1	0.027559092791788562
2	0.013808186445900648
3	0.007159968762272653
4	0.0037353347935289486
5	0.002100000643829124
6	0.0013334573650168997
7	9.274244481105642e-4
8	6.721034996667595e-4
9	5.118581894494515e-4
10	4.103622745445715e-4
11	3.1295958953539405e-4
12	2.4974483720550125e-4
13	1.9664317364247684e-4
14	1.5317271329314227e-4
15	1.2287193679844463e-4
16	1.0110758838388196e-4
17	7.777793867191443e-5
18	6.212754645727247e-5
19	4.934259936942824e-5
20	3.876360541477501e-5
