-20	0.00519301499762825
-19	0.004033763263769648
-18	0.003191952155272434
-17	0.0026706267729588017
-16	0.0019727591805794014
-15	0.0014953329782820366
-14	0.0012434420362044025
-13	0.0010075677290036595
-12	8.231157410878041e-4
-11	5.985544726988165e-4
-10	4.891819010901866e-4
-9	4.326632576699815e-4
-8	3.2732512847883337e-4
-7	3.1743303573462126e-4
-6	2.2965117859430304e-4
-5	1.8515120014348766e-4
-4	1.5919347496539993e-4
-3	1.287197847652808e-4
-2	1.1310207087488146e-4
-1	9.091265385447244e-5
0	7.75024424268072e-5
1	6.741716675717104e-5
2	6.156402200312055e-5
3	4.684435699477408e-5
4	4.04197496720952e-5
5	3.692043228179116e-5
6	2.5761629707609217e-5
7	2.2298056748807997e-5
8	1.9113937479725598e-5
9	1.6085922105304408e-5
10	1.231266417803765e-5
11	9.34631072731432e-6
12	7.032670408209747e-6
13	5.418390244573172e-6
14	5.045171933333824e-6
15	4.077103488698899e-6
16	3.0675748762921925e-6
17	2.307072384534293e-6
18	1.8503411684412831e-6
19	1.4827623054796586e-6
20	1.2071222747034314e-6
