-20	0.09912040062589789
-19	0.0774418854627211
-18	0.061991560270565585
-17	0.04883675162368931
-16	0.0382815940519722
-15	0.03094369707838602
-14	0.024306752147259844
-13	0.019455948475563138
-12	0.015867257007724317
-11	0.012531970062175627
-10	0.010001016186470996
-9	0.007846447969543825
-8	0.006182932184142219
-7	0.0049336905282612075
-6	0.0037463983600417756
-5	0.0031045233900188684
-4	0.0025031534095547895
-3	0.0019519424269473383
-2	0.0015343256897707312
-1	0.0012407236354997247
0	9.789635597177537e-4
1	7.571926770820093e-4
2	6.086092578329045e-4
3	4.7941012125518503e-4
4	3.8770116272511193e-4
5	3.069513357582202e-4
6	2.447279087614763e-4
7	1.9733314633450897e-4
8	1.539082384299381e-4
9	1.2347971282217793e-4
10	9.744365815724823e-5
11	7.809992309552192e-5
12	6.052425716114995e-5
13	4.8143757130412046e-5
14	3.8668535227144536e-5
15	2.961929858596617e-5
16	2.4185632515436054e-5
17	1.950373656709266e-5
18	1.558237316928532e-5
19	1.21522983030295e-5
20	9.716392514424148e-6
