-20	72.83646546891295
-19	57.44124352031415
-18	45.37148176127678
-17	35.751802790270524
-16	28.05101746266475
-15	21.946396116436183
-14	17.137856659853064
-13	13.296583085533406
-12	10.366869980117373
-11	7.930213189702974
-10	6.077961317165584
-9	4.612990955175261
-8	3.452479317491909
-7	2.5439687210457165
-6	1.879037568001266
-5	1.3499963800577437
-4	0.9615664684730884
-3	0.697179277702217
-2	0.485534489538693
-1	0.3483839156292454
0	0.25327599741385787
1	0.18709864158477144
2	0.14227981165242612
3	0.11117610509865747
4	0.07978171796497964
5	0.051112793470790896
6	0.026084985550769327
7	0.009614081222543062
8	0.002924231137339534
9	0.001259688883195294
10	4.0929891787959443e-4
11	1.5230714764916066e-4
12	9.184625842389647e-5
13	6.12964832363071e-5
14	4.3876156786265684e-5
15	3.287586836566058e-5
16	2.570975848546076e-5
17	2.0120807332357983e-5
18	1.5930061982059965e-5
19	1.2637609163898563e-5
20	9.854071395501918e-6
