-20	0.7447622348066638
-19	0.6063023129029443
-18	0.4946669863282053
-17	0.374604096871309
-16	0.2865847004196309
-15	0.20367480481609912
-14	0.15426835059932062
-13	0.12003920606844279
-12	0.08710697295113465
-11	0.06896639634692736
-10	0.05264961846164263
-9	0.0402934769537781
-8	0.033290189198143125
-7	0.025952256528699685
-6	0.0203816258267455
-5	0.01595953824737512
-4	0.01289331747466917
-3	0.00997632076251427
-2	0.00793540923834033
-1	0.006226218088339929
0	0.005072067248993151
1	0.0039443267272349265
2	0.0032029808509384944
3	0.0025094209825982285
4	0.0019989638248147663
5	0.0015854732297788045
6	0.0012530687274688883
7	0.001010945606086713
8	7.902212626351114e-4
9	6.290796669515346e-4
10	4.984843856297598e-4
11	4.0359963967846155e-4
12	3.1038782403145133e-4
13	2.5565644038861484e-4
14	1.9559664212861482e-4
15	1.5889791090958495e-4
16	1.268187601223275e-4
17	1.0062814688562702e-4
18	8.086055466069495e-5
19	6.281472930098443e-5
20	5.0597955765833505e-5
