-20	0.9318320502405899
-19	0.7641515925610114
-18	0.5726259132476336
-17	0.4141029735170685
-16	0.290766116437787
-15	0.1856680566681648
-14	0.11707184821177262
-13	0.06956927964519825
-12	0.04026361743171865
-11	0.026157970654363673
-10	0.016433319470560773
-9	0.011057600200510888
-8	0.007163789601279755
-7	0.004866734132758511
-6	0.0031278112992880356
-5	0.002200380465298954
-4	0.0014344773628645162
-3	0.0010001607432895466
-2	6.791996433748085e-4
-1	4.6441034268736753e-4
0	3.426878806475215e-4
1	2.352968496527312e-4
2	1.705217202850604e-4
3	1.3043862880930427e-4
4	1.008134387300631e-4
5	8.00616403367509e-5
6	5.8227081657368553e-5
7	4.8637864989567226e-5
8	3.9069656559021914e-5
9	3.0389363069447574e-5
10	2.4463358210347428e-5
11	1.9112176939115326e-5
12	1.5687660416644386e-5
13	1.2127882373951257e-5
14	9.41239218138733e-6
15	7.523111726213577e-6
16	6.350629252323785e-6
17	4.798056167325318e-6
18	3.882199551512665e-6
19	3.082130127846185e-6
20	2.457276791534511e-6
