-20	0.1861811479156368
-19	0.15055022478853747
-18	0.12036953999144893
-17	0.09265101550086673
-16	0.07419546950183344
-15	0.0591083927465318
-14	0.047209267070267416
-13	0.037301575381610226
-12	0.029925702759584182
-11	0.024499317134481998
-10	0.019360701531323483
-9	0.015901019328607043
-8	0.012263435185249593
-7	0.009555282314085404
-6	0.007628245216952366
-5	0.006129911579638549
-4	0.004718857475385392
-3	0.003937139854832421
-2	0.003234402379621103
-1	0.00250688446383773
0	0.0019648890030805172
1	0.001529305071079698
2	0.0012159012268079315
3	9.791490041609061e-4
4	7.78329680629042e-4
5	6.081289253574326e-4
6	4.808579134758132e-4
7	3.998921033378151e-4
8	3.10560017804533e-4
9	2.4674378298723647e-4
10	2.0145434546773013e-4
11	1.568356954751503e-4
12	1.2112301141560891e-4
13	9.603909354298422e-5
14	7.863290637661415e-5
15	6.0673996868886714e-5
16	4.941557120712316e-5
17	3.949521537409583e-5
18	3.018254370246006e-5
19	2.473280514974572e-5
20	1.9910554565190896e-5
