-20	2.9598227874183487
-19	2.933002206413594
-18	2.9249879399084984
-17	2.8029454535278093
-16	2.8237607269752387
-15	2.6825918866258918
-14	2.6749777347198007
-13	2.6458367074909352
-12	2.520351963219635
-11	2.443157355336853
-10	2.347716920436838
-9	2.2423611434278254
-8	2.1243871670003167
-7	1.9789322550006563
-6	1.87759698192361
-5	1.7483535536816548
-4	1.5809520187489505
-3	1.3965561842992917
-2	1.2356373576114728
-1	1.0786865857831298
0	0.9326327782663164
1	0.7368105951550025
2	0.5866458713629692
3	0.4261987989221485
4	0.2843275410484037
5	0.18389017245373981
6	0.12087134607089615
7	0.06143717779239223
8	0.028923086472397743
9	0.012155704697271535
10	0.002515028689433555
11	7.791054827197643e-4
12	3.112699280071867e-5
13	2.4944658213555878e-5
14	1.958766644565499e-5
15	1.573877294138392e-5
16	1.2330937362290527e-5
17	9.938634569662057e-6
18	8.000527556057482e-6
19	6.331230853094541e-6
20	4.989461538957951e-6
