-20	2.166193067563575
-19	2.0665916394861266
-18	1.8881899028036142
-17	1.7096620876008575
-16	1.6668361808091392
-15	1.4882977927376018
-14	1.3516209037665499
-13	1.13727380688623
-12	0.9428229513230817
-11	0.7445785800638727
-10	0.5926711335262548
-9	0.451563801225606
-8	0.29825805287360513
-7	0.21168059917061827
-6	0.12337056359517981
-5	0.08018124998691319
-4	0.04373045576517869
-3	0.030051623188568202
-2	0.02023487634894833
-1	0.01418605127912887
0	0.01040433973216416
1	0.007433933968570796
2	0.005701497224679313
3	0.00425678031136368
4	0.0033693690184616373
5	0.0026084047978590023
6	0.0020161956585065454
7	0.0015536979771750125
8	0.0012346396775140015
9	9.875795430931162e-4
10	7.662995094875014e-4
11	6.043887223188984e-4
12	4.960242745174341e-4
13	3.863651946296779e-4
14	3.1211611957106543e-4
15	2.4525413568577173e-4
16	2.0459710763519147e-4
17	1.5815387412762205e-4
18	1.1993500690617861e-4
19	9.829129675798112e-5
20	7.785623073798355e-5
