-20	2.9474306810362085
-19	2.8445700853655227
-18	2.8996119492127232
-17	2.873376853028564
-16	2.772043704614007
-15	2.693511103724005
-14	2.6627370393794685
-13	2.539562692837819
-12	2.427151955205258
-11	2.36763835497309
-10	2.225865169256125
-9	2.154445425229807
-8	1.998795825295526
-7	1.835003431031702
-6	1.7658335609184859
-5	1.6117459709852726
-4	1.4612421075334843
-3	1.270368943714524
-2	1.1045409965027633
-1	0.942205735384592
0	0.7917592896900694
1	0.6351778062702403
2	0.5311142086239858
3	0.3866286671667905
4	0.315573831611146
5	0.2535460440400746
6	0.1880668960196609
7	0.1534291519189545
8	0.12131513257933633
9	0.09108633299726851
10	0.06308934661894271
11	0.040045492999395915
12	0.022342995266430903
13	0.011688782910893597
14	0.004833062522628796
15	0.002128559605383248
16	0.0010162775902132462
17	3.2360924912078844e-4
18	2.473828902405081e-4
19	1.9043564887124902e-4
20	1.5743988917027554e-4
