-20	0.20539885828917231
-19	0.20689955422357612
-18	0.20861158469598265
-17	0.20679029101662091
-16	0.20777961125029948
-15	0.20582105025747882
-14	0.19940401329716478
-13	0.19802790454231906
-12	0.2058866198923774
-11	0.1971373900841931
-10	0.19526616795308185
-9	0.19681040627801577
-8	0.18696029837270592
-7	0.1699266792498069
-6	0.16233992126350016
-5	0.14047367014423962
-4	0.104632336331568
-3	0.07994511211484907
-2	0.04613358381858325
-1	0.0203555666747182
0	0.009000051793027394
1	0.003957257951983357
2	0.0020444523480327246
3	0.0011493874914213513
4	6.173515561688079e-4
5	3.543976077664795e-4
6	2.176012156569028e-4
7	1.3644398142092395e-4
8	9.602097322864221e-5
9	6.886986032884153e-5
10	5.144297656652148e-5
11	3.959501507388914e-5
12	3.140626789950237e-5
13	2.4571874515894104e-5
14	1.8931549632966997e-5
15	1.5234541699074027e-5
16	1.254315757247197e-5
17	9.286284170556753e-6
18	7.779489611184804e-6
19	6.519104775320245e-6
20	4.971573847871199e-6
