-20	61.65635305271321
-19	48.89325696334992
-18	38.25145593814288
-17	30.40146583394168
-16	24.457839276628423
-15	19.349463454157984
-14	15.225004734783017
-13	12.00431980623791
-12	9.552879879735716
-11	7.49757595046286
-10	6.030413587546487
-9	4.728269581985422
-8	3.703541988921571
-7	2.9020870144724222
-6	2.218793175254011
-5	1.8123213632277952
-4	1.3713482216071897
-3	1.0696132144397377
-2	0.8120414433087035
-1	0.6127590333570841
0	0.48334423277615224
1	0.37262397742467473
2	0.27856489824130426
3	0.2185084763143812
4	0.173096983479357
5	0.13370375580633953
6	0.10622728723258058
7	0.08629904251942302
8	0.06555937149288442
9	0.05281971661790551
10	0.03937025330472124
11	0.03167578818462214
12	0.022624409176899687
13	0.016071101499885297
14	0.01154422808725949
15	0.008760250728155849
16	0.006440191860767992
17	0.005050212228391825
18	0.003967350499041616
19	0.0031398645531950484
20	0.002428261120017379
