-20	1.6439978905772703
-19	1.504882859911403
-18	1.3944701247005435
-17	1.196963310691178
-16	1.0855341242762713
-15	0.8585999923564824
-14	0.7819421585156507
-13	0.6129245843512615
-12	0.5060519913808093
-11	0.3896314890902906
-10	0.3372116564693618
-9	0.26728084409374947
-8	0.2261283428888294
-7	0.18707808849147492
-6	0.14854172437008883
-5	0.10914052071975695
-4	0.07740245174812452
-3	0.04695867017839417
-2	0.02744010684780427
-1	0.012808370922408571
0	0.00663844905398533
1	0.003576281771516976
2	0.0018334572356099653
3	9.765258043653402e-4
4	5.843316687573839e-4
5	3.3134358516278726e-4
6	2.1206456750120646e-4
7	1.3222363690029243e-4
8	9.399725123805228e-5
9	6.55094836327113e-5
10	5.153123455451761e-5
11	3.933100094831377e-5
12	3.129951961282045e-5
13	2.4181857426099686e-5
14	1.993993451671703e-5
15	1.5435165084164224e-5
16	1.2219389767753598e-5
17	9.866970982101722e-6
18	7.670628887145276e-6
19	6.227647802786153e-6
20	4.908264569281621e-6
