-20	0.03393893717100071
-19	0.027218416817001555
-18	0.021154608465464672
-17	0.017518651692741763
-16	0.013453834306028457
-15	0.01059026761622245
-14	0.008845979887196851
-13	0.006935146099806957
-12	0.0053272707712112245
-11	0.004434678944077399
-10	0.003567377746671096
-9	0.002832004154557157
-8	0.0022846321222345025
-7	0.001813511783472697
-6	0.001495431037118973
-5	0.0011557406532088886
-4	9.352707539518106e-4
-3	7.588034171441318e-4
-2	6.217066570724612e-4
-1	5.01409907025837e-4
0	3.960640538181161e-4
1	3.2317481235286674e-4
2	2.5900938472025054e-4
3	2.1750677058171233e-4
4	1.705488238041014e-4
5	1.46675809538272e-4
6	1.1759410917939778e-4
7	9.284085792472457e-5
8	7.586153099804672e-5
9	5.94845445749563e-5
10	4.93316142012967e-5
11	3.872268235455299e-5
12	3.0729404630821264e-5
13	2.3745013948716284e-5
14	1.932030169311985e-5
15	1.540043721401912e-5
16	1.190262287525334e-5
17	9.45703442186986e-6
18	7.790218618178641e-6
19	6.316063566171817e-6
20	4.86400067767973e-6
