-20	22.87509109846812
-19	17.332707783169468
-18	12.988592075170368
-17	9.680847428182087
-16	7.057704808136867
-15	5.077019713127884
-14	3.613662429936028
-13	2.5280774583852192
-12	1.7585472561353797
-11	1.2077637004712818
-10	0.8177019848472623
-9	0.5453545057374592
-8	0.3552471114246971
-7	0.22494421236867962
-6	0.13819535256454074
-5	0.0822969762554184
-4	0.04694655156511345
-3	0.025442231949568492
-2	0.013179738431391027
-1	0.006567807264325657
0	0.0031687442501917578
1	0.0015837401565044365
2	8.878858070283671e-4
3	5.685512648286229e-4
4	4.1760746573422524e-4
5	3.161828861496292e-4
6	2.517752892338824e-4
7	1.9938103492143298e-4
8	1.5796526925865797e-4
9	1.2404574817630488e-4
10	1.0182571516222238e-4
11	7.969338821274113e-5
12	6.30541315044232e-5
13	5.086796593079141e-5
14	3.961327361610361e-5
15	3.149543159754004e-5
16	2.497931989573427e-5
17	1.9860076434847614e-5
18	1.5892826145351978e-5
19	1.2648577718625629e-5
20	1.0018283553233019e-5
