-20	43.71694583102061
-19	33.53641240213588
-18	26.076665212048514
-17	20.02263742900484
-16	15.364218608685851
-15	11.500620662774034
-14	8.730759635699659
-13	6.431195048883179
-12	4.7689555539832185
-11	3.475532565372575
-10	2.5149912930386384
-9	1.8155431866369243
-8	1.29530273287695
-7	0.9093414391960843
-6	0.6424297652907025
-5	0.44954390008530193
-4	0.30794104122518395
-3	0.20803387308358565
-2	0.14105691116946165
-1	0.09602130762015296
0	0.0651586196487415
1	0.044228679805798934
2	0.03169723153755892
3	0.021515078940878556
4	0.015938146796649056
5	0.011126263532584542
6	0.008184211663685157
7	0.005450282315817629
8	0.0034217882289943567
9	0.0022227457854057824
10	0.0014207489308233172
11	8.982282018668531e-4
12	6.36442058453227e-4
13	4.4412298109260123e-4
14	3.427174965176501e-4
15	2.575655734368587e-4
16	1.9463290078243118e-4
17	1.6112186434878164e-4
18	1.2553098316753312e-4
19	9.951404836194277e-5
20	7.742093559565573e-5
