-20	0.34028293172933793
-19	0.2787227284816432
-18	0.21785744313491678
-17	0.1748933648319624
-16	0.14910924647007368
-15	0.11828147664064918
-14	0.09217542179705762
-13	0.07640381083337908
-12	0.05945022977242568
-11	0.049443337971167234
-10	0.039313016740481134
-9	0.030624811375687972
-8	0.02388546947409405
-7	0.019919403746985424
-6	0.014953251056214924
-5	0.01246008098201942
-4	0.009964866436979298
-3	0.007798628894812971
-2	0.005998022072861251
-1	0.004816482398034038
0	0.0038445231582065766
1	0.003162034010109232
2	0.0024021798044532375
3	0.001912188068611927
4	0.0015283026080784026
5	0.0012024877009488625
6	9.923184540072745e-4
7	7.724420978544976e-4
8	5.974718766374799e-4
9	4.92457480222159e-4
10	3.788363908610397e-4
11	3.093167139202261e-4
12	2.488228025849498e-4
13	1.992046018776718e-4
14	1.5595206690718758e-4
15	1.2388923269995096e-4
16	9.673968352465883e-5
17	7.868621539564725e-5
18	6.213184042616142e-5
19	4.9088521565803345e-5
20	3.91921768226555e-5
