-20	25.43379966580371
-19	20.374238810164147
-18	15.70313597046934
-17	12.507758972861739
-16	9.910070749671501
-15	8.028085689014642
-14	6.1438210660526895
-13	4.976976911779229
-12	3.9700156565631404
-11	3.1715300652090623
-10	2.4395777437412103
-9	2.037629655563723
-8	1.5805962771355542
-7	1.2419618503515046
-6	0.9930506395425153
-5	0.7896722931205841
-4	0.6436634096615939
-3	0.5000827502852038
-2	0.3987495702054966
-1	0.31383820816333363
0	0.24672173733337754
1	0.1930856766268096
2	0.15710133261973036
3	0.12382462088925965
4	0.09889267142618029
5	0.07872000324245043
6	0.06247332776574558
7	0.050134228923721574
8	0.039685896110014406
9	0.03154276644953104
10	0.0248287968477812
11	0.020100355810389107
12	0.015803186432121034
13	0.012917788154308456
14	0.010043577921616467
15	0.007882119674953059
16	0.006328677546522859
17	0.0050242831495111336
18	0.003939384501526378
19	0.003080575051491454
20	0.002505595510052587
