-20	20.464873022851275
-19	15.463254333911848
-18	11.633199523155355
-17	8.678689756672314
-16	6.495163426819352
-15	4.711559733145332
-14	3.4332533578311843
-13	2.4588930562571556
-12	1.7386156787205127
-11	1.2040275135898622
-10	0.8364118103681396
-9	0.5650120436155979
-8	0.3661265214003499
-7	0.2430051172604335
-6	0.15723348540034796
-5	0.10134286104680941
-4	0.06474838046158532
-3	0.041456255239972845
-2	0.02825102883480867
-1	0.021191028701727514
0	0.015056886673223033
1	0.011342323004848652
2	0.00916762281904066
3	0.007345919997603491
4	0.006020913938259145
5	0.0048489063635392465
6	0.0038937017346855314
7	0.0031388406310406316
8	0.002410389149633012
9	0.002046715813543498
10	0.0015524891504312855
11	0.0012606899006178233
12	9.679953265606962e-4
13	7.536125151549586e-4
14	6.332560267738406e-4
15	4.926387870209485e-4
16	3.828090979466698e-4
17	2.9811957968435603e-4
18	2.459607689453761e-4
19	1.9255827286542373e-4
20	1.567504678314257e-4
