-20	1.9826878574998794
-19	1.9070426254766986
-18	1.8135555662280451
-17	1.5838930758867191
-16	1.4244369700449893
-15	1.3295128029291572
-14	1.1391237234679172
-13	0.9000052014529023
-12	0.7820628705742304
-11	0.6490429119943502
-10	0.49447832434687644
-9	0.39384652229926903
-8	0.32934453608933323
-7	0.24835158066610583
-6	0.1835522478151181
-5	0.14270309708484416
-4	0.11196043867850046
-3	0.08472467770338078
-2	0.06573136588074217
-1	0.04921387994899747
0	0.03773536217569208
1	0.02795998594088539
2	0.02084256139477812
3	0.014342782950533919
4	0.0104881264948705
5	0.007194705181063378
6	0.0053245177573914395
7	0.0036435889558349517
8	0.0027627690576286098
9	0.0020867882408210957
10	0.0015922943393963244
11	0.001191442423336602
12	9.743261343028418e-4
13	7.888474409818688e-4
14	6.197789323041847e-4
15	4.885095282078786e-4
16	3.9185641766838626e-4
17	3.120875628413746e-4
18	2.356658065513273e-4
19	1.973443124650262e-4
20	1.5513588653122548e-4
