-20	64.23865332738342
-19	50.93966445493611
-18	40.582437041944125
-17	32.234537634042695
-16	25.468663117910815
-15	20.316353776906755
-14	16.137516007249125
-13	12.571174786390703
-12	9.993609926370599
-11	7.886551395142811
-10	6.314168549936968
-9	4.984459952565285
-8	3.7893105028545877
-7	3.00990340347189
-6	2.376849040905397
-5	1.878780558453581
-4	1.4540514601460524
-3	1.1296782744734502
-2	0.8633774085032051
-1	0.6598028380927633
0	0.49405630274046436
1	0.3529984498510391
2	0.254810108311827
3	0.18292723140892753
4	0.1180195703281446
5	0.06948605577033208
6	0.035921512890555125
7	0.019193819415291823
8	0.01235968447475205
9	0.00853550984366296
10	0.006700859045090819
11	0.004948227786422683
12	0.0039300332432880255
13	0.00305028424232387
14	0.002501127689294207
15	0.001952107277056848
16	0.0015553918793190886
17	0.001258617919009953
18	9.93436224989799e-4
19	7.903154918212309e-4
20	6.157950062189598e-4
