-20	12.859650292624844
-19	10.01005639301026
-18	7.607065571121308
-17	5.927530964583373
-16	4.66936006064264
-15	3.535878950127329
-14	2.719704754262204
-13	2.067423982011038
-12	1.6732594625387955
-11	1.2046570262501208
-10	0.9753375786842318
-9	0.730176754392128
-8	0.5986392229729361
-7	0.4528407449008915
-6	0.3560445018601182
-5	0.2773534889380731
-4	0.22918305722762156
-3	0.18579060536739442
-2	0.14926662370124583
-1	0.12153653795788139
0	0.09890264782410071
1	0.08297459526477638
2	0.06591196899623614
3	0.0547720310534008
4	0.044856545482886576
5	0.035024374971720236
6	0.02909849442529716
7	0.02412809641406227
8	0.01862079383692513
9	0.01573376775242269
10	0.012101466472407221
11	0.009564889706790395
12	0.007562876773976869
13	0.0061203633642163
14	0.004823178276177001
15	0.004037278760243127
16	0.003165517697003058
17	0.002423147922521763
18	0.0019736055671354725
19	0.0015677314359445458
20	0.0012059778962949762
