-20	56.13570199366334
-19	43.37426602494842
-18	33.3337594942967
-17	25.502544932564863
-16	19.42328612159245
-15	14.709144896027835
-14	11.085608925677672
-13	8.29402764333933
-12	6.170475732294362
-11	4.530216292356059
-10	3.307460879549831
-9	2.3825530094736806
-8	1.6985547834338388
-7	1.1955184940643384
-6	0.8248064308570189
-5	0.5619786714534449
-4	0.3761320032759686
-3	0.24560435019120946
-2	0.15840694014205742
-1	0.09791917344633894
0	0.05986842722253151
1	0.03552412488160793
2	0.020574281537101523
3	0.011566972273574708
4	0.0063676573891792675
5	0.0033929680796722685
6	0.0017043193573656101
7	8.659686368545852e-4
8	4.309348565797832e-4
9	2.2117658986925304e-4
10	1.3430546408714397e-4
11	8.56854215980823e-5
12	6.248262135583659e-5
13	4.9459632968237925e-5
14	3.796696256215406e-5
15	3.0373909137223954e-5
16	2.444150981061389e-5
17	1.944349425482685e-5
18	1.595270795891448e-5
19	1.1999251848179852e-5
20	9.796676548791193e-6
