-20	26.652648017535412
-19	20.884840275357796
-18	16.40102936919881
-17	12.804469811534924
-16	9.85089877650344
-15	7.7126043000236795
-14	6.267997920410177
-13	4.56799123873685
-12	3.6096507631501162
-11	2.7197032709144344
-10	2.1163877771791357
-9	1.621108375864977
-8	1.2821844083767153
-7	1.0023015843750958
-6	0.7883695948019644
-5	0.6036269311976978
-4	0.47917280172078053
-3	0.3813417752941527
-2	0.29804254860661733
-1	0.25424670315826703
0	0.19886512121854202
1	0.16192322886385788
2	0.13481165634556616
3	0.10783484922788182
4	0.0909537554049235
5	0.07083675448050603
6	0.059596688528606424
7	0.0471327851471176
8	0.03782598327098494
9	0.029003093998740202
10	0.024604780253694995
11	0.019415786316318868
12	0.015653950034644204
13	0.012260358129976971
14	0.010008602508407289
15	0.007802473883741896
16	0.006039866776410024
17	0.005117259278643677
18	0.003820083097377815
19	0.00315023934352889
20	0.0024406001205331098
