-20	1.5480750622691755
-19	1.391900381248494
-18	1.3098893552926516
-17	1.1225780083224515
-16	0.9109986439464132
-15	0.8120167068925591
-14	0.6472556829601178
-13	0.5137060229849785
-12	0.398197414433507
-11	0.2947069879584926
-10	0.2511510541623138
-9	0.1858785867770666
-8	0.14616827578108266
-7	0.11840569164104506
-6	0.09961342989604217
-5	0.08003128799544376
-4	0.06961186952707547
-3	0.058789170019089704
-2	0.05004791452030086
-1	0.04588874276032341
0	0.03702010790065924
1	0.03270120607097902
2	0.028679097675229446
3	0.023121157394301275
4	0.016547567469631454
5	0.010147720797803138
6	0.005156042835216322
7	0.0021094065730860095
8	8.816393049764613e-4
9	4.126516662089552e-4
10	1.86483261000354e-4
11	1.0052739155316184e-4
12	5.679662934148872e-5
13	3.426873090468691e-5
14	2.3030807182634543e-5
15	1.654674534239177e-5
16	1.2641416818615752e-5
17	9.698653009969267e-6
18	7.801073926697075e-6
19	5.867489348018571e-6
20	4.8673164820165225e-6
