-20	47.16234450611333
-19	36.7351645978133
-18	29.052542609216296
-17	22.397025228536183
-16	17.2968688284257
-15	13.443236165068587
-14	10.14909082581206
-13	7.640186821028464
-12	5.701320382333876
-11	4.250958087140149
-10	3.123532495817637
-9	2.243845997029005
-8	1.6275455861634476
-7	1.1488598773713516
-6	0.8003592404787453
-5	0.5567873709618707
-4	0.38524853784907626
-3	0.27201933708491477
-2	0.18521505220052115
-1	0.13156083839318952
0	0.09072871807923594
1	0.065264328969117
2	0.048711364664378747
3	0.03562810981284021
4	0.026979717143650054
5	0.019541551250106193
6	0.01505484912576469
7	0.010763002020698473
8	0.006858169110340378
9	0.00459778124844768
10	0.0028543930176294576
11	0.0019573965573015484
12	0.0012616350865275402
13	9.108380749981224e-4
14	6.688118069097316e-4
15	5.209342293219928e-4
16	4.0067029920295625e-4
17	3.071528202628083e-4
18	2.5383876817625095e-4
19	1.9372890470614347e-4
20	1.5648231701552185e-4
