-20	76.61278474402708
-19	60.60954429189569
-18	48.31264994902232
-17	38.61758563066632
-16	30.534783227776025
-15	24.222715387424333
-14	19.353162782491527
-13	15.3898036205601
-12	12.219298822730236
-11	9.810605634083643
-10	7.796949729190547
-9	6.280807341893814
-8	4.982887893135707
-7	3.9406930674860936
-6	3.2159871628479317
-5	2.5807832220110427
-4	2.074843893475429
-3	1.6553405287865142
-2	1.3186856294791771
-1	1.0535401481265998
0	0.8311375546814587
1	0.649165495116626
2	0.5216063335511422
3	0.3871061715009309
4	0.3118909719506557
5	0.25119132455598325
6	0.1874507359546936
7	0.1538609061470397
8	0.11978925640893703
9	0.09053926774211854
10	0.0625077491132103
11	0.03966007398438591
12	0.022360288754865704
13	0.011944671549384693
14	0.005276455674199659
15	0.002550995016140412
16	0.0013851893942479414
17	6.272915503282866e-4
18	4.905754999942689e-4
19	3.8984945768683987e-4
20	3.132611542026552e-4
