-20.0	38085.55928352629
-19.5	24143.109734324815
-19.0	15313.096125393762
-18.5	9718.42693181788
-18.0	6171.92902623007
-17.5	3922.5586460218974
-17.0	2495.03175553571
-16.5	1588.4680365693891
-16.0	1012.3194987945537
-15.5	645.8591643595187
-15.0	412.5599811100245
-14.5	263.8864105570066
-14.0	169.03745441551706
-13.5	108.45359327065948
-13.0	69.70482882781593
-12.5	44.885515271767176
-12.0	28.963035265974042
-11.5	18.730523467585606
-11.0	12.142284334368282
-10.5	7.891782350512734
-10.0	5.1434699216735025
-9.5	3.3622358556858774
-9.0	2.2048415633110787
-8.5	1.4507472776049508
-8.0	0.9579887790784264
-7.5	0.6349994334461229
-7.0	0.42259179770568095
-6.5	0.28241938572857245
-6.0	0.18957661996832034
-5.5	0.1278448266790437
-5.0	0.08663256252704435
-4.5	0.05900253896189584
-4.0	0.04039656303766279
-3.5	0.027809687449707916
-3.0	0.019254014633166415
-2.5	0.013409664751010688
-2.0	0.009396954319893033
-1.5	0.006627261510105372
-1.0	0.004705103152468171
-0.5	0.003363632060238796
0.0	0.0024220064245120735
0.5	0.0017571164581314538
1.0	0.0012847650570775243
1.5	9.470942254367317e-4
2.0	7.041518428755661e-4
2.5	5.28212809860851e-4
3.0	3.9993926674583303e-4
3.5	3.057733841113182e-4
4.0	2.361594451970119e-4
4.5	1.8432610859484352e-4
5.0	1.4544860852846086e-4
5.5	1.1606971630403631e-4
6.0	9.369768397118392e-5
6.5	7.652576676313049e-5
7.0	6.323564704250372e-5
7.5	5.285904390344773e-5
8.0	4.467989662202673e-5
8.5	3.816501877306057e-5
9.0	3.2914866291511037e-5
9.5	2.862859591505476e-5
10.0	2.5079276827442464e-5
10.5	2.209622063431424e-5
11.0	1.9552130189464632e-5
11.5	1.7353331316360125e-5
12.0	1.5431888707073642e-5
12.5	1.3738955893035558e-5
13.0	1.2239180516543075e-5
13.5	1.0906245539701747e-5
14.0	9.719626457854629e-6
14.5	8.662479733894058e-6
15.0	7.720411799603364e-6
15.5	6.880818712356579e-6
16.0	6.132535342566881e-6
16.5	5.465627788813467e-6
17.0	4.871245886718038e-6
17.5	4.341502465940351e-6
18.0	3.869368145657779e-6
18.5	3.4485779898016637e-6
19.0	3.0735483686381063e-6
19.5	2.7393028669481566e-6
20.0	2.4414062500000017e-6
