-20	0.9321699980070827
-19	0.9279871152135544
-18	0.9285585235905939
-17	0.9260316453833745
-16	0.9230554408865924
-15	0.9196655767926127
-14	0.9147762225766936
-13	0.9089887174792982
-12	0.9029987676053415
-11	0.8932238493349998
-10	0.8772349950020258
-9	0.8625555648545767
-8	0.8375227285221736
-7	0.8096612247232245
-6	0.7731369577843328
-5	0.7283786572852199
-4	0.6762795527356004
-3	0.6157552698878173
-2	0.5478843768909386
-1	0.47545664704533375
0	0.39861951892942116
1	0.32369247147500585
2	0.2524694962063211
3	0.18839205462249295
4	0.13472400818958494
5	0.09203654241917855
6	0.061010136628012586
7	0.03973568024955848
8	0.02536977123423734
9	0.01600983628621401
10	0.010186723435791623
11	0.0064534887942325
12	0.004099628883292673
13	0.0026087490233032257
14	0.0016627235280899033
15	0.0010612322287573233
16	6.801185763477209e-4
17	4.3660483054933856e-4
18	2.8191500107074743e-4
19	1.828112404872696e-4
20	1.1973879746693541e-4
