-20	0.8936493381919695
-19	0.8920345700721706
-18	0.8930256812678515
-17	0.8911546412056321
-16	0.8899064552346708
-15	0.8886493487532396
-14	0.8885262477258062
-13	0.8837754935053135
-12	0.8813246931804857
-11	0.8744440017711614
-10	0.864297785876492
-9	0.8512532607484874
-8	0.8301491337565738
-7	0.8050747022245384
-6	0.7677623485345657
-5	0.7254341580151047
-4	0.6740008464730795
-3	0.6126903088776267
-2	0.5457927361751
-1	0.47450686802078834
0	0.3971583890718217
1	0.3221447927622794
2	0.2501972238658336
3	0.18758378633553308
4	0.1339283427349941
5	0.09183917860162345
6	0.0607028428147395
7	0.03925699141581776
8	0.025070845594376907
9	0.01581212974127833
10	0.010005426168204044
11	0.006318936998146461
12	0.003984858762660402
13	0.0025172544074155336
14	0.0015889433667672767
15	0.001000747157891664
16	6.309455999364344e-4
17	3.986614816750054e-4
18	2.5055073821435216e-4
19	1.5821566724231762e-4
20	1.0018194386129295e-4
