-20	0.2067377458050144
-19	0.20498135353568664
-18	0.20483504245873188
-17	0.2043156575933821
-16	0.20606635859546318
-15	0.2044863442911848
-14	0.20435106828186778
-13	0.20520933737609467
-12	0.20311815867449348
-11	0.1998140556018829
-10	0.20276330186696198
-9	0.19529348247400335
-8	0.1919061382368935
-7	0.18450193283739377
-6	0.17262365851942718
-5	0.1567779524300898
-4	0.13376889007530168
-3	0.10064867941717308
-2	0.06410661601200174
-1	0.03146244856496908
0	0.012041078582326647
1	0.005124209173832359
2	0.002421284930324584
3	0.0012201050736690088
4	6.665620424531508e-4
5	3.8590720451000957e-4
6	2.4044560018259608e-4
7	1.584669340602065e-4
8	1.0836300172207185e-4
9	7.733568062473274e-5
10	5.775828316941845e-5
11	4.2524260954176075e-5
12	3.34499324049106e-5
13	2.6101395275880284e-5
14	2.066663406602788e-5
15	1.6136544452311204e-5
16	1.3019655708864513e-5
17	1.0336076822397665e-5
18	8.076087399280122e-6
19	6.3419101441951206e-6
20	4.978077680629412e-6
