-20	0.05099239822257648
-19	0.05098386481615034
-18	0.05179160142673945
-17	0.05148711023368472
-16	0.05239646222297021
-15	0.05193070998881199
-14	0.05154107231195673
-13	0.051536987224127966
-12	0.05147565841220742
-11	0.050026852245967236
-10	0.0522450326760301
-9	0.05126189303768895
-8	0.04969671456172314
-7	0.05113211325394581
-6	0.05081533805508571
-5	0.05061817689550921
-4	0.049516354352980595
-3	0.05195698305437383
-2	0.051119340632030504
-1	0.05426221608796661
0	0.05191881713504119
1	0.051099273982741916
2	0.0498076146434853
3	0.052034634940292535
4	0.05082822843131857
5	0.04817978213912066
6	0.046076414111860454
7	0.04294994946101145
8	0.033553714755150246
9	0.029592070773706028
10	0.020418715470131774
11	0.013894332858916473
12	0.007997988316544627
13	0.004919501904874703
14	0.002891328441125504
15	0.001873912919948037
16	0.0015332325823130485
17	0.0010288319071472983
18	7.919243318133702e-4
19	6.487621499419148e-4
20	5.107053344882207e-4
