-20	0.7195589822866626
-19	0.7176195933465699
-18	0.7171026868791763
-17	0.7178290847936999
-16	0.717355312841948
-15	0.7145820143679639
-14	0.7132682208697764
-13	0.7167422759335874
-12	0.715504026007511
-11	0.708826142609343
-10	0.7107574275215336
-9	0.7034005921269875
-8	0.6944909355311978
-7	0.684910359512306
-6	0.6649228487076425
-5	0.6444393501912358
-4	0.6134025266903411
-3	0.5721211868932023
-2	0.5184959777486083
-1	0.45270393025913735
0	0.3859578668894011
1	0.3153419217216851
2	0.2478135762284372
3	0.18530757501708686
4	0.13424293895261105
5	0.09202049407098817
6	0.06039309886627893
7	0.03985335347640792
8	0.024995036174095712
9	0.015904586155283933
10	0.010046460290986442
11	0.006335435786838583
12	0.004026513356779379
13	0.002476833952941109
14	0.0015786320499084122
15	0.0010073323166962594
16	6.382627460781806e-4
17	3.9596168539806265e-4
18	2.505927450832095e-4
19	1.5926155039345426e-4
20	1.0007897279949009e-4
