-20	0.6921973786130108
-19	0.6632710389058268
-18	0.6248025281268001
-17	0.553233540052705
-16	0.5208035564354412
-15	0.42350040145940976
-14	0.34455325444029755
-13	0.26247683636006763
-12	0.1930569073991179
-11	0.12277304622456801
-10	0.07290951625568366
-9	0.03897694474758149
-8	0.02369446045874209
-7	0.015206511310968921
-6	0.009564895002650594
-5	0.006355405761047402
-4	0.0041020871422335755
-3	0.00269032949222681
-2	0.001822335306498124
-1	0.0012314091249978963
0	8.240389967984914e-4
1	5.925505599655578e-4
2	4.4527935394035085e-4
3	3.214960943289854e-4
4	2.3340515661477733e-4
5	1.8335017572003256e-4
6	1.3733299264568756e-4
7	1.0530171386087666e-4
8	8.368921630462393e-5
9	6.537724657175528e-5
10	5.2554689211603254e-5
11	4.060486207064383e-5
12	3.11786302121377e-5
13	2.5034036326476344e-5
14	2.0562402464607933e-5
15	1.5901276407226628e-5
16	1.2630396402686937e-5
17	9.588985620310074e-6
18	7.808731188515656e-6
19	6.1567272181514555e-6
20	4.894947600851392e-6
