-20	0.9894064288742542
-19	0.9871745328084214
-18	0.9838097732363101
-17	0.9798937183681166
-16	0.9750896455330924
-15	0.9687099551841325
-14	0.9610063252244622
-13	0.9511982863952478
-12	0.9389911994811492
-11	0.9238217549606488
-10	0.9055497755537945
-9	0.8826539448285785
-8	0.8551280963611532
-7	0.8220826703672429
-6	0.7818376939613523
-5	0.7348552153239296
-4	0.6804267632885069
-3	0.6185977598508946
-2	0.5500552658033391
-1	0.47628498476596587
0	0.39959662537110363
1	0.32357704348139193
2	0.25159642480892414
3	0.1875602614330867
4	0.13385382260120818
5	0.09173129641230188
6	0.06076724690671347
7	0.039276020205059
8	0.02502492396698348
9	0.01584027476657124
10	0.009999877180536356
11	0.006309340172316305
12	0.003982610226469703
13	0.0025113184540554922
14	0.001584998351798681
15	9.995287559784838e-4
16	6.309359542143976e-4
17	3.983099398878787e-4
18	2.511980827905696e-4
19	1.5854816638914508e-4
20	1.0006749567021154e-4
