-20	0.9754953622837577
-19	0.9752882231556735
-18	0.9752315521610851
-17	0.9751891921190385
-16	0.9753039800287432
-15	0.9754034627210368
-14	0.975215735628182
-13	0.9751324277330267
-12	0.975201199420915
-11	0.9752817167320269
-10	0.9748451357134873
-9	0.9752557783244209
-8	0.9752414326884962
-7	0.9749355227224032
-6	0.975144620029972
-5	0.9754442363739743
-4	0.9749428732961327
-3	0.9750945194056547
-2	0.9752543447643247
-1	0.9751970199001373
0	0.9750014620638856
1	0.9750956391896856
2	0.9745233027102773
3	0.9737045086566688
4	0.9714607935087485
5	0.9659652619847362
6	0.9517691634181706
7	0.9226677036822092
8	0.8781998753575064
9	0.8199273682163616
10	0.7521083048338217
11	0.6828020095187337
12	0.6196099557079355
13	0.5690706410316442
14	0.5332761687749685
15	0.5116666959713259
16	0.5018269661670257
17	0.5004282205223327
18	0.5046792294596466
19	0.5121458853182637
20	0.5209417808708432
