-20	0.05152680334515922
-19	0.05044473888896119
-18	0.05102566207119589
-17	0.05185725219556107
-16	0.051037918683038336
-15	0.05258187181683532
-14	0.05114902230087578
-13	0.05105966845794535
-12	0.05115638878292543
-11	0.05159235733878778
-10	0.05231786843151033
-9	0.05140677516324531
-8	0.0515857674964102
-7	0.0506816357499054
-6	0.051798835717411576
-5	0.05047732743884636
-4	0.051319488045126774
-3	0.05151855019840528
-2	0.05232608651147495
-1	0.05100541360557754
0	0.05227931963161937
1	0.051265335341174126
2	0.05092879307127924
3	0.04961646839113516
4	0.04934306387108426
5	0.045712636139822356
6	0.04236684306723954
7	0.03523269362241272
8	0.026542546685258305
9	0.016534929391881288
10	0.008836068141879549
11	0.004149900847836539
12	0.0020840505182380367
13	0.0011671839232701411
14	8.316443555127586e-4
15	5.907852831884571e-4
16	4.40921257533246e-4
17	3.41930664357034e-4
18	2.6356996858644836e-4
19	2.0119457672974358e-4
20	1.5717806053065553e-4
