-20	0.8309356113795069
-19	0.8324252756389645
-18	0.8326599390947369
-17	0.8314782470203438
-16	0.8325900781142642
-15	0.8321200315149253
-14	0.832930052998512
-13	0.8334165080126824
-12	0.8327461930407238
-11	0.8330622732190108
-10	0.83347406330768
-9	0.8313391530302362
-8	0.8329220394764326
-7	0.8326215423293238
-6	0.8326969516450661
-5	0.8310775077136449
-4	0.831132272109306
-3	0.8304166564842375
-2	0.827911420313859
-1	0.8214115403198675
0	0.8078046161565767
1	0.7846445807725546
2	0.7429505327939875
3	0.6810070234325023
4	0.598488917485987
5	0.5058925764324044
6	0.4083807079477868
7	0.31518783488252317
8	0.2324065816043999
9	0.16597705937453033
10	0.11547936922019891
11	0.07796362258784266
12	0.052136951531390766
13	0.034263511145105216
14	0.022384756536501436
15	0.014500121747092217
16	0.009357766547086206
17	0.005988374587742051
18	0.003838963680209836
19	0.0024412104852317624
20	0.0015531173625764187
