-20	0.9726950034797482
-19	0.9721761835643085
-18	0.9728318146968586
-17	0.9723144401227511
-16	0.9723266464747454
-15	0.9723119475854161
-14	0.9722008112685997
-13	0.9724356483474589
-12	0.9725049825768487
-11	0.9726219157358883
-10	0.9722887528590347
-9	0.9728581468977774
-8	0.9724417026548537
-7	0.9726119374660896
-6	0.9725353489051418
-5	0.9720943556044487
-4	0.9723632049309461
-3	0.9721591359592858
-2	0.9724167072029677
-1	0.972349654691692
0	0.9719155339781239
1	0.9724536745444944
2	0.9721204384879495
3	0.970642545132353
4	0.9680691574029999
5	0.9613008443160656
6	0.9482157302221245
7	0.9212193561466645
8	0.8775641378220503
9	0.8195290432067311
10	0.7527141433047262
11	0.6829128127462973
12	0.619548248993946
13	0.5689641231789283
14	0.5332296627029651
15	0.5115260769542822
16	0.5018612376684708
17	0.5004656694589256
18	0.5046929971687383
19	0.5121924370430474
20	0.5209370567950774
