-20	0.5352623908626274
-19	0.5353505089229682
-18	0.5371695971215549
-17	0.5361902711887373
-16	0.5322783782030568
-15	0.5353652890989161
-14	0.5349835130217943
-13	0.5366017393948043
-12	0.5342983794755601
-11	0.5311461209823545
-10	0.5330658510734019
-9	0.5291601539188946
-8	0.5268713958401033
-7	0.5212502590975673
-6	0.514191877337861
-5	0.5012879667631485
-4	0.4845490433538075
-3	0.463747647181685
-2	0.4324324024115838
-1	0.3942819473582653
0	0.3471715739494693
1	0.2895177284756186
2	0.23283178968173948
3	0.1796797099000193
4	0.13152848595578143
5	0.09035078876900499
6	0.06010922874790493
7	0.03965712498930368
8	0.024987895737018366
9	0.016117561902566187
10	0.009936482630268325
11	0.006322399665481534
12	0.003961122834667834
13	0.0024720655902086765
14	0.0015730589270659336
15	9.871075942589438e-4
16	6.228805557813692e-4
17	3.930902383833476e-4
18	2.4555437247948686e-4
19	1.5785424400643636e-4
20	9.868395103547347e-5
