-20	0.9452861055412144
-19	0.9450734695689441
-18	0.946242617211505
-17	0.9449233784356736
-16	0.94524391499087
-15	0.9457640079065217
-14	0.9454412697335356
-13	0.945660487813029
-12	0.9455049010682284
-11	0.9458743137898918
-10	0.9453524891579033
-9	0.9463482908670163
-8	0.9458636692935121
-7	0.9452979948570004
-6	0.9455535721940154
-5	0.9452996498714851
-4	0.9454080422587112
-3	0.9453204661848388
-2	0.9455489758324187
-1	0.9453768754347004
0	0.9452354755119897
1	0.9454166948506653
2	0.9458755615991937
3	0.9453726777256989
4	0.943218053793939
5	0.9375280611509821
6	0.9226987835365628
7	0.8865443772194163
8	0.823075408272405
9	0.7360824695595239
10	0.6325550834549093
11	0.518948864922639
12	0.40764526012924646
13	0.3082837690834183
14	0.22557086985369723
15	0.15979810877815467
16	0.11126964866711132
17	0.07571033382048117
18	0.05078804332905016
19	0.03361771619053125
20	0.02203249389082227
