-20	0.898863828375913
-19	0.8998870912709653
-18	0.9001097894724609
-17	0.899974632213439
-16	0.8997677875313901
-15	0.9008820563543819
-14	0.8988823769258308
-13	0.8987331649787443
-12	0.8998570859398296
-11	0.8991932047809108
-10	0.8998650289336574
-9	0.8982220578817857
-8	0.8986742671066474
-7	0.899239941797442
-6	0.9000237790400167
-5	0.8997029185675223
-4	0.8999496664653096
-3	0.8990426482711901
-2	0.8976787224062531
-1	0.8998544934414313
0	0.898305985863528
1	0.8995310089446653
2	0.9006769319474688
3	0.8986894060579218
4	0.8974135669681649
5	0.8951842324422862
6	0.8853298166900709
7	0.8591597035399245
8	0.8091695192820707
9	0.7289385084909888
10	0.6279214307275239
11	0.5155318782163621
12	0.40670522488561034
13	0.30780432849713024
14	0.22433675902554728
15	0.15888633053906787
16	0.11138783056615582
17	0.07565416938928983
18	0.05071349551145629
19	0.03351712869764886
20	0.021972249412876108
