-20	1.1194881754171098
-19	1.1185972190826632
-18	1.1182569849901232
-17	1.118799841750443
-16	1.118819877997798
-15	1.118416796649894
-14	1.1176274383402298
-13	1.1188838962801717
-12	1.1185498259106883
-11	1.1184674995305726
-10	1.118877401820346
-9	1.1171894490311065
-8	1.1182304698075185
-7	1.1182684954726472
-6	1.1166794674592713
-5	1.1170921525448234
-4	1.1157602398359916
-3	1.115218294152936
-2	1.1140339208840218
-1	1.1145804232145822
0	1.1181966274610056
1	1.125896560558165
2	1.1454300714864882
3	1.1713199287219729
4	1.2083589526441358
5	1.2511816455136515
6	1.293901872017004
7	1.3445920466510175
8	1.3910270342840136
9	1.447941427936591
10	1.5096357255394635
11	1.5689578986709023
12	1.621660529278576
13	1.6772573929178016
14	1.7294038669793925
15	1.7773775602972848
16	1.8181711224918191
17	1.8528579215359682
18	1.8813474783209236
19	1.9047688130891987
20	1.9234427651587052
