-20	0.7190982550375952
-19	0.7185502302436324
-18	0.7172574120658067
-17	0.7174813747805034
-16	0.7184681714490259
-15	0.7194651384226963
-14	0.7215888535360075
-13	0.7165024858426052
-12	0.7193651768761111
-11	0.7165662667527475
-10	0.7130152309860202
-9	0.7153340200771217
-8	0.7196804346333938
-7	0.7177888946714577
-6	0.7167604077987576
-5	0.7164024017915043
-4	0.7176507447818558
-3	0.7131385784928109
-2	0.7149390924555347
-1	0.71201013297143
0	0.705614386153412
1	0.6924613692080256
2	0.6686342630507934
3	0.6262727540804662
4	0.5655916592084642
5	0.485289889460591
6	0.3936067993767686
7	0.3072494205226867
8	0.22896378782864762
9	0.16395466297208833
10	0.11335437928174606
11	0.07717970419773539
12	0.05169065305456323
13	0.03431454783296547
14	0.022284895194225194
15	0.014424529127232947
16	0.00926479525730773
17	0.00598752357457221
18	0.003773792797008372
19	0.002439138634107459
20	0.0015427314126926956
