-20	0.977046929387529
-19	0.9754227001328182
-18	0.9736643876022945
-17	0.970609724655668
-16	0.9670088174411913
-15	0.9604780893411651
-14	0.9544657825863228
-13	0.9438168673715002
-12	0.9336462179554601
-11	0.9192870483413781
-10	0.899982200127291
-9	0.8779775934824956
-8	0.8507178201663624
-7	0.8195970119569869
-6	0.7792932463992821
-5	0.7326950528339358
-4	0.6790135291754416
-3	0.617858610380543
-2	0.5496279448577935
-1	0.4759429353083285
0	0.3996411236280069
1	0.32333975858188724
2	0.25198110136926155
3	0.18751281104135092
4	0.13384134525185762
5	0.09186570854492249
6	0.06085721927373252
7	0.039347703241459184
8	0.025125463805722753
9	0.015901108209040556
10	0.010060413573354791
11	0.006354588935041224
12	0.004015757800676331
13	0.0025325400720824544
14	0.0016021245637688598
15	0.0010150196485320259
16	6.428341771351662e-4
17	4.07848822039541e-4
18	2.586974381321379e-4
19	1.6452350459532863e-4
20	1.047619723541318e-4
