-20	0.9943390415761527
-19	0.9943272352692717
-18	0.9939852074661565
-17	0.9944412015562809
-16	0.9945048164543792
-15	0.9943556051467654
-14	0.9947023252373586
-13	0.9945091716846804
-12	0.9943082188262561
-11	0.9942857505332083
-10	0.9942813664094916
-9	0.99411027147558
-8	0.9931919377466005
-7	0.9919947751994244
-6	0.9893534679184515
-5	0.9852155783890747
-4	0.9767305946517357
-3	0.9652711504130536
-2	0.948660212792012
-1	0.9241159184780358
0	0.8893223914870432
1	0.8421607172044782
2	0.7807194357444338
3	0.703943458657142
4	0.6134808766850396
5	0.5141797234747669
6	0.41280410203915047
7	0.3175520360014642
8	0.2343301648112673
9	0.16706590531773743
10	0.11556978368227307
11	0.07834339369850321
12	0.05222402885002499
13	0.034376747965426106
14	0.022420553244815903
15	0.014524837506718248
16	0.009340481612759754
17	0.005993431451368368
18	0.0038313999070437484
19	0.0024405466006189648
20	0.0015523457573021829
