-20	0.6793782278025198
-19	0.6560438113295872
-18	0.6197507773117342
-17	0.5506516715081781
-16	0.5000279605606215
-15	0.43778615771391216
-14	0.35449301720133625
-13	0.2754616142585455
-12	0.20076141605867645
-11	0.12851401276470703
-10	0.07658095752669095
-9	0.042678588088351926
-8	0.025380441375358668
-7	0.015203142446333839
-6	0.009774067502677229
-5	0.006255511116244517
-4	0.004047779611606602
-3	0.002676588947829305
-2	0.0018243009378735785
-1	0.0012716881920409185
0	8.604971515229062e-4
1	6.095944473552928e-4
2	4.518170839498448e-4
3	3.246752142326101e-4
4	2.456267021117843e-4
5	1.8502547352777148e-4
6	1.400136761049907e-4
7	1.0691267699345539e-4
8	8.520206618519468e-5
9	6.649307107331407e-5
10	5.259427739968969e-5
11	4.1171989868354394e-5
12	3.1831635982391005e-5
13	2.5421506008932003e-5
14	2.0275223029171938e-5
15	1.6013158679034485e-5
16	1.2678890459604386e-5
17	1.0180744898148646e-5
18	7.944255036638933e-6
19	6.383533223100449e-6
20	5.102833742915381e-6
