-20	0.9448352456894427
-19	0.9446527898499684
-18	0.9448644175267984
-17	0.9450488749640923
-16	0.9448217131717047
-15	0.9450242443856934
-14	0.9452995150271074
-13	0.9449236157511952
-12	0.9446176613798644
-11	0.9449545746663321
-10	0.9451182910224574
-9	0.9449683418133688
-8	0.9455217166380829
-7	0.9449282374847153
-6	0.9443669580865688
-5	0.9435755939442675
-4	0.9416548795253853
-3	0.9371076061828313
-2	0.9278437501132366
-1	0.9108170604525447
0	0.8810109073934816
1	0.8370976221089839
2	0.7769357694308636
3	0.7018946482581838
4	0.6121767069929512
5	0.5134563617062716
6	0.4123982190628388
7	0.3172973679355064
8	0.23418626404512738
9	0.1668816091941584
10	0.11560941775951644
11	0.07833588851070036
12	0.05223381401184754
13	0.03438044101734375
14	0.022398384737179835
15	0.01450274642081644
16	0.009348218895283669
17	0.005991834667072133
18	0.0038290703367607017
19	0.002437868759677212
20	0.0015520703631353495
