-20	0.5370068411064954
-19	0.5362582789768734
-18	0.5365801669876249
-17	0.537629926575036
-16	0.5347101435042599
-15	0.5348875682037474
-14	0.5358472304589935
-13	0.5371029622038078
-12	0.5346253063261442
-11	0.5339760301942906
-10	0.5349805828721407
-9	0.5366070641981522
-8	0.5362418882279549
-7	0.5342696727130515
-6	0.5364890571837418
-5	0.5352129948254997
-4	0.5354570326124778
-3	0.5368725985419721
-2	0.5335097133083545
-1	0.5342998475726608
0	0.5312131426566723
1	0.5245991225469515
2	0.5107926366612466
3	0.4942613881221243
4	0.4587951221141514
5	0.4107662837981715
6	0.350848073052246
7	0.283777888069954
8	0.21784363542168636
9	0.15718899527725932
10	0.11118647685617564
11	0.07603771706672503
12	0.050915237686668925
13	0.033613110019892645
14	0.022153513430642313
15	0.014374738525525857
16	0.009255837654937187
17	0.005925711629862502
18	0.0037513275930406856
19	0.002409895309980076
20	0.0015380052023528804
