-20	0.05108329701408336
-19	0.05130266623292534
-18	0.0516682460064234
-17	0.051202619926983085
-16	0.05140442175984573
-15	0.05166283605273835
-14	0.05165979934110457
-13	0.0508977780379744
-12	0.05200288274506486
-11	0.050734374762799954
-10	0.05195001431286161
-9	0.05160618250463124
-8	0.05141523735841606
-7	0.05135501158065798
-6	0.05101860137301812
-5	0.050976442505762665
-4	0.05060060805592349
-3	0.05163616571273202
-2	0.05078907868546059
-1	0.05183612329553951
0	0.05113051054507359
1	0.050984295344128454
2	0.05046155381934324
3	0.04752444927188184
4	0.043978000506358014
5	0.03815685377687179
6	0.0275632266403031
7	0.015222478062439194
8	0.005624659524927969
9	0.0018214891128231535
10	7.531221525783964e-4
11	3.9098751878260474e-4
12	2.2040599882920914e-4
13	1.503145698126057e-4
14	1.0605973460050699e-4
15	7.50452828773516e-5
16	5.4257677435892836e-5
17	4.234114937340675e-5
18	3.221436774086228e-5
19	2.5217752032053898e-5
20	2.0153594356292083e-5
