-20	0.9453205963451344
-19	0.9455101996716803
-18	0.945150949607525
-17	0.9459001380086338
-16	0.9461108702328733
-15	0.9461927406037177
-14	0.9453732337878437
-13	0.9455152933147376
-12	0.9455275486607899
-11	0.9460340529289939
-10	0.9456392082556405
-9	0.9459412544020727
-8	0.9444526803032304
-7	0.9454446873774767
-6	0.9453983367043657
-5	0.9443933503808756
-4	0.9419173136591593
-3	0.9374336348806057
-2	0.9288705245483212
-1	0.9106736717817107
0	0.8807731796756625
1	0.8365987980934347
2	0.7777834044136686
3	0.7014626940739136
4	0.6120119255848545
5	0.5136532100507623
6	0.4121012056337865
7	0.3171395416111363
8	0.2339539538951744
9	0.1666692856712484
10	0.11549319874336275
11	0.07819524123994284
12	0.05204807907867208
13	0.03441112717793902
14	0.0224296408523394
15	0.01447596773360728
16	0.009350154589621852
17	0.0059861138360345
18	0.0038310451053472382
19	0.002442013499019174
20	0.001551707015121157
