-20	0.7691210050670637
-19	0.7709881622648004
-18	0.7644031596489482
-17	0.7076527829551627
-16	0.7451738470321437
-15	0.6953902956950472
-14	0.6651419613005146
-13	0.6306213820830446
-12	0.5575208145174654
-11	0.5412530014343986
-10	0.42943413970692773
-9	0.386014714352992
-8	0.2850803837438292
-7	0.20543942633946044
-6	0.14314083148280443
-5	0.08258072211386504
-4	0.05320487754834404
-3	0.030737349327722457
-2	0.019324902788860055
-1	0.013019371604415369
0	0.009061657340201217
1	0.00630680632402226
2	0.0043422791135418245
3	0.0032919465576484335
4	0.0025118257141567403
5	0.001833202571920839
6	0.0014308203154180267
7	0.0011364486521419144
8	8.503768487553825e-4
9	6.63181594038819e-4
10	4.856044323711385e-4
11	4.095006685053997e-4
12	3.1226521383367613e-4
13	2.571511659634563e-4
14	1.8904415199178673e-4
15	1.6038933594316886e-4
16	1.2963668421966083e-4
17	1.0231029888977433e-4
18	7.744480138861659e-5
19	6.40033580649715e-5
20	5.375637586925943e-5
