-20	0.05198447706076499
-19	0.0505937342104392
-18	0.05176331194677985
-17	0.05259257864978114
-16	0.05258017939767433
-15	0.051513012333672885
-14	0.05102243425945577
-13	0.051365798995967965
-12	0.05035812327528481
-11	0.052597880050113795
-10	0.051165776419413445
-9	0.051214271674223516
-8	0.05243988763575495
-7	0.052617660919039404
-6	0.05172563686629404
-5	0.05178854909871517
-4	0.05148422874188373
-3	0.05036855000667117
-2	0.0515000949885668
-1	0.05133396127957488
0	0.049978965948230245
1	0.04788417274158268
2	0.04462647381210957
3	0.03807673577880938
4	0.025059900624200455
5	0.010443306169420054
6	0.002506014172214976
7	6.528366805263764e-4
8	2.3409656461762882e-4
9	9.741398953668588e-5
10	4.480705809599928e-5
11	2.389278741435912e-5
12	1.477923807681775e-5
13	9.388324193820383e-6
14	6.463677848318121e-6
15	4.612331031310394e-6
16	3.424430448833453e-6
17	2.597497338655764e-6
18	2.059613317206367e-6
19	1.6237701931921357e-6
20	1.275918801190996e-6
