-20	0.05018835603226823
-19	0.05086394162770587
-18	0.05018865758101028
-17	0.052743653856790966
-16	0.05292455857614986
-15	0.052101407843010684
-14	0.0551548673557164
-13	0.05134075453269712
-12	0.05269675072333424
-11	0.05053794073713759
-10	0.052144464213846754
-9	0.04916992998905435
-8	0.050773769360864106
-7	0.05208986190835167
-6	0.05188370005889653
-5	0.05094789630053117
-4	0.05170457160118525
-3	0.05009413859969729
-2	0.05111614905705452
-1	0.051641373759350205
0	0.04661849260748844
1	0.04498805888569875
2	0.03948016244349593
3	0.031086821991981515
4	0.015355819082559855
5	0.003940052366354258
6	8.108965157567014e-4
7	2.882611450370253e-4
8	9.514382443050576e-5
9	4.113137535425311e-5
10	1.7907003522831024e-5
11	9.389129994248685e-6
12	6.1804112054090644e-6
13	3.7997251115469283e-6
14	2.6438300791350996e-6
15	1.8352059472033026e-6
16	1.3676735295046428e-6
17	1.0845062173503137e-6
18	8.392016901875209e-7
19	6.852401160750458e-7
20	4.873789170492182e-7
