-20	0.2095458911404427
-19	0.20351929130477023
-18	0.20471582893578674
-17	0.20720075195748835
-16	0.2040035462139633
-15	0.20546928059249311
-14	0.20559623961595352
-13	0.20487781926461457
-12	0.20441055755211426
-11	0.20185503833754712
-10	0.20347332439351848
-9	0.20095753700213187
-8	0.1968006073135878
-7	0.19811720334897878
-6	0.189129894179414
-5	0.17936072510825496
-4	0.16308462892844544
-3	0.14922872805769918
-2	0.12424226974391242
-1	0.09090131900345301
0	0.05393577549244287
1	0.02646535938624112
2	0.011406209739302297
3	0.004978015963316391
4	0.0026732754020533816
5	0.0014990894664858657
6	8.858033555902496e-4
7	5.970240824948463e-4
8	4.258526687376303e-4
9	3.002879064457883e-4
10	2.1784160318767977e-4
11	1.6820986208258284e-4
12	1.3044936878988048e-4
13	1.0054794619274851e-4
14	7.990529021993065e-5
15	6.512257803084837e-5
16	4.9215821941560226e-5
17	3.9948659803268036e-5
18	3.1938887258194234e-5
19	2.4578693760368768e-5
20	1.9771933563992348e-5
