-20	0.20457008998459486
-19	0.20946117521604685
-18	0.2032702033596837
-17	0.2063348905656018
-16	0.20423598404237628
-15	0.21014473593123284
-14	0.20852185672193557
-13	0.20061012696018435
-12	0.20636868170199177
-11	0.19826851462975842
-10	0.20226782714135144
-9	0.2080119123359103
-8	0.20203369499656268
-7	0.20625355960852956
-6	0.20121594455676026
-5	0.19525764341296825
-4	0.20010754366195854
-3	0.18856180234632422
-2	0.19352068883621162
-1	0.18554051441650507
0	0.17165424614138564
1	0.1494557394826054
2	0.12874668646735132
3	0.10868538938484733
4	0.07722163918988123
5	0.054888723231254766
6	0.03233140358254282
7	0.020423538810879292
8	0.012426689914064787
9	0.008165112985181747
10	0.005786174805690651
11	0.0044140567473211914
12	0.0033117484877612526
13	0.002620925696923165
14	0.001969963006135045
15	0.0015467188898973874
16	0.0012376218376538536
17	0.0010058644987592546
18	7.917517822039763e-4
19	6.031469733458947e-4
20	5.059843044363185e-4
