-20	0.8319102302963552
-19	0.8337837310892036
-18	0.8310495271936049
-17	0.8343194183429204
-16	0.8307278818596174
-15	0.8368301724759364
-14	0.8338078832116718
-13	0.832433205524336
-12	0.8317226923033532
-11	0.831996106114413
-10	0.8314681102265066
-9	0.8328053764941918
-8	0.8359351704134105
-7	0.8354697943630922
-6	0.8324736523712243
-5	0.8321366040832645
-4	0.8303683790625672
-3	0.8336617283377489
-2	0.8311285871014825
-1	0.8358223099344637
0	0.833408494330431
1	0.8323911956865272
2	0.8307939192986068
3	0.8330135843805856
4	0.8362639876793717
5	0.8310227762979646
6	0.8240930521622588
7	0.8131493519279284
8	0.7745168759739401
9	0.7137527664902907
10	0.6178317512929
11	0.5092314738586899
12	0.40418256251859996
13	0.305517212909229
14	0.22453266534621355
15	0.15768764716568154
16	0.1117261672559483
17	0.07533345694057307
18	0.05054568729799559
19	0.03330968648554388
20	0.022069862237306902
