-20	0.8923674223272896
-19	0.8931309062830973
-18	0.8938453847262903
-17	0.8936123158768895
-16	0.892820117693958
-15	0.8944932999751513
-14	0.8927278540189262
-13	0.893664949872193
-12	0.8918958478776765
-11	0.8925183428996237
-10	0.891649705836476
-9	0.8936082804001148
-8	0.8929823259806775
-7	0.8925342060999647
-6	0.8925997067689435
-5	0.8948276690092928
-4	0.8936340454331335
-3	0.893507459602531
-2	0.8938555994933955
-1	0.8938093685320572
0	0.8927735400502741
1	0.8939014407478698
2	0.8947121878166984
3	0.8920364007681328
4	0.8923171970890799
5	0.888650099794842
6	0.8811945136502974
7	0.8568810424937908
8	0.8070938830053268
9	0.7279884567689664
10	0.6288688315874923
11	0.5146671190105375
12	0.40707180231410933
13	0.3079662749507224
14	0.22485261998435352
15	0.1596921668019607
16	0.11112273206034333
17	0.07543814727272367
18	0.05061835241028545
19	0.03352572292481778
20	0.021985205828991616
