-20	0.5380371139847198
-19	0.5350307966647795
-18	0.5351851388223641
-17	0.5343908780438142
-16	0.5336082915374509
-15	0.535527183070566
-14	0.5367007054345301
-13	0.5364764910147799
-12	0.5363633105255345
-11	0.5361638469751316
-10	0.5374504628179431
-9	0.5403868921308655
-8	0.5376091316813265
-7	0.5360900431070234
-6	0.5360661129048983
-5	0.5355212320322618
-4	0.5357234277908342
-3	0.5358741340730532
-2	0.5383330733624885
-1	0.5370438691841302
0	0.5351916762148332
1	0.5363112552196642
2	0.5357103234203099
3	0.5361887526990674
4	0.5339784042458293
5	0.5351587394970279
6	0.5343466782282064
7	0.5309352046297506
8	0.5211945596090273
9	0.5019491100223736
10	0.4695085233957125
11	0.4162103687604156
12	0.34647128075823386
13	0.27455348085766823
14	0.20839933364668756
15	0.15093086626022242
16	0.10550952884534816
17	0.07196918670306858
18	0.049566737303730415
19	0.032795945596539575
20	0.02195692699418197
