-20	0.803776219750051
-19	0.8111842260234131
-18	0.7975943031250208
-17	0.8040916729304769
-16	0.7873080202769446
-15	0.7815870053586713
-14	0.7690181987849557
-13	0.7490071786832961
-12	0.7385367199469807
-11	0.7125146967340423
-10	0.6808324296682196
-9	0.6430268372273644
-8	0.6284011181364323
-7	0.565476954804739
-6	0.5190028481793214
-5	0.4651867567336152
-4	0.38451313664914333
-3	0.31598983058035385
-2	0.25007010505405025
-1	0.18257709002546907
0	0.12590941653547721
1	0.08035425664742223
2	0.05444288373322868
3	0.03682972670197711
4	0.02519568664619294
5	0.019274163363034055
6	0.014441705467039144
7	0.011205669505152005
8	0.008436605277701742
9	0.006802795403474845
10	0.005399350101337577
11	0.004189502649271378
12	0.003211054097493945
13	0.002578579299762496
14	0.002048074043210107
15	0.0015950756601953498
16	0.0012468059308326704
17	9.886359301378655e-4
18	7.846853157942645e-4
19	6.282488635474878e-4
20	4.897500302194109e-4
