-20	1.0350802015725737
-19	1.0353087535868137
-18	1.0352463085361485
-17	1.0355064760350574
-16	1.0352733803614287
-15	1.035311790197612
-14	1.035115546090322
-13	1.0351054446408832
-12	1.0349277131119956
-11	1.0344251021837578
-10	1.0348956851588598
-9	1.0349870402092332
-8	1.0342574428847986
-7	1.0344024176133166
-6	1.0339347760824544
-5	1.034084682586496
-4	1.0340365219387255
-3	1.0349395626316527
-2	1.0365114438649647
-1	1.0420903620318276
0	1.0498170020569328
1	1.0587394301456572
2	1.0656571157958261
3	1.0695016349195232
4	1.074904385378471
5	1.093170423521734
6	1.1329713188575445
7	1.1920320044246164
8	1.26699917297683
9	1.3502862777619955
10	1.4360177438160984
11	1.5191770051581843
12	1.595413032572243
13	1.663952167084207
14	1.7230649740003203
15	1.7737290199568065
16	1.8161035675867465
17	1.851283199862122
18	1.8801958272024963
19	1.903724054143343
20	1.9227879743616374
