-20	0.883879080717627
-19	0.8848208718431251
-18	0.8852302314454122
-17	0.8850920993719926
-16	0.8846961235167133
-15	0.8843855119778454
-14	0.8844847703155532
-13	0.884831574814913
-12	0.8846558309453117
-11	0.8865299673912348
-10	0.8828705307571741
-9	0.8830216073109673
-8	0.8847225742844903
-7	0.8830722873672839
-6	0.8839346193991818
-5	0.8849134795291137
-4	0.8854486111568769
-3	0.8829970972695833
-2	0.883365394360372
-1	0.8860342934302191
0	0.8858992871219187
1	0.8827888604523249
2	0.8835467152375113
3	0.883160089285036
4	0.8834946521168857
5	0.8755081660769861
6	0.8737099532654223
7	0.8608640199887257
8	0.836988547725033
9	0.8056467285795573
10	0.7453664036467823
11	0.6814772725532499
12	0.619814701703464
13	0.5710882453768138
14	0.5370510415768692
15	0.5151713655290479
16	0.506242045487142
17	0.5042224464248023
18	0.5076946798093379
19	0.5144321976760401
20	0.5237115301874454
