-20	0.9786387992562786
-19	0.9771147725507522
-18	0.9747926128673724
-17	0.9716934604282845
-16	0.9686332141204587
-15	0.9634600471249911
-14	0.9567435309803223
-13	0.9469021035022873
-12	0.9362628960251186
-11	0.9204874995798445
-10	0.9022775653876042
-9	0.8787472021321855
-8	0.8519097588942839
-7	0.8189369412818385
-6	0.7797067403014899
-5	0.7331412765910388
-4	0.6795108205610898
-3	0.6180445826399152
-2	0.5496026061472341
-1	0.4762547941114958
0	0.3997422787455302
1	0.3233468053190377
2	0.2516502382049066
3	0.18763010414351045
4	0.13398611647990702
5	0.09189130586576831
6	0.060901853426068575
7	0.039385046410252506
8	0.02507904730013046
9	0.015910172281618947
10	0.010047057461428404
11	0.006350448533104426
12	0.004010716397648532
13	0.002535517320476457
14	0.0016061497555747493
15	0.0010155098609027767
16	6.433195907934222e-4
17	4.0782378890051916e-4
18	2.5901232001907947e-4
19	1.6466606425926674e-4
20	1.0505965205944867e-4
