-20	0.957049789477577
-19	0.956195845836422
-18	0.954797841008157
-17	0.9566551508119452
-16	0.9556774688276737
-15	0.9560550625702473
-14	0.9569469844622097
-13	0.9559264526071549
-12	0.9549884116823035
-11	0.954904180395893
-10	0.9565171989379411
-9	0.9581846798432329
-8	0.9578449405652218
-7	0.9589443802868906
-6	0.9589461121287035
-5	0.9614372002676439
-4	0.965254077584843
-3	0.9694344369191958
-2	0.9744928001801964
-1	0.9847382443403316
0	0.9926858704804384
1	1.0048328955313477
2	1.0158790138886118
3	1.0294529957211704
4	1.0508273911809285
5	1.0835940319304271
6	1.131320473778066
7	1.1935636866132202
8	1.269449585581385
9	1.3529519572892137
10	1.4386208132489737
11	1.5209351786648575
12	1.5962951508254943
13	1.6652062988426568
14	1.7241411553129615
15	1.7741037440615903
16	1.8167666557225075
17	1.8515993790414487
18	1.8807208824839228
19	1.9039709118677812
20	1.9227246353970107
