-10	0.9991735494751625
-9	0.8078911826133688
-8	0.6288408776976611
-7	0.4994893122979213
-6	0.3966705913851852
-5	0.32184935317236907
-4	0.2555091100577304
-3	0.2004987527210804
-2	0.15915944456627362
-1	0.12482948537901602
0	0.09850084646761542
1	0.07917750470025721
2	0.06389971176609738
3	0.05002142843834256
4	0.0397754204495176
5	0.031411028034262316
6	0.024728152107131886
7	0.01990032873375379
8	0.015588229113411938
9	0.012703119158958874
10	0.010091572526453376
11	0.00803152714625626
12	0.006307338425918994
13	0.00494272486762965
14	0.003954256393291365
15	0.0032201552982485233
16	0.0025814701566923533
17	0.001998323955921627
18	0.00157960821765248
19	0.0012664356145385008
20	0.0010039192571439698
