-10	4.05270430373368
-9	3.0063051554836306
-8	2.1854428603947036
-7	1.562096046472799
-6	1.1173771482270405
-5	0.790578975285671
-4	0.54133179632761
-3	0.3759640537028612
-2	0.251111939350293
-1	0.15655648558953097
0	0.09335021223258096
1	0.05291069133790969
2	0.026872095990252864
3	0.014329130408576182
4	0.008174802722658763
5	0.004943150070581217
6	0.0033283200512092123
7	0.002364918733998569
8	0.0017424305301399151
9	0.0013155654722803948
10	0.00101027800898809
11	7.87383677892477e-4
12	6.336856399628894e-4
13	5.001972837656048e-4
14	3.9344511568208606e-4
15	3.144094390739104e-4
16	2.4920811693741266e-4
17	2.004317051241031e-4
18	1.573538414411685e-4
19	1.299115488277031e-4
20	9.992746999682134e-5
