-10	0.42742699099705506
-9	0.35609303738896075
-8	0.28230094690875424
-7	0.2316590625032889
-6	0.179776407259139
-5	0.152391794288678
-4	0.12380768027333672
-3	0.09695942779376794
-2	0.0782884356401449
-1	0.060851834188521366
0	0.04850760485729283
1	0.03846709255209301
2	0.0318140866288311
3	0.025195596759435755
4	0.019733068666186848
5	0.01585438364894825
6	0.012324143669938028
7	0.010063624412159694
8	0.0076704695653410865
9	0.006328753306098373
10	0.005002233409232826
11	0.004015369366884189
12	0.0031048648154741263
13	0.002519487151030178
14	0.0019784949595983525
15	0.0016055419851339079
16	0.001306211463966575
17	9.950312384624726e-4
18	7.933047159234809e-4
19	6.304122423192034e-4
20	5.068978068094522e-4
