-10	1.3473696366945473
-9	1.2138701709565831
-8	1.0274823981457373
-7	0.8936106110603416
-6	0.7432234093018517
-5	0.5973906843510883
-4	0.4924979755862531
-3	0.38874757053545056
-2	0.2915755782628014
-1	0.21393374345817157
0	0.14059486065424814
1	0.08117817394055886
2	0.03793585090211714
3	0.018459669159665962
4	0.007186107079881418
5	0.003735219023186225
6	0.0021365083833576187
7	0.0014300459818769535
8	9.724176712170062e-4
9	7.096524565511621e-4
10	5.050148187864333e-4
11	3.950598015695414e-4
12	3.0888807595560536e-4
13	2.580149684449484e-4
14	1.982910107942729e-4
15	1.5713493918271266e-4
16	1.2746521348557842e-4
17	9.826795326351845e-5
18	8.055262526547999e-5
19	6.397632837533917e-5
20	5.098664703226563e-5
