-10	3.326886198431335
-9	2.4160381655443155
-8	1.7072584969642066
-7	1.2061613992555091
-6	0.8387927792626564
-5	0.5837088750764864
-4	0.3917381796213858
-3	0.25735323388133813
-2	0.17177260964430088
-1	0.1119398809856111
0	0.07437534368054617
1	0.0496326492493894
2	0.03439035198133935
3	0.024677706399995017
4	0.018474557916364955
5	0.014710670106864708
6	0.011721140998469826
7	0.00957635736192609
8	0.0075274488798214665
9	0.006171263484771552
10	0.004953843797587025
11	0.00401015974759382
12	0.0032091143612468166
13	0.0024922508597117424
14	0.002025772934857495
15	0.001552356060202972
16	0.001230724150104808
17	0.0010077963138095153
18	7.74052088767165e-4
19	6.248457033163416e-4
20	4.958233863952082e-4
