-10	3.4036017940049708
-9	2.5863366774589145
-8	1.984122313807303
-7	1.4780981424175987
-6	1.119848594218994
-5	0.8543440405010125
-4	0.6308209148313829
-3	0.4712664298619732
-2	0.3502504394052219
-1	0.2513009489426927
0	0.1905841612356348
1	0.14191299860606174
2	0.10521251100493237
3	0.07771955709040383
4	0.05840255442180804
5	0.04159117934072931
6	0.030443640466551368
7	0.022294238320855142
8	0.01715360750109756
9	0.013049910527806432
10	0.009967562389818288
11	0.008120918440876718
12	0.006386284298742502
13	0.005035790426721951
14	0.004017287490139587
15	0.0031643735361496115
16	0.002557965853555918
17	0.0019609448503896862
18	0.0015885129620358874
19	0.0012394749973370354
20	0.0010012276039735233
