-10	0.7685031263153708
-9	0.5991760122063353
-8	0.47617671141383455
-7	0.36101602039326697
-6	0.28047719329652043
-5	0.21226804103223498
-4	0.15406782881393177
-3	0.11834515925685207
-2	0.08614536706921788
-1	0.06765699951205996
0	0.052262628244257994
1	0.04226560385574526
2	0.033101035494653284
3	0.025273295335002204
4	0.0203636576031917
5	0.015768389734336405
6	0.012539186270153409
7	0.009926260041579595
8	0.007952139787837759
9	0.006412377021248024
10	0.005114298697833989
11	0.004034355400687703
12	0.0032069984525756753
13	0.0024279958234436085
14	0.0019802753222102993
15	0.001615834099001982
16	0.001277371081309017
17	0.0010039833256518013
18	7.86074237996424e-4
19	6.358422421833696e-4
20	4.97214249542405e-4
