-10	0.04966025282282874
-9	0.04009861817176613
-8	0.031359562200203146
-7	0.024665175723266826
-6	0.01969471728015403
-5	0.015553063285214799
-4	0.012460478675829667
-3	0.010158586139437301
-2	0.00788014027258631
-1	0.006187788434528004
0	0.00504577908895719
1	0.003979554840967774
2	0.003158612529630697
3	0.0024712398343046606
4	0.002014496919728022
5	0.0015516666319660454
6	0.0012308088135738612
7	9.875818387583308e-4
8	8.028455358540265e-4
9	6.448478106681343e-4
10	4.952742083766149e-4
11	3.9521614659867617e-4
12	3.120818363655941e-4
13	2.5095551578373037e-4
14	1.979376829863788e-4
15	1.5901745090728478e-4
16	1.2594161369026963e-4
17	1.012856983288807e-4
18	8.050008212447452e-5
19	6.392884668576896e-5
20	5.194363261156329e-5
