-10	0.018057235093480287
-9	0.014019231791211862
-8	0.010708822112181304
-7	0.008117490305232771
-6	0.0059646447643563125
-5	0.004199730708528913
-4	0.00287925867219556
-3	0.0018888943084343598
-2	0.0012014968513611758
-1	7.280140952658842e-4
0	4.253725013951666e-4
1	2.6024526580950606e-4
2	1.4925146735724577e-4
3	8.689587437353347e-5
4	5.2193873162667515e-5
5	3.1789170483864984e-5
6	1.9759599741482657e-5
7	1.327942956300468e-5
8	9.325505772016788e-6
9	6.900357013596562e-6
10	5.23704892552078e-6
11	3.88739486128628e-6
12	3.1480374070749654e-6
13	2.513222906694317e-6
14	1.9942290983201494e-6
15	1.5434670935959591e-6
16	1.250213769818407e-6
17	9.887378296831167e-7
18	7.934809985146957e-7
19	6.410985806223943e-7
20	4.980099619852649e-7
