-10	2.739300087547215
-9	1.9461158146314939
-8	1.359244614041666
-7	0.9326174546432096
-6	0.6277801216552154
-5	0.4103252046264399
-4	0.2605537828652637
-3	0.15984516379174898
-2	0.09436165813077074
-1	0.05287039056102016
0	0.028114878285726463
1	0.013935627663651744
2	0.006438274025481846
3	0.002751612997599758
4	0.0010900490941245307
5	4.3561645201238883e-4
6	1.924219986033151e-4
7	1.1223453829934613e-4
8	7.960114582522603e-5
9	6.250235024744688e-5
10	4.969449225134073e-5
11	3.988465549518103e-5
12	3.209315202579149e-5
13	2.5131973663706092e-5
14	1.9995206397593577e-5
15	1.5858796554389905e-5
16	1.2512808187173529e-5
17	9.863539955379074e-6
18	7.934316998796498e-6
19	6.4666699742545656e-6
20	4.952767368075055e-6
