-10	5.158605074764352
-9	3.962979727970739
-8	2.9556811208252634
-7	2.2202087811913116
-6	1.6433757315157869
-5	1.1933162566511564
-4	0.8711000810260654
-3	0.6219579236116255
-2	0.4295835747241152
-1	0.291174811067236
0	0.17779815850025865
1	0.0983837084086868
2	0.04607464101571284
3	0.022312925914541665
4	0.00976441058716188
5	0.005428133008731134
6	0.003416695521017102
7	0.0024213889324666994
8	0.001758610788295492
9	0.0013219526271022737
10	9.998367823219308e-4
11	7.834887942364636e-4
12	6.188973214713835e-4
13	5.104540333440707e-4
14	3.968493781815425e-4
15	3.1641863786320096e-4
16	2.4861406430722857e-4
17	1.9882310706047758e-4
18	1.5926532772130491e-4
19	1.259369550127567e-4
20	1.013841394093266e-4
