-20.0	0.20634851938420526
-19.5	0.1841283616846117
-19.0	0.16432436571214082
-18.5	0.14667374487237672
-18.0	0.1309422866535023
-17.5	0.11692124479468127
-17.0	0.10442456938308368
-16.5	0.09328643812591146
-16.0	0.08335905604108124
-15.5	0.07451069437247117
-15.0	0.06662394271042796
-14.5	0.05959415112843963
-14.0	0.05332804166876084
-13.5	0.04774247075874807
-13.0	0.04276332614309029
-12.5	0.03832454370454494
-12.0	0.0343672311381631
-11.5	0.0308388868646416
-11.0	0.027692703835352574
-10.5	0.02488694901121125
-10.0	0.022384410306216563
-9.5	0.020151903686401164
-9.0	0.018159833918657043
-8.5	0.01638180318198387
-8.0	0.014794262395413699
-7.5	0.013376200690920569
-7.0	0.012108868972864385
-6.5	0.010975533964367764
-6.0	0.009961259550800228
-5.5	0.00905271259611097
-5.0	0.008237990730762635
-4.5	0.0075064698949327815
-4.0	0.006848669667276286
-3.5	0.006256134617560143
-3.0	0.0057213300927005184
-2.5	0.00523755097502081
-2.0	0.004798842041184665
-1.5	0.004399928595513429
-1.0	0.00403615605619595
-0.5	0.0037034371374605347
0.0	0.0033982052071121725
0.5	0.0031173723200287684
1.0	0.0028582903588695173
1.5	0.002618713686477503
2.0	0.0023967617735320234
2.5	0.002190880451228312
3.0	0.0019998007923364503
3.5	0.001822495171511227
4.0	0.0016581307800262923
4.5	0.0015060217136436526
5.0	0.001365581607357973
5.5	0.0012362794724831018
6.0	0.0011176017329300825
6.5	0.0010090232660184184
7.0	9.099894641251827e-4
7.5	8.199100057500508e-4
8.0	7.381633882126115e-4
8.5	6.641097113132588e-4
9.0	5.97108117239078e-4
9.5	5.365349953966602e-4
10.0	4.8179962104451414e-4
10.5	4.3235510529770593e-4
11.0	3.877038198295457e-4
11.5	3.473987731283112e-4
12.0	3.1103958344223413e-4
12.5	2.7826833428913123e-4
13.0	2.487633867951233e-4
13.5	2.2223339921376706e-4
14.0	1.9841204145187418e-4
14.5	1.7705370046965595e-4
15.0	1.5793035053580652e-4
15.5	1.4082958006257805e-4
16.0	1.2555360264679072e-4
16.5	1.1191895688735797e-4
17.0	9.975654478391549e-5
17.5	8.891168456694132e-5
18.0	7.92439482490903e-5
18.5	7.06266818515644e-5
19.0	6.294622394273253e-5
19.5	5.610091319772081e-5
20.0	4.99999983722077e-5
