-20.0	6.249999999999977
-19.5	5.570318363336007
-19.0	4.964551467026816
-18.5	4.424661152400887
-18.0	3.943483403001186
-17.5	3.514633282439656
-17.0	3.13242021017053
-16.5	2.7917724509435544
-16.0	2.4881698159593792
-15.5	2.2175836827098188
-15.0	1.9764235376052524
-14.5	1.7614893320403133
-14.0	1.5699290196934925
-13.5	1.3992007116052214
-13.0	1.247038946855574
-12.5	1.1114246312743201
-12.0	0.9905582452881775
-11.5	0.882835965389219
-11.0	0.7868283823713272
-10.5	0.701261533938726
-10.0	0.6249999999999901
-9.5	0.5570318363336009
-9.0	0.49645514670268476
-8.5	0.4424661152400964
-8.0	0.3943483403001298
-7.5	0.35146332824397497
-7.0	0.3132420210170399
-6.5	0.2791772450943396
-6.0	0.24881698159592142
-5.5	0.2217583682709762
-5.0	0.1976423537605241
-4.5	0.17614893320403938
-4.0	0.1569929019693573
-3.5	0.13992007116051933
-3.0	0.1247038946855466
-2.5	0.11114246312742398
-2.0	0.09905582452882393
-1.5	0.08828359653893401
-1.0	0.07868283823713514
-0.5	0.07012615339386383
0.0	0.0625000000000008
0.5	0.055703183633367216
1.0	0.049645514670260835
1.5	0.04424661152400496
2.0	0.03943483403001918
2.5	0.035146332824388976
3.0	0.031324202101711066
3.5	0.027917724509430506
4.0	0.024881698159598037
4.5	0.022175836827092933
5.0	0.019764235376059085
5.5	0.017614893320398305
6.0	0.01569929019693108
6.5	0.013992007116056832
7.0	0.01247038946856105
7.5	0.011114246312748046
8.0	0.00990558245288688
8.5	0.008828359653895708
9.0	0.0078682838237096
9.5	0.007012615339388782
10.0	0.006249999999996731
10.5	0.0055703183633384785
11.0	0.004964551450898467
11.5	0.004424661117431624
12.0	0.003943483390148646
12.5	0.003514633279698502
13.0	0.0031324202097729663
13.5	0.0027917724509026894
14.0	0.002488169815956894
14.5	0.0022175836827095915
15.0	0.0019764235376051697
15.5	0.0017614893320402234
16.0	0.001569929019693445
16.5	0.0013992007116051825
17.0	0.0012470389468555152
17.5	0.0011114246312743088
18.0	9.9055824528818e-4
18.5	8.828359653892123e-4
19.0	7.868283823713476e-4
19.5	7.01261533938712e-4
20.0	6.249999999999896e-4
