-20.0	0.07167870765451756
-19.8	0.06848438628331399
-19.6	0.06543382411464549
-19.4	0.06252055049992725
-19.2	0.05973838599829237
-19.0	0.057081429269134426
-18.8	0.05454404455466241
-18.6	0.05212084972571221
-18.4	0.04980670486554403
-18.2	0.04759670136747948
-18.0	0.04548615152304494
-17.8	0.04347057857884645
-17.6	0.04154570724076653
-17.4	0.03970745460555991
-17.2	0.037951921500541386
-17.0	0.036275384212951345
-16.8	0.03467428659156142
-16.6	0.03314523250366984
-16.4	0.03168497863151831
-16.2	0.030290427592881183
-16.0	0.028958621371205154
-15.8	0.027686735041367677
-15.6	0.026472070777751835
-15.399999999999999	0.025312052131919102
-15.2	0.024204218567783528
-15.0	0.02314622024261187
-14.8	0.022135813022903142
-14.6	0.021170853724420638
-14.399999999999999	0.02024929556646271
-14.2	0.01936918383056581
-14.0	0.0185286517145431
-13.8	0.01772591637300911
-13.6	0.01695927513603234
-13.399999999999999	0.01622710189785613
-13.2	0.015527843668069849
-13.0	0.014860017277898777
-12.8	0.014222206234616792
-12.6	0.013613057717446683
-12.399999999999999	0.0130312797085547
-12.2	0.012475638253037609
-12.0	0.011944954842168738
-11.799999999999999	0.011438103914264426
-11.6	0.010954010467947944
-11.4	0.010491647782704214
-11.2	0.010050035241928282
-11.0	0.009628236253845582
-10.799999999999999	0.009225356265891715
-10.6	0.008840540868367112
-10.399999999999999	0.00847297398333334
-10.2	0.008121876134924197
-10.0	0.007786502797425567
-9.799999999999999	0.007466142817607536
-9.6	0.007160116907993317
-9.399999999999999	0.006867776207865446
-9.2	0.006588500908981294
-9.0	0.006321698943103558
-8.799999999999999	0.006066804728546687
-8.6	0.005823277973126886
-8.399999999999999	0.005590602530983365
-8.2	0.00536828531087033
-8.0	0.00515585523360473
-7.799999999999999	0.004952862236509748
-7.6	0.004758876322737877
-7.399999999999999	0.004573486653500842
-7.199999999999999	0.004396300681295583
-7.0	0.004226943322319723
-6.799999999999999	0.004065056166355999
-6.6	0.003910296722464986
-6.399999999999999	0.0037623376989294275
-6.199999999999999	0.0036208663159790055
-6.0	0.0034855836498288457
-5.799999999999999	0.0033562040067142695
-5.6	0.0032324543256221257
-5.399999999999999	0.0031140736084951173
-5.199999999999999	0.003000812376743548
-5.0	0.00289243215295726
-4.799999999999999	0.0027887049667577046
-4.6	0.00268941288382577
-4.399999999999999	0.002594347557081978
-4.199999999999999	0.0025033097991856244
-4.0	0.002416109175461055
-3.8000000000000007	0.0023325636164477446
-3.599999999999998	0.0022524990492861392
-3.3999999999999986	0.0021757490472172104
-3.1999999999999993	0.002102154496499666
-3.0	0.0020315632800198685
-2.8000000000000007	0.001963829977078938
-2.599999999999998	0.00189881557862542
-2.3999999999999986	0.001836387217420585
-2.1999999999999993	0.0017764179125622677
-2.0	0.001718786327826181
-1.8000000000000007	0.001663376543315386
-1.5999999999999979	0.0016100778399290696
-1.3999999999999986	0.0015587844960830485
-1.1999999999999993	0.0015093955963034304
-1.0	0.0014618148511422466
-0.7999999999999972	0.0014159504279774174
-0.5999999999999979	0.001371714792145277
-0.3999999999999986	0.0013290245580480503
-0.1999999999999993	0.0012878003496265148
0.0	0.0012479666697352808
0.20000000000000284	0.0012094517778853163
0.40000000000000213	0.0011721875758891444
0.6000000000000014	0.0011361095006630333
0.8000000000000007	0.0011011564237820319
1.0	0.001067270557084137
1.2000000000000028	0.0010343973636141503
1.4000000000000021	0.0010024854733609902
1.6000000000000014	9.714866029562922e-4
1.8000000000000007	9.413554785915419e-4
2.0	9.120497615056379e-4
2.200000000000003	8.835299749884512e-4
2.400000000000002	8.557594323235886e-4
2.6000000000000014	8.287041646203395e-4
2.8000000000000007	8.023328478126259e-4
3.0	7.766167278683601e-4
3.200000000000003	7.515295434282615e-4
3.400000000000002	7.270474449551159e-4
3.6000000000000014	7.03148909678885e-4
3.8000000000000007	6.79814651494086e-4
4.0	6.570275253315154e-4
4.200000000000003	6.347724252242833e-4
4.400000000000002	6.1303617581777e-4
4.600000000000001	5.918074167718173e-4
4.800000000000001	5.710764800051305e-4
5.0	5.508352599274645e-4
5.200000000000003	5.310770767378769e-4
5.400000000000002	5.117965331523436e-4
5.600000000000001	4.929893652398896e-4
5.800000000000001	4.746522884034234e-4
6.0	4.567828395845644e-4
6.200000000000003	4.393792167475784e-4
6.400000000000002	4.224401173847656e-4
6.600000000000001	4.059645781060049e-4
6.800000000000001	3.899518167129858e-4
7.0	3.744010787636561e-4
7.200000000000003	3.5931149146252884e-4
7.400000000000002	3.4468192617765833e-4
7.600000000000001	3.305108717613159e-4
7.800000000000001	3.167963215273137e-4
8.0	3.0353567422355607e-4
8.200000000000003	2.907256518888306e-4
8.400000000000002	2.783622350617512e-4
8.600000000000001	2.664406162398037e-4
8.8	2.549551726952065e-4
9.0	2.4389945741688096e-4
9.200000000000003	2.3326620930489306e-4
9.400000000000002	2.2304737999382512e-4
9.600000000000001	2.132341773694469e-4
9.8	2.0381712307382654e-4
10.0	1.947861219793786e-4
10.200000000000003	1.8613054196427864e-4
10.400000000000002	1.778393000335032e-4
10.600000000000001	1.6990095335075311e-4
10.8	1.6230379210211213e-4
11.0	1.5503587534238666e-4
11.200000000000003	1.480853526703513e-4
11.400000000000002	1.4144019182234149e-4
11.600000000000001	1.350884821052726e-4
11.8	1.2901846496286232e-4
12.0	1.2321858740150463e-4
12.200000000000003	1.1767754970204783e-4
12.399999999999999	1.123843458502305e-4
12.600000000000001	1.0732829593623847e-4
12.800000000000004	1.0249906953966898e-4
13.0	9.788670162397175e-5
13.200000000000003	9.348160155567449e-5
13.399999999999999	8.9274556378598e-5
13.600000000000001	8.52567292715838e-5
13.800000000000004	8.141965431499639e-5
14.0	7.775522835610799e-5
14.200000000000003	7.425570080821318e-5
14.399999999999999	7.091366206542823e-5
14.600000000000001	6.772203106064547e-5
14.800000000000004	6.467404239452693e-5
15.0	6.17632333563831e-5
15.200000000000003	5.8983431063554075e-5
15.399999999999999	5.6328739876662995e-5
15.600000000000001	5.3793529188846285e-5
15.800000000000004	5.137242164777317e-5
16.0	4.906028183910855e-5
16.200000000000003	4.685220544000269e-5
16.4	4.474350883975752e-5
16.6	4.272971921666195e-5
16.800000000000004	4.080656505537055e-5
17.0	3.896996708919846e-5
17.200000000000003	3.721602964771968e-5
17.4	3.554103239475706e-5
17.6	3.394142243654235e-5
17.800000000000004	3.2413806785916086e-5
18.0	3.095494516527561e-5
18.200000000000003	2.956174313354775e-5
18.400000000000006	2.8231245522497388e-5
18.6	2.696063016803963e-5
18.800000000000004	2.5747201924936416e-5
19.0	2.4588386949096763e-5
19.200000000000003	2.348172723865092e-5
19.400000000000006	2.2424875419872932e-5
19.6	2.1415589768437535e-5
19.800000000000004	2.0451729454136307e-5
20.0	1.9531250000058564e-5
