-20.0	49.26672244621259
-19.8	46.7626992792566
-19.6	44.37933408537301
-19.4	42.11100973108756
-19.2	39.95236602617509
-19.0	37.89828806307082
-18.8	35.943895083238594
-18.6	34.08452984676896
-18.4	32.31574848249453
-18.2	30.633310796935007
-18.0	29.03317102142125
-17.8	27.51146897756561
-17.6	26.064521642276997
-17.4	24.688815094249183
-17.2	23.380996824728665
-17.0	22.137868396135854
-16.8	20.956378432826238
-16.6	19.833615929021736
-16.4	18.766803859596813
-16.2	17.753293080048163
-16.0	16.790556502602655
-15.8	15.876183536002523
-15.6	15.007874777067347
-15.399999999999999	14.183436942669788
-15.2	13.400778031269613
-15.0	12.657902703658046
-14.8	11.952907872996622
-14.6	11.283978494732313
-14.399999999999999	10.649383547331666
-14.2	10.047472195252352
-14.0	9.476670125903341
-13.8	8.935476052751351
-13.6	8.42245837706445
-13.399999999999999	7.936252001138833
-13.2	7.475555286163093
-13.0	7.0391271481925735
-12.8	6.625784286001194
-12.6	6.234398534850688
-12.399999999999999	5.863894340497184
-12.2	5.5132463480069855
-12.0	5.181477100192598
-11.799999999999999	4.8676548407291405
-11.6	4.5708914172157415
-11.4	4.290340279679386
-11.2	4.025194570206351
-11.0	3.7746852995905233
-10.799999999999999	3.5380796070726204
-10.6	3.314679099417105
-10.399999999999999	3.103818265750025
-10.2	2.9048629647379975
-10.0	2.717208980842919
-9.799999999999999	2.5402806465395957
-9.6	2.3735295275182273
-9.399999999999999	2.216433168033238
-9.2	2.0684938936842703
-9.0	1.9292376690416995
-8.799999999999999	1.798213007643388
-8.6	1.6749899320019752
-8.399999999999999	1.5591589813693192
-8.2	1.4503302651048477
-8.0	1.3481325595954783
-7.799999999999999	1.252212446761134
-7.6	1.1622334922757165
-7.399999999999999	1.0778754617116164
-7.199999999999999	0.9988335729004345
-7.0	0.9248177828772985
-6.799999999999999	0.8555521078493935
-6.6	0.790773974700285
-6.399999999999999	0.7302336026066544
-6.199999999999999	0.6736934134084133
-6.0	0.6209274694326616
-5.799999999999999	0.5717209375297188
-5.6	0.5258695781343502
-5.399999999999999	0.4831792582162787
-5.199999999999999	0.44346548703465377
-5.0	0.4065529736569846
-4.799999999999999	0.3722752052480564
-4.6	0.34047404517685737
-4.399999999999999	0.3109993500290397
-4.199999999999999	0.28370860465083697
-4.0	0.25846657438665543
-3.8000000000000007	0.2351449737056198
-3.599999999999998	0.2136221504462071
-3.3999999999999986	0.19378278493714957
-3.1999999999999993	0.17551760328267302
-3.0	0.1587231041271382
-2.8000000000000007	0.14330129824006313
-2.599999999999998	0.12915946028720018
-2.3999999999999986	0.11620989217596012
-2.1999999999999993	0.10436969738663589
-2.0	0.09356056572055739
-1.8000000000000007	0.08370856791746062
-1.5999999999999979	0.07474395961255577
-1.3999999999999986	0.0666009941228763
-1.1999999999999993	0.05921774357000604
-1.0	0.052535927863328113
-0.7999999999999972	0.046500751085456926
-0.5999999999999979	0.041060744837761086
-0.3999999999999986	0.03616761812065575
-0.1999999999999993	0.031776113340193944
0.0	0.027843868049378665
0.20000000000000284	0.02433128204949495
0.40000000000000213	0.021201389495181154
0.6000000000000014	0.018419735664725306
0.8000000000000007	0.015954258076338088
1.0	0.013775171651094802
1.2000000000000028	0.011854857643955847
1.4000000000000021	0.010167756085853083
1.6000000000000014	0.00869026150280246
1.8000000000000007	0.007400621701349707
2.0	0.006278839434488114
2.200000000000003	0.005306576787228571
2.400000000000002	0.004467062147381719
2.6000000000000014	0.0037449996533177837
2.8000000000000007	0.003126481037337633
3.0	0.0025988998099084988
3.200000000000003	0.0021508677560976614
3.400000000000002	0.0017721337410540798
3.6000000000000014	0.0014535048452722547
3.8000000000000007	0.0011867698727598896
4.0	9.646252952585156e-4
4.200000000000003	7.806037128602066e-4
4.400000000000002	6.290049254510815e-4
4.600000000000001	5.048297196648794e-4
4.800000000000001	4.037164822823504e-4
5.0	3.2188075279493373e-4
5.200000000000003	2.5605782500876824e-4
5.400000000000002	2.0344850002648108e-4
5.600000000000001	1.6166808070441023e-4
5.800000000000001	1.2869868103377425e-4
6.0	1.0284490308855417e-4
6.200000000000003	8.269290985051286e-5
6.400000000000002	6.707289504863706e-5
6.600000000000001	5.502492193593966e-5
6.800000000000001	4.576807255797086e-5
7.0	3.867281869466478e-5
7.200000000000003	3.323649629709757e-5
7.400000000000002	2.906173772694738e-5
7.600000000000001	2.5837691736939173e-5
7.800000000000001	2.3323840568472208e-5
8.0	2.1336207289446066e-5
8.200000000000003	1.9735735546419278e-5
8.400000000000002	1.8418617871796037e-5
8.600000000000001	1.7308348060093067e-5
8.8	1.634927747645917e-5
9.0	1.5501463870345804e-5
9.200000000000003	1.4736614143422606e-5
9.400000000000002	1.4034938091308663e-5
9.600000000000001	1.338274831187394e-5
9.8	1.2770660599606543e-5
10.0	1.2192268912157412e-5
10.200000000000003	1.1643188376191135e-5
10.400000000000002	1.1120377988566108e-5
10.600000000000001	1.0621671620154182e-5
10.8	1.0145460735657078e-5
11.0	9.690481596777845e-6
11.200000000000003	9.255695553688226e-6
11.400000000000002	8.84018331471115e-6
11.600000000000001	8.443109055517103e-6
11.8	8.06368930411968e-6
12.0	7.701176947050358e-6
12.200000000000003	7.35485322115987e-6
12.399999999999999	7.024024181722754e-6
12.600000000000001	6.708019492733187e-6
12.800000000000004	6.406192218568401e-6
13.0	6.117918985029741e-6
13.200000000000003	5.842600143116386e-6
13.399999999999999	5.579659788741656e-6
13.600000000000001	5.3285455842029475e-6
13.800000000000004	5.08872839609949e-6
14.0	4.859701772657424e-6
14.200000000000003	4.64098130062107e-6
14.399999999999999	4.432103879116657e-6
14.600000000000001	4.232626941296909e-6
14.800000000000004	4.042127649659414e-6
15.0	3.860202084774256e-6
15.200000000000003	3.6864644414721915e-6
15.399999999999999	3.5205462422914486e-6
15.600000000000001	3.362095574302895e-6
15.800000000000004	3.2107763529858235e-6
16.0	3.0662676149442844e-6
16.200000000000003	2.928262840000168e-6
16.4	2.796469302484845e-6
16.6	2.670607451041372e-6
16.800000000000004	2.5504103159606595e-6
17.0	2.435622943074904e-6
17.200000000000003	2.32600185298248e-6
17.4	2.2213145246723163e-6
17.6	2.121338902283897e-6
17.800000000000004	2.0258629241197553e-6
18.0	1.9346840728297256e-6
18.200000000000003	1.8476089458467344e-6
18.400000000000006	1.7644528451560867e-6
18.6	1.6850393855024769e-6
18.800000000000004	1.609200120308526e-6
19.0	1.5367741843185477e-6
19.200000000000003	1.4676079524156825e-6
19.400000000000006	1.4015547137420582e-6
19.6	1.338474360527346e-6
19.800000000000004	1.2782330908835192e-6
20.0	1.2207031250036603e-6
