-20.0	261000.9679396034
-19.5	164996.19475826668
-19.0	104329.79222007445
-18.5	65986.80408879905
-18.0	41747.77874129347
-17.5	26421.164442196437
-17.0	16727.435291951544
-16.5	10594.586762024179
-16.0	6713.306571633544
-15.5	4256.077960277713
-15.0	2699.781820754108
-14.5	1713.6490490891395
-14.0	1088.479738565833
-13.5	691.9241027925791
-13.0	440.22443945353496
-12.5	280.35555931266833
-12.0	178.73490913654112
-11.5	114.08407394603869
-11.0	72.91400945490517
-10.5	46.668847176696644
-10.0	29.91839340873533
-9.5	19.213872289416578
-9.0	12.36325511166855
-8.5	7.972115411627236
-8.0	5.152575527658928
-7.5	3.3387056684455305
-7.0	2.1693691169685647
-6.5	1.4138208675927095
-6.0	0.9244220249059086
-5.5	0.6065624303390995
-5.0	0.39951135710805424
-4.5	0.2642132628621163
-4.0	0.17550096511935964
-3.5	0.1171211158035705
-3.0	0.07855191422422327
-2.5	0.05296427177331074
-2.0	0.035913404762118496
-1.5	0.024497654998310074
-1.0	0.01681662575235935
-0.5	0.01162137937821678
0.0	0.00808809579991772
0.5	0.00567124885533894
1.0	0.004008106575937457
1.5	0.0028564340319097836
2.0	0.0020537289012097924
2.5	0.0014904588228829606
3.0	0.0010924295292857574
3.5	8.091254754948037e-4
4.0	6.059697933144276e-4
4.5	4.591650550639856e-4
5.0	3.5223961187509596e-4
5.5	2.737253775858318e-4
6.0	2.155891813070302e-4
6.5	1.7216810932962716e-4
7.0	1.394434044423312e-4
7.5	1.1454287629788517e-4
8.0	9.539836718147688e-5
8.5	8.0509075176985e-5
9.0	6.877764703854984e-5
9.5	5.939662269172508e-5
10.0	5.176980521015296e-5
10.5	4.5457645354404345e-5
11.0	4.013867617287525e-5
11.5	3.558115770599497e-5
12.0	3.1620932122574465e-5
12.5	2.8143238732204877e-5
13.0	2.5067700182357924e-5
13.5	2.2336507868730148e-5
14.0	1.9905919028569328e-5
14.5	1.774078369907266e-5
15.0	1.581140761498525e-5
15.5	1.4091917303955726e-5
16.0	1.2559432444382105e-5
16.5	1.1193605716704163e-5
17.0	9.97631157632059e-6
17.5	8.891397050260112e-6
18.0	7.924465962307627e-6
18.5	7.0626877231138546e-6
19.0	6.294627058970813e-6
19.5	5.6100922715098184e-6
20.0	5.000000000000076e-6
