-20.0	1019535.0310140759
-19.8	848639.5326806217
-19.6	706414.7261846567
-19.4	588047.3290316882
-19.2	489532.5556079457
-19.0	407538.25086160057
-18.8	339291.86969135934
-18.6	282486.4501512888
-18.4	235202.39189807954
-18.2	195842.38308289959
-18.0	163077.2607098234
-17.8	135800.97232219757
-17.6	113093.10340358512
-17.4	94187.70230306088
-17.2	78447.34283230283
-17.0	65341.544109185925
-16.8	54428.81592657122
-16.6	45341.71984136435
-16.4	37774.439431109146
-16.2	31472.438127456982
-16.0	26223.85379535497
-15.8	21852.338283294735
-15.6	18211.099208171974
-15.399999999999999	15177.94201903297
-15.2	12651.144336094396
-15.0	10546.022737383995
-14.8	8792.07576635123
-14.6	7330.60632699455
-14.399999999999999	6112.743044084019
-14.2	5097.79354512604
-14.0	4251.873978776428
-13.8	3546.7683838692847
-13.6	2958.9793388577154
-13.399999999999999	2468.9377848475547
-13.2	2060.345317021122
-13.0	1719.6267166159
-12.8	1435.474229381823
-12.6	1198.4682028337406
-12.399999999999999	1000.7612745754584
-12.2	835.8154553311223
-12.0	698.1832388152169
-11.799999999999999	583.325357030525
-11.6	487.459039913624
-11.4	407.4316667549581
-11.2	340.6155555880473
-11.0	284.8203494333117
-10.799999999999999	238.2200522591001
-10.6	199.29226173616917
-10.399999999999999	166.7675568439603
-10.2	139.58734076435124
-10.0	116.8687242529115
-9.799999999999999	97.87527166121045
-9.6	81.99262915482228
-9.399999999999999	68.70821881448832
-9.2	57.594319023205266
-9.0	48.293965279955685
-8.799999999999999	40.509200301365915
-8.6	33.99128109653484
-8.399999999999999	28.53251632495791
-8.2	23.959461884659895
-8.0	20.12724815491564
-7.799999999999999	16.91485019750648
-7.6	14.221143738180947
-7.399999999999999	11.96161601278801
-7.199999999999999	10.06562241798024
-7.0	8.474098113156666
-6.799999999999999	7.1376488798542095
-6.6	6.014958169964592
-6.399999999999999	5.071457790514745
-6.199999999999999	4.278218430929797
-6.0	3.611023534788833
-5.799999999999999	3.049596095560306
-5.6	2.576953019021783
-5.399999999999999	2.1788659136526003
-5.199999999999999	1.8434106849572554
-5.0	1.5605912387034135
-4.799999999999999	1.3220250387491
-4.6	1.1206802993343183
-4.399999999999999	0.9506562872496643
-4.199999999999999	0.80699962258499
-4.0	0.6855506449975496
-3.8000000000000007	0.5828148948104462
-3.599999999999998	0.49585557731534013
-3.3999999999999986	0.4222035617748245
-3.1999999999999993	0.35978203629342187
-3.0	0.3068434149383909
-2.8000000000000007	0.26191648991785965
-2.599999999999998	0.22376215237624408
-2.3999999999999986	0.191336281371387
-2.1999999999999993	0.163758630929782
-2.0	0.14028673735202848
-1.8000000000000007	0.12029402943974918
-1.5999999999999979	0.10325145833883062
-1.3999999999999986	0.08871207560767563
-1.1999999999999993	0.07629808160015564
-1.0	0.0656899443451555
-0.7999999999999972	0.05661725435299143
-0.5999999999999979	0.04885103531109483
-0.3999999999999986	0.04219727621206983
-0.1999999999999993	0.03649148856613996
0.0	0.031594124218429644
0.20000000000000284	0.027386715947948864
0.40000000000000213	0.023768625325578517
0.6000000000000014	0.020654300971596932
0.8000000000000007	0.017970965974495386
1.0	0.015656666312256082
1.2000000000000028	0.013658623071293096
1.4000000000000021	0.011931840434840912
1.6000000000000014	0.010437929102202396
1.8000000000000007	0.009144111246141198
2.0	0.008022378520350943
2.200000000000003	0.007048779162319809
2.400000000000002	0.0062028140403945255
2.6000000000000014	0.005466924686444974
2.8000000000000007	0.004826059035946879
3.0	0.0042673028487726005
3.200000000000003	0.0037795666757387755
3.400000000000002	0.0033533198261189
3.6000000000000014	0.002980364128533924
3.8000000000000007	0.002653641402560779
4.0	0.0023670695051345243
4.200000000000003	0.002115402612984584
4.400000000000002	0.0018941120738107417
4.600000000000001	0.001699284724788866
4.800000000000001	0.0015275360541288105
5.0	0.0013759359838871265
5.200000000000003	0.0012419453919278877
5.400000000000002	0.0011233617777575717
5.600000000000001	0.0010182727193045929
5.800000000000001	9.250159725847879e-4
6.0	8.421452394806029e-4
6.200000000000003	7.684007755050054e-4
6.400000000000002	7.02684133617625e-4
6.600000000000001	6.440364454185419e-4
6.800000000000001	5.916197302705586e-4
7.0	5.447007986028649e-4
7.200000000000003	5.026373799368877e-4
7.400000000000002	4.6486616075506267e-4
7.600000000000001	4.30892463679967e-4
7.800000000000001	4.0028133885019584e-4
8.0	3.7264987180264913e-4
8.200000000000003	3.476605405370505e-4
8.400000000000002	3.250154784867585e-4
8.600000000000001	3.044515203739054e-4
8.8	2.857359250541663e-4
9.0	2.6866268374433846e-4
9.200000000000003	2.530493340363827e-4
9.400000000000002	2.387342100464603e-4
9.600000000000001	2.2557406740834755e-4
9.8	2.1344202878656774e-4
10.0	2.022258016021626e-4
10.200000000000003	1.9182612490578263e-4
10.400000000000002	1.8215540717396868e-4
10.600000000000001	1.7313652141036647e-4
10.8	1.6470172849066545e-4
11.0	1.5679170380029906e-4
11.200000000000003	1.493546497999543e-4
11.400000000000002	1.4234547555260686e-4
11.600000000000001	1.357250335540326e-4
11.8	1.2945941062078643e-4
12.0	1.2351926610380806e-4
12.200000000000003	1.1787921784705765e-4
12.399999999999999	1.1251727724975933e-4
12.600000000000001	1.0741433552247773e-4
12.800000000000004	1.02553703151688e-4
13.0	9.792070383733676e-5
13.200000000000003	9.350232292097375e-5
13.399999999999999	8.928690884019451e-5
13.600000000000001	8.526392465713561e-5
13.800000000000004	8.142374542528981e-5
14.0	7.775749620534966e-5
14.200000000000003	7.425692500081547e-5
14.399999999999999	7.091430475408408e-5
14.600000000000001	6.77223587739802e-5
14.800000000000004	6.467420447510275e-5
15.0	6.17633109960369e-5
15.200000000000003	5.898346702983879e-5
15.399999999999999	5.632875596380749e-5
15.600000000000001	5.37935361248984e-5
15.800000000000004	5.1372424525458456e-5
16.0	4.906028298586798e-5
16.200000000000003	4.6852205878084706e-5
16.4	4.4743508999897706e-5
16.6	4.2729719272532936e-5
16.800000000000004	4.080656507397015e-5
17.0	3.896996709500287e-5
17.200000000000003	3.721602964944976e-5
17.4	3.554103239521763e-5
17.6	3.394142243664306e-5
17.800000000000004	3.2413806785923526e-5
18.0	3.095494516526452e-5
18.200000000000003	2.9561743133522174e-5
18.400000000000006	2.8231245522382882e-5
18.6	2.696063016802572e-5
18.800000000000004	2.574720192493009e-5
19.0	2.4588386949105176e-5
19.200000000000003	2.348172723862183e-5
19.400000000000006	2.2424875419861558e-5
19.6	2.141558976842209e-5
19.800000000000004	2.0451729454119525e-5
20.0	1.9531250000000654e-5
