-20.0	4.037899378484203e15
-19.5	4.1481016373720665e15
-19.0	4.331856632903559e15
-18.5	4.648858305010551e15
-18.0	5.226099519356189e15
-17.5	6.385532201188949e15
-17.0	9.194581202182264e15
-16.5	1.965850736556898e16
-16.0	2.70680325973821024e17
-15.5	2.5122592753836252e16
-15.0	2.6822409369186765e15
-14.5	6.303732163311972e14
-14.0	1.9179193580196466e14
-13.5	6.581000046351754e13
-13.0	2.408932041903052e13
-12.5	9.155081822056285e12
-12.0	3.560105754225022e12
-11.5	1.4047921483510852e12
-11.0	5.597409124111656e11
-10.5	2.245575667880688e11
-10.0	9.055049942605339e10
-9.5	3.666502633071775e10
-9.0	1.4900047067545033e10
-8.5	6.075794373912839e9
-8.0	2.4859293396112843e9
-7.5	1.0206881803711538e9
-7.0	4.2063503829655904e8
-6.5	1.740387822473655e8
-6.0	7.232016181371811e7
-5.5	3.019329885288307e7
-5.0	1.2670182365110466e7
-4.5	5346585.758253027
-4.0	2269907.1456749425
-3.5	970085.4985635628
-3.0	417571.3501696605
-2.5	181148.41841167634
-2.0	79250.53272015597
-1.5	34988.93293518454
-1.0	15600.332174802792
-0.5	7029.789339432714
0.0	3204.0829218548142
0.5	1478.3683196690374
1.0	691.1302027555183
1.5	327.6662517685119
2.0	157.69151932660836
2.5	77.11013555515929
3.0	38.35051056440407
3.5	19.418761886797363
4.0	10.02064304651662
4.5	5.274955516684104
5.0	2.835319292677739
5.5	1.5575191046616184
6.0	0.8751260552370462
6.5	0.5033065409736833
7.0	0.29647786321140124
7.5	0.17896621367109827
8.0	0.1107477646040238
8.5	0.07027388007184235
9.0	0.0457302796650905
9.5	0.0305190928609329
10.0	0.020886312688748687
10.5	0.014655582272798201
11.0	0.010541250298100428
11.5	0.007769464251753728
12.0	0.005865658723800421
12.5	0.004533359947435032
13.0	0.0035839079253009013
13.5	0.002895026710829543
14.0	0.0023860071893907664
14.5	0.0020026167689503435
15.0	0.001707802759280451
15.5	0.0014759033518989338
16.0	0.0012890057522745228
16.5	0.001134615629558666
17.0	0.0010041096855381757
17.5	8.916414157769715e-4
18.0	7.933136411001955e-4
18.5	7.065347122272407e-4
19.0	6.295337927897976e-4
19.5	5.610255083462023e-4
20.0	5.000031351876273e-4
