-20.0	1.4223246774977871
-19.5	1.2678600893080885
-19.0	1.130140198389398
-18.5	1.0073409566824683
-18.0	0.8978365343310306
-17.5	0.8001777673218454
-17.0	0.7130729526328282
-16.5	0.6353707367568336
-16.0	0.5660448712735915
-15.5	0.504180634153875
-15.0	0.4489627376579262
-14.5	0.39966456356943436
-14.0	0.35563858422745903
-13.5	0.31630784360062736
-13.0	0.2811583866210407
-12.5	0.24973253735732975
-12.0	0.22162293729495924
-11.5	0.19646726415048274
-11.0	0.17394355912340217
-10.5	0.15376609625820797
-10.0	0.13568173153344143
-9.5	0.11946667129001115
-9.0	0.10492359974016024
-8.5	0.09187910374606584
-8.0	0.08018133050555681
-7.5	0.06969781140110151
-7.0	0.060313384956256925
-6.5	0.0519281561347486
-6.0	0.04445544099067386
-5.5	0.03781966736751758
-5.0	0.03195423476749697
-4.5	0.026799377425143864
-4.0	0.02230011769504893
-3.5	0.018404431835466768
-3.0	0.015061765050758371
-2.5	0.012222017405277882
-2.0	0.009835074150244075
-1.5	0.007850880631288925
-1.0	0.006219980464061705
-0.5	0.004894367759674412
0.0	0.0038284681164906104
0.5	0.0029800668496358907
1.0	0.002311041783399767
1.5	0.001787817450275843
2.0	0.001381520004397032
2.5	0.001067862995338272
3.0	8.268256562955446e-4
3.5	6.421969517950203e-4
4.0	5.010546355041041e-4
4.5	3.932352793550147e-4
5.0	3.108345207300108e-4
5.5	2.47760825088363e-4
6.0	1.9935314728815358e-4
6.5	1.620637130421661e-4
7.0	1.332014698696757e-4
7.5	1.1072884992566556e-4
8.0	9.310351542748302e-5
8.5	7.915697745620094e-5
9.0	6.800280447813686e-5
9.5	5.8968146451917625e-5
10.0	5.1543229533863715e-5
10.5	4.534422310246839e-5
11.0	4.008551039265871e-5
11.5	3.5558092873170825e-5
12.0	3.161178464114311e-5
12.5	2.8139965108842805e-5
13.0	2.5066657635049848e-5
13.5	2.2336216815592502e-5
14.0	1.990584896462037e-5
14.5	1.7740769419333635e-5
15.0	1.581140520071479e-5
15.5	1.4091916973001632e-5
16.0	1.2559432408527632e-5
16.5	1.119360571372135e-5
17.0	9.976311576135925e-6
17.5	8.89139705025191e-6
18.0	7.924465962307314e-6
18.5	7.0626877231139e-6
19.0	6.294627058970826e-6
19.5	5.610092271509806e-6
20.0	5.000000000000028e-6
