-20.0	12.499999999999954
-19.5	11.140636726672014
-19.0	9.929102934053631
-18.5	8.849322304801774
-18.0	7.886966806002372
-17.5	7.029266564879312
-17.0	6.26484042034106
-16.5	5.583544901887109
-16.0	4.9763396319187585
-15.5	4.4351673654196375
-15.0	3.9528470752105047
-14.5	3.5229786640806267
-14.0	3.139858039386985
-13.5	2.798401423210443
-13.0	2.494077893711148
-12.5	2.2228492625486402
-12.0	1.981116490576355
-11.5	1.765671930778438
-11.0	1.5736567647426545
-10.5	1.402523067877452
-10.0	1.2499999999999802
-9.5	1.1140636726672017
-9.0	0.9929102934053695
-8.5	0.8849322304801928
-8.0	0.7886966806002595
-7.5	0.7029266564879499
-7.0	0.6264840420340798
-6.5	0.5583544901886792
-6.0	0.49763396319184283
-5.5	0.4435167365419524
-5.0	0.3952847075210482
-4.5	0.35229786640807875
-4.0	0.3139858039387146
-3.5	0.27984014232103865
-3.0	0.2494077893710932
-2.5	0.22228492625484797
-2.0	0.19811164905764786
-1.5	0.17656719307786803
-1.0	0.15736567647427027
-0.5	0.14025230678772765
0.0	0.1250000000000016
0.5	0.11140636726673443
1.0	0.09929102934052167
1.5	0.08849322304800993
2.0	0.07886966806003835
2.5	0.07029266564877795
3.0	0.06264840420342213
3.5	0.05583544901886101
4.0	0.049763396319196074
4.5	0.044351673654185866
5.0	0.03952847075211817
5.5	0.03522978664079661
6.0	0.03139858039386216
6.5	0.027984014232113663
7.0	0.0249407789371221
7.5	0.02222849262549609
8.0	0.01981116490577376
8.5	0.017656719307791415
9.0	0.0157365676474192
9.5	0.014025230678777563
10.0	0.012499999999993463
10.5	0.011140636726676957
11.0	0.009929102901796934
11.5	0.008849322234863248
12.0	0.007886966780297293
12.5	0.007029266559397004
13.0	0.0062648404195459325
13.5	0.005583544901805379
14.0	0.004976339631913788
14.5	0.004435167365419183
15.0	0.0039528470752103395
15.5	0.003522978664080447
16.0	0.00313985803938689
16.5	0.002798401423210365
17.0	0.0024940778937110305
17.5	0.0022228492625486177
18.0	0.00198111649057636
18.5	0.0017656719307784245
19.0	0.0015736567647426953
19.5	0.001402523067877424
20.0	0.0012499999999999792
