-20.0	3.4396266487393388
-19.5	3.0659092416176734
-19.0	2.7328332518166203
-18.5	2.4359789632188056
-18.0	2.171407299660188
-17.5	1.9356075557828922
-17.0	1.7254508120916645
-16.5	1.5381484160864738
-16.0	1.3712149785197214
-15.5	1.2224353937745558
-15.0	1.089835446729715
-14.5	0.9716556160932012
-14.0	0.8663277265767089
-13.5	0.7724541401041092
-13.0	0.6887892099221687
-12.5	0.6142227515218842
-12.0	0.5477653110252982
-11.5	0.4885350355506223
-11.0	0.435745971318344
-10.5	0.38869763420283665
-10.0	0.3467657143142065
-9.5	0.30939379123238303
-9.0	0.27608594992201957
-8.5	0.24640019929266335
-8.0	0.21994260600726256
-7.5	0.19636206561377262
-7.0	0.17534564151108942
-6.5	0.15661440976767976
-6.0	0.13991975449418495
-5.5	0.1250400644133352
-5.0	0.11177778655722219
-4.5	0.09995679772061819
-4.0	0.08942005848151827
-3.5	0.08002751832715874
-3.0	0.07165424376005869
-2.5	0.06418874427000928
-2.0	0.057531473817025086
-1.5	0.051593488062728586
-1.0	0.04629524011749245
-0.5	0.0415655001666202
0.0	0.03734038715934818
0.5	0.03356250397378508
1.0	0.03018017129730668
1.5	0.02714676002566996
2.0	0.024420127255827116
2.5	0.02196216652387505
3.0	0.019738487715239433
3.5	0.017718243861995057
4.0	0.015874117303207265
4.5	0.014182461822776448
5.0	0.012623566338948854
5.5	0.011181959455853235
6.0	0.009846621719274131
6.5	0.008610935531978758
7.0	0.007472212694675848
7.5	0.006430721906060794
8.0	0.005488288627918443
8.5	0.004646706935282803
9.0	0.003906305990668397
9.5	0.0032649889555067583
10.0	0.0027179121105993164
10.5	0.002257769806919436
11.0	0.0018754917549534003
11.5	0.0015611003271749965
12.0	0.0013045122600335048
12.5	0.0010961563178373587
13.0	9.273673503645409e-4
13.5	7.905786443416697e-4
14.0	6.793640485840232e-4
14.5	5.883856306605207e-4
15.0	5.132930534740048e-4
15.5	4.5060592679466394e-4
16.0	3.9759556312864077e-4
16.5	3.52171162162579e-4
17.0	3.1276945385477637e-4
17.5	2.7824662371850616e-4
18.0	2.4777497974354777e-4
18.5	2.207505384190494e-4
19.0	1.9671820243570643e-4
19.5	1.7531792739269888e-4
20.0	1.5625048987180342e-4
