-20.0	17.078484674680958
-19.5	15.224603924726335
-19.0	13.572237541750818
-18.5	12.099465355445812
-18.0	10.786750652822503
-17.5	9.61668096173064
-17.0	8.573737023899062
-16.5	7.6440868922996765
-16.0	6.8154024209163975
-15.5	6.076695712378581
-15.0	5.418173353733082
-14.5	4.83110650680618
-14.0	4.3077151301329915
-13.5	3.84106479711198
-13.0	3.424974742334432
-12.5	3.0539359173032445
-12.0	2.7230379697545057
-11.5	2.4279041795217804
-11.0	2.164633489717348
-10.5	1.9297488664328817
-10.0	1.7201513044007164
-9.5	1.5330788711088137
-9.0	1.36607024875458
-8.5	1.21693229283705
-8.0	1.0837111788411142
-7.5	0.9646667548232951
-7.0	0.8582497581586076
-6.5	0.7630815894789881
-6.0	0.677936366081435
-5.5	0.6017250008731305
-5.0	0.5334810713787077
-4.5	0.47234825671105163
-4.0	0.41756912933315893
-3.5	0.3684750941056423
-3.0	0.3244772715549068
-2.5	0.2850581285600924
-2.0	0.24976367176490333
-1.5	0.21819604159492334
-1.0	0.19000638206761977
-0.5	0.1648879160249631
0.0	0.1425692256678787
0.5	0.1228078175879134
1.0	0.10538412720462684
1.5	0.09009617255616659
2.0	0.07675508435173146
2.5	0.06518170623552144
3.0	0.05520437579145744
3.5	0.0466578765682582
4.0	0.03938341999846629
4.5	0.03322940407346682
5.0	0.02805262882730483
5.5	0.0237196399694728
6.0	0.020107918241892706
6.5	0.017106716758843624
7.0	0.014617448722423824
7.5	0.012553621469262335
8.0	0.010840383996673085
8.5	0.009413796042052459
9.0	0.008219936392044505
9.5	0.007213950272253192
10.0	0.006359098376702935
10.5	0.005625825768989387
11.0	0.004990833946337388
11.5	0.004436129736908336
12.0	0.003948045853689499
12.5	0.0035162684718558703
13.0	0.003132941299392037
13.5	0.0027919179614097804
14.0	0.0024882048468847814
14.5	0.0022175908225290242
15.0	0.0019764247447385643
15.5	0.001761489497517346
16.0	0.001569929037620593
16.5	0.001399200713096603
17.0	0.001247038946947787
17.5	0.0011114246312784115
18.0	9.90558245288314e-4
18.5	8.828359653892268e-4
19.0	7.868283823713508e-4
19.5	7.012615339387199e-4
20.0	6.249999999999976e-4
