-20.0	55.40422111662298
-19.5	45.92430978028383
-19.0	38.01172251223166
-18.5	31.418368009252404
-18.0	25.93332818805508
-17.5	21.37766315981086
-17.0	17.599880148571284
-16.5	14.471990676143545
-16.0	11.88608786071861
-15.5	9.75138252162447
-15.0	7.9916430224917745
-14.5	6.542989482779918
-14.0	5.35199819077361
-13.5	4.374076803770679
-13.0	3.5720752572869667
-12.5	2.9151012553107902
-12.0	2.377512804056067
-11.5	1.9380635066747396
-11.0	1.5791792776373412
-10.5	1.2863477842800102
-10.0	1.047604299316345
-9.5	0.8530997715807822
-9.0	0.6947388120498849
-8.5	0.5658769669647278
-8.0	0.4610681278416002
-7.5	0.3758542269534913
-7.0	0.3065905034154215
-6.5	0.25030061545497684
-6.0	0.20455673408849206
-5.5	0.16738049654013673
-5.0	0.13716133765932373
-4.5	0.11258926656309627
-4.0	0.09259962496640602
-3.5	0.07632776334086148
-3.0	0.06307191031570068
-2.5	0.0522627978030781
-2.0	0.043438846468747155
-1.5	0.03622591980927565
-1.0	0.030320825879634354
-0.5	0.025477888565097487
0.0	0.021498029483921068
0.5	0.018219900830250255
1.0	0.015512691881155423
1.5	0.013270300183692229
2.0	0.011406614863279376
2.5	0.009851705919977768
3.0	0.008548751321526778
3.5	0.007451564384710189
4.0	0.0065226083717686255
4.5	0.005731404340635706
5.0	0.005053253079314356
5.5	0.004468203649327007
6.0	0.003960211144699266
6.5	0.003516436272250705
7.0	0.0031266503695407733
7.5	0.002782721544139665
8.0	0.0024781694274797115
8.5	0.0022077853072644507
9.0	0.0019673190311806283
9.5	0.0017532334453810201
10.0	0.0015625226883803545
10.5	0.0013925852508963764
11.0	0.0012411390789174796
11.5	0.0011061655003971372
12.0	9.858708808330168e-4
12.5	8.786583239866374e-4
13.0	7.831050528344076e-4
13.5	6.97943112755397e-4
14.0	6.220424539908795e-4
14.5	5.543959206774853e-4
15.0	4.941058844013098e-4
15.5	4.4037233301006946e-4
16.0	3.9248225492337173e-4
16.5	3.4980017790130474e-4
17.0	3.1175973671388585e-4
17.5	2.778561578185814e-4
18.0	2.4763956132204903e-4
18.5	2.207089913473086e-4
19.0	1.9670709559283843e-4
19.5	1.7531538348468167e-4
20.0	1.5625000000000114e-4
