-20.0	11.006431083299741
-19.5	9.810591491305132
-19.0	8.744795867241935
-18.5	7.794902442834129
-18.0	6.948307291619038
-17.5	6.193777099917777
-17.0	5.521300122231608
-16.5	4.921953343770854
-16.0	4.387784087807698
-15.5	3.9117044971659283
-15.0	3.487397489931697
-14.5	3.1092329416931315
-14.0	2.7721929822694875
-13.5	2.471805415811938
-13.0	2.2040843809123585
-12.5	1.965477463409502
-12.0	1.7528185601761652
-11.5	1.563285868462309
-11.0	1.3943644433593645
-10.5	1.2438128265416712
-10.0	1.1096333034388965
-9.5	0.9900453941096122
-9.0	0.8834622259606076
-8.5	0.7884694746545711
-8.0	0.7038065935772913
-7.5	0.6283500825417284
-7.0	0.5610985733938341
-6.5	0.5011595342068094
-6.0	0.44773741512813253
-5.5	0.4001230779584466
-5.0	0.35768436845212326
-4.5	0.3198577053661013
-4.0	0.2861405736631487
-3.5	0.25608482120151616
-3.0	0.22929066891779876
-2.5	0.2054013541445961
-2.0	0.18409833553277716
-1.5	0.16509699634326488
-1.0	0.14814279096770872
-0.5	0.13300778784429904
0.0	0.11948757096011131
0.5	0.10739847246356342
1.0	0.09657512115550783
1.5	0.08686830623003841
2.0	0.07814317250616024
2.5	0.07027778123224397
3.0	0.06316208582812352
3.5	0.05669737765057557
4.0	0.05079624169801028
4.5	0.045383011420083746
5.0	0.04039461246675092
5.5	0.03578153717689544
6.0	0.03150852371435995
6.5	0.027554395733092447
7.0	0.023910550490310108
7.5	0.020577846898778195
8.0	0.017562125224039344
8.5	0.014869125191729407
9.0	0.012499898908622287
9.5	0.010447735550431384
10.0	0.008697134649274631
10.5	0.007224717956489784
11.0	0.006001460741591939
11.5	0.004995435008605207
12.0	0.004174374856445242
12.5	0.0035076530607861317
13.0	0.002967541796395394
13.5	0.0025298282003925476
14.0	0.002173949154505006
14.5	0.001882823776487214
15.0	0.0016425314270737735
15.5	0.0014419352404124025
16.0	0.0012723037469753102
16.5	0.00112694666457883
17.0	0.001000861754692986
17.5	8.90388982347197e-4
18.0	7.928798529204817e-4
18.5	7.064016948940542e-4
19.0	6.294982394600177e-4
19.5	5.610173656819025e-4
20.0	5.000015818557152e-4
