-20.0	2.6098538695641324e7
-19.5	1.6498836294892326e7
-19.0	1.0432585417768348e7
-18.5	6598482.31699955
-18.0	4174678.1822344735
-17.5	2642066.2483870257
-17.0	1672718.2401574985
-16.5	1059445.9275248596
-16.0	671324.2260755716
-15.5	425604.5491995247
-15.0	269976.54135054804
-14.5	171364.07496643052
-14.0	108847.55356943468
-13.5	69192.19718475842
-13.0	44022.33574545715
-12.5	28035.500906653335
-12.0	17873.462881556603
-11.5	11408.3930849144
-11.0	7291.393625075294
-10.5	4666.880963374035
-10.0	2991.837410122968
-9.5	1921.3862329046904
-9.0	1236.324995550081
-8.5	797.2112732093525
-8.0	515.2574129161892
-7.5	333.8704935021622
-7.0	216.93687302651603
-6.5	141.38206624812221
-6.0	92.44219153984213
-5.5	60.6562371446013
-5.0	39.95113251806319
-4.5	26.42132454012229
-4.0	17.55009554781004
-3.5	11.712111042444464
-3.0	7.855191118941512
-2.5	5.296427004054057
-2.0	3.5913403760225306
-1.5	2.4497654411292515
-1.0	1.6816625403679342
-0.5	1.1621379168181627
0.0	0.8088095671594004
0.5	0.5671248775823885
1.0	0.4008106525976493
1.5	0.2856434000092201
2.0	0.20537288806855686
2.5	0.1490458809482868
3.0	0.10924295204399707
3.5	0.08091254695972293
4.0	0.06059697893488621
4.5	0.04591650523788761
5.0	0.035223961004772944
5.5	0.027372537633847553
6.0	0.021558918045525073
6.5	0.017216810874947853
7.0	0.013944340404962818
7.5	0.011454287603483635
8.0	0.009539836700799479
8.5	0.00805090750650057
9.0	0.006877764696828714
9.5	0.005939662264920804
10.0	0.005176980518555947
10.5	0.004545764534093633
11.0	0.004013867616605284
11.5	0.003558115770264092
12.0	0.00316209321211545
12.5	0.0028143238731610865
13.0	0.002506770018213732
13.5	0.0022336507868702237
14.0	0.0019905919028558195
14.5	0.0017740783699069327
15.0	0.001581140761498468
15.5	0.0014091917303955942
16.0	0.001255943244438193
16.5	0.001119360571670419
17.0	9.97631157632047e-4
17.5	8.891397050260113e-4
18.0	7.924465962307583e-4
18.5	7.062687723113929e-4
19.0	6.294627058970833e-4
19.5	5.610092271509822e-4
20.0	5.000000000000045e-4
