-20.0	42.05389387121727
-19.5	36.933253014790424
-19.0	32.40704383145361
-18.5	28.40845162392361
-18.0	24.878045394261534
-17.5	21.76296811449751
-17.0	19.0162154286246
-16.5	16.59599314888141
-16.0	14.465144958570606
-15.5	12.59064266879545
-15.0	10.943132209961432
-14.5	9.49652928160265
-14.0	8.227659246067134
-13.5	7.115936441519489
-13.0	6.143078615492298
-12.5	5.292852648771255
-12.0	4.550848157003594
-11.5	3.904275929587058
-11.0	3.3417884970862235
-10.5	2.853320414010132
-10.0	2.429946107231379
-9.5	2.0637533750762564
-9.0	1.7477308313001896
-8.5	1.475667774547385
-8.0	1.242065129907389
-7.5	1.0420562570409526
-7.0	0.8713365509523532
-6.5	0.7261008785730533
-6.0	0.6029879983878852
-5.5	0.4990312027452365
-5.0	0.4116145043895378
-4.5	0.3384337612269891
-4.0	0.27746219728634
-3.5	0.22691983408935332
-3.0	0.1852463959983906
-2.5	0.15107729620709337
-2.0	0.12322234763133177
-1.5	0.10064687567037606
-1.0	0.0824549384216492
-0.5	0.06787438518242317
0.0	0.0562435068781358
0.5	0.04699905335153628
1.0	0.03966541327423166
1.5	0.0338447738666704
2.0	0.029208100650242017
2.5	0.025486802849543907
3.0	0.022464978202435093
3.5	0.019972161643261873
4.0	0.017876534507148586
4.5	0.0160785826568331
5.0	0.014505220593552307
5.5	0.013104420724128225
6.0	0.011840399579978948
6.5	0.010689413331925803
7.0	0.009636202940738268
7.5	0.008671106278469698
8.0	0.0077878243647461105
8.5	0.006981796987034467
9.0	0.006249114980453443
9.5	0.0055858767156024966
10.0	0.004987886940757531
10.5	0.004450596792508733
11.0	0.003969191140936506
11.5	0.00353875513920452
12.0	0.0031544349261537503
12.5	0.0028115923617546266
13.0	0.0025059032221380474
13.5	0.00223340964791843
14.0	0.0019905340466010914
14.5	0.0017740666142731752
15.0	0.0015811387795394152
15.5	0.0014091914593965527
16.0	0.0012559432151487604
16.5	0.0011193605692401908
17.0	9.976311574834652e-4
17.5	8.891397050204563e-4
18.0	7.924465962312266e-4
18.5	7.062687723118933e-4
19.0	6.29462705897037e-4
19.5	5.610092271512901e-4
20.0	5.000000000013861e-4
