-20.0	0.004523993674114582
-19.8	0.0043243258480803745
-19.6	0.004133642333020267
-19.4	0.003951538665011101
-19.2	0.0037776285792675644
-19.0	0.0036115431908351975
-18.8	0.003452930212150038
-18.6	0.0033014532058049644
-18.4	0.003156790870935948
-18.2	0.0030186363617197972
-18.0	0.0028866966365312455
-17.8	0.002760691836385003
-17.6	0.0026403546913404737
-17.4	0.0025254299536129395
-17.2	0.0024156738561864066
-17.0	0.0023108535957824953
-16.8	0.0022107468390875867
-16.6	0.0021151412511914293
-16.4	0.00202383404523612
-16.2	0.0019366315523230925
-16.0	0.0018533488107639472
-15.8	0.0017738091738046017
-15.6	0.0016978439349922656
-15.399999999999999	0.0016252919703899
-15.2	0.001555999396879931
-15.0	0.0014898192458332044
-14.8	0.0014266111514516836
-14.6	0.0013662410531239976
-14.399999999999999	0.0013085809111638936
-14.2	0.001253508435328152
-14.0	0.0012009068255406149
-13.8	0.001150664524271296
-13.6	0.0011026749800485455
-13.399999999999999	0.0010568364216015785
-13.2	0.0010130516421561079
-13.0	9.712277934278508e-4
-12.8	9.312761888759741e-4
-12.6	8.931121158036331e-4
-12.399999999999999	8.566546559052052e-4
-12.2	8.218265138828329e-4
-12.0	7.885538537720097e-4
-11.799999999999999	7.567661426281483e-4
-11.6	7.263960012460851e-4
-11.4	6.973790615979177e-4
-11.2	6.696538306891877e-4
-11.0	6.431615605468524e-4
-10.799999999999999	6.178461240662681e-4
-10.6	5.936538964565589e-4
-10.399999999999999	5.705336420360684e-4
-10.2	5.4843640614079e-4
-10.0	5.27315411920648e-4
-9.799999999999999	5.071259618074132e-4
-9.6	4.878253434503017e-4
-9.399999999999999	4.6937273992280317e-4
-9.2	4.517291440153103e-4
-9.0	4.34857276436964e-4
-8.799999999999999	4.1872150775607735e-4
-8.6	4.0328778392025185e-4
-8.399999999999999	3.885235552034136e-4
-8.2	3.743977084336987e-4
-8.0	3.6088050236460787e-4
-7.799999999999999	3.47943506058069e-4
-7.6	3.3555954015454645e-4
-7.399999999999999	3.237026209115983e-4
-7.199999999999999	3.1234790689860627e-4
-7.0	3.0147164824014276e-4
-6.799999999999999	2.9105113830707214e-4
-6.6	2.810646677576993e-4
-6.399999999999999	2.714914808378355e-4
-6.199999999999999	2.623117338537472e-4
-6.0	2.5350645573197654e-4
-5.799999999999999	2.4505751058890614e-4
-5.6	2.3694756223384037e-4
-5.399999999999999	2.2916004053287708e-4
-5.199999999999999	2.216791095642804e-4
-5.0	2.1448963749826332e-4
-4.799999999999999	2.075771681359165e-4
-4.6	2.0092789404672331e-4
-4.399999999999999	1.9452863123863782e-4
-4.199999999999999	1.8836679530435257e-4
-4.0	1.8243037898216512e-4
-3.8000000000000007	1.7670793107234516e-4
-3.599999999999998	1.7118853664806422e-4
-3.3999999999999986	1.6586179850147772e-4
-3.1999999999999993	1.6071781976306396e-4
-3.0	1.5574718762727106e-4
-2.8000000000000007	1.5094095812661918e-4
-2.599999999999998	1.4629064187802093e-4
-2.3999999999999986	1.417881907349244e-4
-2.1999999999999993	1.374259852697996e-4
-2.0	1.3319682300888503e-4
-1.8000000000000007	1.2909390733807283e-4
-1.5999999999999979	1.2511083699494725e-4
-1.3999999999999986	1.2124159605254528e-4
-1.1999999999999993	1.1748054430747181e-4
-1.0	1.1382240796981849e-4
-0.7999999999999972	1.1026227055617558e-4
-0.5999999999999979	1.0679556387686363e-4
-0.3999999999999986	1.0341805901842126e-4
-0.1999999999999993	1.0012585720659342e-4
0.0	9.691538044423714e-5
0.20000000000000284	9.378336181664517e-5
0.40000000000000213	9.072683536551131e-5
0.6000000000000014	8.77431254214479e-5
0.8000000000000007	8.482983531470464e-5
1.0	8.198483537663024e-5
1.2000000000000028	7.920625015777629e-5
1.4000000000000021	7.649244481465294e-5
1.6000000000000014	7.384201061948887e-5
1.8000000000000007	7.125374957401594e-5
2.0	6.872665813899916e-5
2.200000000000003	6.625991009184942e-5
2.400000000000002	6.385283858306311e-5
2.6000000000000014	6.150491746159637e-5
2.8000000000000007	5.921574198940898e-5
3.0	5.698500908019814e-5
3.200000000000003	5.481249723537365e-5
3.400000000000002	5.269804636780283e-5
3.6000000000000014	5.064153773701391e-5
3.8000000000000007	4.8642874228736006e-5
4.0	4.670196124465604e-5
4.200000000000003	4.481868845227215e-5
4.400000000000002	4.299291267282712e-5
4.600000000000001	4.122444215217243e-5
4.800000000000001	3.951302246658369e-5
5.0	3.78583242941383e-5
5.200000000000003	3.6259933234488785e-5
5.400000000000002	3.471734182512124e-5
5.600000000000001	3.3229943861524e-5
5.800000000000001	3.179703108424468e-5
6.0	3.0417792227478474e-5
6.200000000000003	2.9091314349571245e-5
6.400000000000002	2.781658633689804e-5
6.600000000000001	2.6592504424836135e-5
6.800000000000001	2.541787947745052e-5
7.0	2.429144575433835e-5
7.200000000000003	2.3211870906890474e-5
7.400000000000002	2.2177766826788985e-5
7.600000000000001	2.1187701017267278e-5
7.800000000000001	2.024020820969182e-5
8.0	1.9333801818013528e-5
8.200000000000003	1.8466985025660074e-5
8.400000000000002	1.7638261205437267e-5
8.600000000000001	1.6846143467878197e-5
8.8	1.6089163223338547e-5
9.0	1.5365877577609634e-5
9.200000000000003	1.4674875609590045e-5
9.400000000000002	1.4014783422517524e-5
9.600000000000001	1.3384268099371878e-5
9.8	1.2782040580156234e-5
10.0	1.2206857570005417e-5
10.200000000000003	1.1657522643580853e-5
10.400000000000002	1.1132886588077653e-5
10.600000000000001	1.0631847191115696e-5
10.8	1.0153348569811845e-5
11.0	9.696376633804937e-6
11.200000000000003	9.259972353785773e-6
11.400000000000002	8.8432080505164e-6
11.600000000000001	8.445199996226277e-6
11.8	8.06510441573162e-6
12.0	7.702115462408354e-6
12.200000000000003	7.355463438283314e-6
12.399999999999999	7.024413181963367e-6
12.600000000000001	6.70826257097209e-6
12.800000000000004	6.40634104729737e-6
13.0	6.118008215106544e-6
13.200000000000003	5.842652491043498e-6
13.399999999999999	5.579689813713605e-6
13.600000000000001	5.328562405077452e-6
13.800000000000004	5.088737591126403e-6
14.0	4.859706671779757e-6
14.200000000000003	4.640983841806075e-6
14.399999999999999	4.43210516077111e-6
14.600000000000001	4.232627569005182e-6
14.800000000000004	4.042127947788757e-6
15.0	3.860202221890661e-6
15.200000000000003	3.6864645024491235e-6
15.399999999999999	3.5205462684689565e-6
15.600000000000001	3.3620955851335847e-6
15.800000000000004	3.2107763572985625e-6
16.0	3.0662676165921633e-6
16.200000000000003	2.928262840604123e-6
16.4	2.7964693026969693e-6
16.6	2.6706074511123872e-6
16.800000000000004	2.5504103159831024e-6
17.0	2.43562294308168e-6
17.200000000000003	2.3260018529844316e-6
17.4	2.22131452467275e-6
17.6	2.121338902283897e-6
17.800000000000004	2.0258629241197553e-6
18.0	1.9346840728296714e-6
18.200000000000003	1.8476089458467344e-6
18.400000000000006	1.7644528451560867e-6
18.6	1.6850393855024769e-6
18.800000000000004	1.609200120308526e-6
19.0	1.5367741843185477e-6
19.200000000000003	1.4676079524156825e-6
19.400000000000006	1.4015547137420582e-6
19.6	1.338474360527346e-6
19.800000000000004	1.2782330908835192e-6
20.0	1.2207031250036603e-6
