-20.0	2.6040831718605557
-19.5	2.321541996360929
-19.0	2.0697269083919925
-18.5	1.845296474507964
-18.0	1.6452726389516124
-17.5	1.4670012066640459
-17.0	1.308116623691497
-16.5	1.1665105877063795
-16.0	1.0403040720735637
-15.5	0.9278223922713417
-15.0	0.8275729837772461
-14.5	0.7382255965720956
-14.0	0.6585946434213846
-13.5	0.5876234677179503
-13.0	0.5243703221021683
-12.5	0.4679958718059432
-12.0	0.4177520568638629
-11.5	0.3729721653812639
-11.0	0.33306198610041354
-10.5	0.2974919228190178
-10.0	0.2657899659676067
-9.5	0.23753542799777697
-9.0	0.2123533593574923
-8.5	0.18990957081770127
-8.0	0.16990619592676656
-7.5	0.1520777344804035
-7.0	0.13618752421560404
-6.5	0.12202459353353397
-6.0	0.10940085301437394
-5.5	0.09814858785663702
-5.0	0.08811821722593649
-4.5	0.0791762898748603
-4.0	0.07120368836318451
-3.5	0.0640940168211524
-3.0	0.057752149541581775
-2.5	0.0520929198714998
-2.0	0.047039931071374774
-1.5	0.042524473284319145
-1.0	0.038484533915170975
-0.5	0.03486389316690483
0.0	0.03161130307792102
0.5	0.02867975825035461
1.0	0.026025880721538087
1.5	0.023609460786981465
2.0	0.021393218956661967
2.5	0.019342876509974724
3.0	0.017427630926217196
3.5	0.015621105484296143
4.0	0.013902749461692683
4.5	0.012259483335046862
5.0	0.010687128601105808
5.5	0.009190931555937804
6.0	0.007784469519537438
6.5	0.0064865991862925
7.0	0.0053168612508375235
7.5	0.004290555614539644
8.0	0.003415022678038886
8.5	0.0026882155149731933
9.0	0.0020996717280293118
9.5	0.001633100409111967
10.0	0.0012694534741629906
10.5	9.89567760282276e-4
11.0	7.7593995145984e-4
11.5	6.136182316567775e-4
12.0	4.904227056603099e-4
12.5	3.967583024530648e-4
13.0	3.252377695092501e-4
13.5	2.7025764015530586e-4
14.0	2.2760470478293046e-4
14.5	1.9412566159552897e-4
15.0	1.6746667858119404e-4
15.5	1.4587652676818896e-4
16.0	1.2806130224268163e-4
16.5	1.1307715064257106e-4
17.0	1.0024839194739612e-4
17.5	8.910149641158165e-5
18.0	7.930967422048934e-5
18.5	7.064682127383434e-5
19.0	6.295160199009239e-5
19.5	5.6102143797746204e-5
20.0	5.00002351387483e-5
