-20.0	4.037899378484203e13
-19.5	4.1481016373720664e13
-19.0	4.331856632903559e13
-18.5	4.6488583050105516e13
-18.0	5.226099519356189e13
-17.5	6.3855322011889484e13
-17.0	9.194581202182264e13
-16.5	1.9658507365568978e14
-16.0	2.7068032597382105e15
-15.5	2.5122592753836253e14
-15.0	2.6822409369186766e13
-14.5	6.303732163311973e12
-14.0	1.9179193580196465e12
-13.5	6.581000046351754e11
-13.0	2.4089320419030518e11
-12.5	9.155081822056285e10
-12.0	3.560105754225022e10
-11.5	1.404792148351085e10
-11.0	5.597409124111656e9
-10.5	2.245575667880688e9
-10.0	9.055049942605339e8
-9.5	3.666502633071775e8
-9.0	1.4900047067545033e8
-8.5	6.075794373912839e7
-8.0	2.4859293396112844e7
-7.5	1.020688180371154e7
-7.0	4206350.382965591
-6.5	1740387.822473655
-6.0	723201.6181371812
-5.5	301932.9885288307
-5.0	126701.82365110466
-4.5	53465.85758253027
-4.0	22699.071456749425
-3.5	9700.854985635628
-3.0	4175.713501696605
-2.5	1811.4841841167633
-2.0	792.5053272015597
-1.5	349.8893293518454
-1.0	156.00332174802793
-0.5	70.29789339432715
0.0	32.04082921854815
0.5	14.783683196690374
1.0	6.911302027555183
1.5	3.276662517685119
2.0	1.5769151932660836
2.5	0.7711013555515929
3.0	0.38350510564404067
3.5	0.19418761886797362
4.0	0.1002064304651662
4.5	0.052749555166841045
5.0	0.028353192926777394
5.5	0.015575191046616184
6.0	0.008751260552370462
6.5	0.005033065409736834
7.0	0.0029647786321140126
7.5	0.0017896621367109826
8.0	0.001107477646040238
8.5	7.027388007184234e-4
9.0	4.57302796650905e-4
9.5	3.05190928609329e-4
10.0	2.0886312688748687e-4
10.5	1.4655582272798202e-4
11.0	1.0541250298100429e-4
11.5	7.769464251753728e-5
12.0	5.865658723800421e-5
12.5	4.533359947435032e-5
13.0	3.5839079253009015e-5
13.5	2.8950267108295428e-5
14.0	2.3860071893907662e-5
14.5	2.0026167689503435e-5
15.0	1.707802759280451e-5
15.5	1.4759033518989339e-5
16.0	1.289005752274523e-5
16.5	1.134615629558666e-5
17.0	1.0041096855381756e-5
17.5	8.916414157769715e-6
18.0	7.933136411001955e-6
18.5	7.065347122272407e-6
19.0	6.295337927897976e-6
19.5	5.610255083462023e-6
20.0	5.000031351876273e-6
