-20.0	0.10748833277310434
-19.5	0.0958096638005523
-19.0	0.08540103911926938
-18.5	0.07612434260058767
-18.0	0.06785647811438088
-17.5	0.06048773611821538
-17.0	0.053920337877864516
-16.5	0.048067138002702306
-16.0	0.042850468078741294
-15.5	0.03820110605545487
-15.0	0.0340573577103036
-14.5	0.030364238002912537
-14.0	0.027072741455522152
-13.5	0.024139191878253412
-13.0	0.021524662810067773
-12.5	0.01919446098505888
-12.0	0.01711766596954057
-11.5	0.015266719860956946
-11.0	0.01361706160369825
-10.5	0.012146801068838645
-10.0	0.010836428572318953
-9.5	0.00966855597601197
-9.0	0.008627685935063112
-8.5	0.00770000622789573
-8.0	0.006873206437726955
-7.5	0.006136314550430394
-7.0	0.005479551297221544
-6.5	0.004894200305239993
-6.0	0.00437249232794328
-5.5	0.003907502012916725
-5.0	0.0034930558299131934
-4.5	0.0031236499287693184
-4.0	0.002794376827547446
-3.5	0.0025008599477237105
-3.0	0.002239195117501834
-2.5	0.00200589825843779
-2.0	0.001797858556782034
-1.5	0.0016122965019602683
-1.0	0.001446726253671639
-0.5	0.0012989218802068813
0.0	0.0011668870987296307
0.5	0.0010488282491807838
1.0	9.431303530408338e-4
1.5	8.483362508021863e-4
2.0	7.631289767445974e-4
2.5	6.863177038710953e-4
3.0	6.168277411012323e-4
3.5	5.536951206873455e-4
4.0	4.96066165725227e-4
4.5	4.43201931961764e-4
5.0	3.944864480921517e-4
5.5	3.494362329954136e-4
6.0	3.077069287273166e-4
6.5	2.690917353743362e-4
7.0	2.3350664670862025e-4
7.5	2.009600595643998e-4
8.0	1.7150901962245134e-4
8.5	1.452095917275876e-4
9.0	1.220720622083874e-4
9.5	1.020309048595862e-4
10.0	8.493475345622864e-5
10.5	7.055530646623237e-5
11.0	5.860911734229376e-5
11.5	4.878438522421864e-5
12.0	4.0766008126047025e-5
12.5	3.425488493241746e-5
13.0	2.8980229698891903e-5
13.5	2.4705582635677177e-5
14.0	2.1230126518250725e-5
14.5	1.8387050958141273e-5
15.0	1.604040792106265e-5
15.5	1.4081435212333248e-5
16.0	1.2424861347770024e-5
16.5	1.1005348817580594e-5
17.0	9.774045432961761e-6
17.5	8.695206991203317e-6
18.0	7.742968116985868e-6
18.5	6.898454325595293e-6
19.0	6.147443826115826e-6
19.5	5.47868523102184e-6
20.0	4.882827808493857e-6
