-20.0	2610009.679396034
-19.5	1649961.9475826668
-19.0	1043297.9222007445
-18.5	659868.0408879905
-18.0	417477.7874129347
-17.5	264211.64442196436
-17.0	167274.35291951546
-16.5	105945.86762024178
-16.0	67133.06571633543
-15.5	42560.779602777126
-15.0	26997.81820754108
-14.5	17136.490490891396
-14.0	10884.79738565833
-13.5	6919.241027925791
-13.0	4402.24439453535
-12.5	2803.5555931266836
-12.0	1787.3490913654114
-11.5	1140.8407394603869
-11.0	729.1400945490517
-10.5	466.6884717669665
-10.0	299.1839340873533
-9.5	192.13872289416577
-9.0	123.6325511166855
-8.5	79.72115411627236
-8.0	51.52575527658928
-7.5	33.3870566844553
-7.0	21.69369116968565
-6.5	14.138208675927094
-6.0	9.244220249059087
-5.5	6.065624303390995
-5.0	3.9951135710805428
-4.5	2.6421326286211633
-4.0	1.7550096511935964
-3.5	1.171211158035705
-3.0	0.7855191422422326
-2.5	0.5296427177331074
-2.0	0.35913404762118495
-1.5	0.24497654998310076
-1.0	0.1681662575235935
-0.5	0.1162137937821678
0.0	0.0808809579991772
0.5	0.056712488553389395
1.0	0.04008106575937456
1.5	0.028564340319097836
2.0	0.020537289012097927
2.5	0.014904588228829608
3.0	0.010924295292857574
3.5	0.008091254754948037
4.0	0.006059697933144276
4.5	0.004591650550639856
5.0	0.0035223961187509593
5.5	0.0027372537758583184
6.0	0.002155891813070302
6.5	0.0017216810932962718
7.0	0.001394434044423312
7.5	0.0011454287629788515
8.0	9.539836718147689e-4
8.5	8.0509075176985e-4
9.0	6.877764703854984e-4
9.5	5.939662269172507e-4
10.0	5.176980521015296e-4
10.5	4.5457645354404346e-4
11.0	4.0138676172875244e-4
11.5	3.5581157705994967e-4
12.0	3.162093212257446e-4
12.5	2.8143238732204875e-4
13.0	2.506770018235792e-4
13.5	2.233650786873015e-4
14.0	1.9905919028569328e-4
14.5	1.774078369907266e-4
15.0	1.581140761498525e-4
15.5	1.4091917303955725e-4
16.0	1.2559432444382104e-4
16.5	1.1193605716704164e-4
17.0	9.97631157632059e-5
17.5	8.891397050260113e-5
18.0	7.924465962307628e-5
18.5	7.062687723113854e-5
19.0	6.294627058970813e-5
19.5	5.6100922715098184e-5
20.0	5.0000000000000755e-5
