-20.0	2.167725028025599
-19.5	1.935499724445782
-19.0	1.7285233992316307
-18.5	1.5440496121090752
-18.0	1.379630520330978
-17.5	1.2330843979333435
-17.0	1.1024666863629033
-16.5	0.9860441923752955
-16.0	0.8822720908767714
-15.5	0.7897734276121705
-15.0	0.7073208497923696
-14.5	0.6338203223322134
-14.0	0.5682966137427649
-13.5	0.5098803592303487
-13.0	0.4577965295176754
-12.5	0.41135415259405417
-12.0	0.36993715227756063
-11.5	0.3329961823450993
-11.0	0.300041348269698
-10.5	0.2706357204545154
-10.0	0.24438955345043306
-9.5	0.22095513511249823
-9.0	0.20002219812194494
-8.5	0.18131383388597774
-8.0	0.1645828556156983
-7.5	0.14960856346946913
-7.0	0.1361938700885891
-6.5	0.12416274971185808
-6.0	0.11335797836870765
-5.5	0.10363913645349068
-5.0	0.09488084826822556
-4.5	0.08697123590282546
-4.0	0.07981056706553005
-3.5	0.07331007814088457
-3.0	0.06739095482175299
-2.5	0.06198345305699134
-2.0	0.05702614279632738
-1.5	0.05246525607949863
-1.0	0.04825411953293611
-0.5	0.04435264946388896
0.0	0.04072688584699698
0.5	0.03734854005761013
1.0	0.034194530886844945
1.5	0.0312464849589055
2.0	0.028490181978757394
2.5	0.02591493285978731
3.0	0.023512889915481193
3.5	0.021278302465053238
4.0	0.01920674684603561
4.5	0.01729437442533032
5.0	0.015537231497882869
5.5	0.013930707277568535
6.0	0.012469158142446446
6.5	0.011145737101771535
7.0	0.009952429720372333
7.5	0.008880266981182364
8.0	0.007919659298430764
8.5	0.007060781461687158
9.0	0.0062939398160755024
9.5	0.005609869591436783
10.0	0.004999935974565886
10.5	0.004456238588443791
11.0	0.003971636256494624
11.5	0.0035397276905819106
12.0	0.0031547865041462544
12.5	0.002811706596106971
13.0	0.002505936165030396
13.5	0.0022334179604887347
14.0	0.0019905358527609086
14.5	0.0017740669461707536
15.0	0.001581138830086142
15.5	0.001409191465633064
16.0	0.0012559432157562345
16.5	0.0011193605692856145
17.0	9.976311574859432e-4
17.5	8.891397050205163e-4
18.0	7.924465962312266e-4
18.5	7.062687723118933e-4
19.0	6.29462705897037e-4
19.5	5.610092271512901e-4
20.0	5.000000000013861e-4
