-20.0	22.09181030369097
-19.5	19.253055462473835
-19.0	16.755292562159834
-18.5	14.559516865375361
-18.0	12.631066931411612
-17.5	10.939146381573162
-17.0	9.456398007037842
-16.5	8.158524510982643
-16.0	7.023950798837633
-15.5	6.033523284984379
-15.0	5.170242178324355
-14.5	4.419023149533223
-14.0	3.7664851752677246
-13.5	3.200761704359628
-13.0	2.7113326027175426
-12.5	2.2888746114248764
-12.0	1.9251282999980484
-11.5	1.612779717277492
-11.0	1.3453551388063172
-10.5	1.1171274844378332
-10.0	0.9230331355561537
-9.5	0.7585980197249228
-9.0	0.6198719535975497
-8.5	0.5033703440964036
-8.0	0.40602244460586256
-7.5	0.325125448454866
-7.0	0.2583037773980944
-6.5	0.20347298912306988
-6.0	0.15880778592633518
-5.5	0.12271365746921983
-5.0	0.09380173477865898
-4.5	0.07086647125552749
-4.0	0.05286580030173254
-3.5	0.03890344927224879
-3.0	0.028213116904911635
-2.5	0.020144247394770526
-2.0	0.014149160158364146
-1.5	0.009771321375938205
-1.0	0.006634572777413995
-0.5	0.0044331656879090615
0.0	0.0029224843283056083
0.5	0.0019103811746703312
1.0	0.0012490871283537236
1.5	8.276974668189079e-4
2.0	5.652671383987739e-4
2.5	4.045715170894129e-4
3.0	3.065971937426886e-4
3.5	2.458192183858627e-4
4.0	2.0629657839273547e-4
4.5	1.7858017372329515e-4
5.0	1.5738398308253257e-4
5.5	1.3992932909676477e-4
6.0	1.248426755185491e-4
6.5	1.1147488717684849e-4
7.0	9.951536265292776e-5
7.5	8.879412624052037e-5
8.0	7.919196531452618e-5
8.5	7.060580870297139e-5
9.0	6.293864913506512e-5
9.5	5.60984500217032e-5
10.0	4.999928873326144e-5
10.5	4.456236800138378e-5
11.0	3.971635869248463e-5
11.5	3.539727619717005e-5
12.0	3.1547864934021576e-5
12.5	2.8117065947901757e-5
13.0	2.505936164907552e-5
13.5	2.233417960477757e-5
14.0	1.9905358527612994e-5
14.5	1.7740669461711046e-5
15.0	1.5811388300863704e-5
15.5	1.4091914656331861e-5
16.0	1.2559432157564387e-5
16.5	1.1193605692857656e-5
17.0	9.976311574861452e-6
17.5	8.891397050206473e-6
18.0	7.924465962313665e-6
18.5	7.062687723120131e-6
19.0	6.294627058970326e-6
19.5	5.6100922715141e-6
20.0	5.0000000000163244e-6
