-20.0	0.31563775863841864
-19.5	0.2779962676052801
-19.0	0.24469433302967078
-18.5	0.21524487460604927
-18.0	0.18921458678375402
-17.5	0.16621804672587964
-17.0	0.14591246576788344
-16.5	0.12799301425910212
-16.0	0.11218865730231856
-15.5	0.09825844570694606
-15.0	0.08598821253063373
-14.5	0.07518763098547275
-14.0	0.06568759429626823
-13.5	0.05733788238668565
-13.0	0.05000508408998062
-12.5	0.04357074698610135
-12.0	0.037929730000510226
-11.5	0.03298873660403949
-11.0	0.028665008862069373
-10.5	0.02488516472849814
-10.0	0.02158416289348356
-9.5	0.018704381199620444
-9.0	0.0161947961617464
-8.5	0.014010252481506101
-8.0	0.012110812656973648
-7.5	0.010461177866512933
-7.0	0.00903017226886443
-6.5	0.007790283720946261
-6.0	0.006717254682591626
-5.5	0.005789717763275528
-5.0	0.00498887097889641
-4.5	0.004298188334692558
-4.0	0.0037031618403371236
-3.5	0.003191071501395902
-3.0	0.0027507802229755646
-2.5	0.0023725509114403687
-2.0	0.0020478833727283806
-1.5	0.00176936888489109
-1.0	0.0015305605713901338
-0.5	0.0013258579233863795
0.0	0.0011504040163248044
0.5	9.99994140585332e-4
1.0	8.709947191818522e-4
1.5	7.6027151790681e-4
2.0	6.651262642803194e-4
2.5	5.832408793862042e-4
3.0	5.126285885598068e-4
3.5	4.515912107152506e-4
4.0	3.986819321209996e-4
4.5	3.5267285436570454e-4
5.0	3.1252658264958834e-4
5.5	2.773711136169807e-4
6.0	2.464773224713139e-4
6.5	2.1923846372606158e-4
7.0	1.951512959189939e-4
7.5	1.7379869155854791e-4
8.0	1.548338381501246e-4
8.5	1.3796629682936057e-4
9.0	1.2295020355559147e-4
9.5	1.0957476832023522e-4
10.0	9.76570062754778e-5
10.5	8.703641309562056e-5
11.0	7.757115696003673e-5
11.5	6.913533732784297e-5
12.0	6.161692908093442e-5
12.5	5.49161451306895e-5
13.0	4.8944065790741464e-5
13.5	4.362144454634534e-5
14.0	3.887765337438167e-5
14.5	3.4649745042340274e-5
15.0	3.088161777508135e-5
15.5	2.752327081312894e-5
16.0	2.453014093271043e-5
16.5	2.186251111883128e-5
17.0	1.948498354461766e-5
17.5	1.7366009863661214e-5
18.0	1.547747258262795e-5
18.5	1.3794311959206624e-5
19.0	1.2294193474552356e-5
19.5	1.0957211467792498e-5
20.0	9.765624999999963e-6
