-20.0	49.3339212346387
-19.8	46.82690339139721
-19.6	44.440678295480495
-19.4	42.16962274718124
-19.2	40.00837076304849
-19.0	37.95180190301063
-18.8	35.99503012500859
-18.6	34.13339314338681
-18.4	32.362442268305976
-18.2	30.67793270446702
-18.0	29.075814288474103
-17.8	27.55222264498328
-17.6	26.103470742815215
-17.4	24.726040832941894
-17.2	23.416576751135423
-17.0	22.171876568835497
-16.8	20.988885576505826
-16.6	19.864689584493927
-16.4	18.79650852706386
-16.2	17.78169035591649
-16.0	16.81770521013816
-15.8	15.902139850103806
-15.6	15.03269234342149
-15.399999999999999	14.207166991543463
-15.2	13.423469486176911
-15.0	12.679602285135495
-14.8	11.973660197705593
-14.6	11.303826170098958
-14.399999999999999	10.668367261925226
-14.2	10.065630805093507
-14.0	9.494040736885726
-13.8	8.952094099351049
-13.6	8.43835769750448
-13.399999999999999	7.951464909168073
-13.2	7.490112639601909
-13.0	7.053058414390604
-12.8	6.639117604346147
-12.6	6.2471607764607935
-12.399999999999999	5.876111165223954
-12.2	5.524942258869208
-12.0	5.192675495357132
-11.799999999999999	4.878378063148764
-11.6	4.581160802029443
-11.4	4.300176199475671
-11.2	4.034616478245659
-11.0	3.7837117710785035
-10.799999999999999	3.5467283785718937
-10.6	3.322967106481199
-10.399999999999999	3.1117616788594002
-10.2	2.912477223614489
-10.0	2.724508827215506
-9.799999999999999	2.547280155431103
-9.6	2.3802421371194713
-9.399999999999999	2.2228717082281118
-9.2	2.07467061328644
-9.0	1.935164261800859
-8.799999999999999	1.8039006370764004
-8.6	1.6804492551017816
-8.399999999999999	1.564400171242116
-8.2	1.4553630325837887
-8.0	1.3529661738769827
-7.799999999999999	1.2568557551078618
-7.6	1.1666949388282832
-7.399999999999999	1.0821631054492733
-7.199999999999999	1.0029551047891492
-7.0	0.9287805422419734
-6.799999999999999	0.8593630980053523
-6.6	0.794439877877596
-6.399999999999999	0.7337607941994007
-6.199999999999999	0.6770879755796436
-6.0	0.6241952041043762
-5.799999999999999	0.5748673787860135
-5.6	0.528900004064621
-5.399999999999999	0.4860987022242429
-5.199999999999999	0.44627874863785083
-5.0	0.40926462880038206
-4.799999999999999	0.37488961615439176
-4.6	0.34299536975544404
-4.399999999999999	0.3134315508638041
-4.199999999999999	0.2860554575875735
-4.0	0.26073167673865016
-3.8000000000000007	0.23733175209603954
-3.599999999999998	0.21573386830491287
-3.3999999999999986	0.19582254966891569
-3.1999999999999993	0.17748837312314145
-3.0	0.16062769470215682
-2.8000000000000007	0.14514238884357464
-2.599999999999998	0.13093959989216153
-2.3999999999999986	0.11793150519229192
-2.1999999999999993	0.106035089179663
-2.0	0.09517192790289444
-1.8000000000000007	0.0852679834268188
-1.5999999999999979	0.07625340758748927
-1.3999999999999986	0.06806235458795415
-1.1999999999999993	0.0606328019415405
-1.0	0.05390637928627397
-0.7999999999999972	0.04782820461168576
-0.5999999999999979	0.04234672745539728
-0.3999999999999986	0.037413578643825794
-0.1999999999999993	0.0329834261679688
0.0	0.029013836802255492
0.20000000000000284	0.02546514309126243
0.40000000000000213	0.022300315347577225
0.6000000000000014	0.0194848383215969
0.8000000000000007	0.016986592223633742
1.0	0.01477573779836118
1.2000000000000028	0.012824605172344112
1.4000000000000021	0.011107586217129012
1.6000000000000014	0.009601030193073984
1.8000000000000007	0.008283142462529277
2.0	0.00713388608589965
2.200000000000003	0.006134886138780244
2.400000000000002	0.005269336615185083
2.6000000000000014	0.004521909807649352
2.8000000000000007	0.0038786680821619695
3.0	0.003326977992285086
3.200000000000003	0.0028554267030616565
3.400000000000002	0.002453740720699501
3.6000000000000014	0.0021127069480962094
3.8000000000000007	0.0018240961085355953
4.0	0.0015805886002568112
4.200000000000003	0.001375702861507972
4.400000000000002	0.001203726340280241
4.600000000000001	0.001059649172888458
4.800000000000001	9.391006822871602e-4
5.0	8.382888089769316e-4
5.200000000000003	7.539425844505279e-4
5.400000000000002	6.832577498568032e-4
5.600000000000001	6.238456106168067e-4
5.800000000000001	5.736852014119838e-4
6.0	5.310788151990833e-4
6.200000000000003	4.946109255513676e-4
6.400000000000002	4.631105050968548e-4
6.600000000000001	4.3561671391031926e-4
6.800000000000001	4.1134790072639506e-4
7.0	3.8967383003559234e-4
7.200000000000003	3.7009101954321835e-4
7.400000000000002	3.522010435185021e-4
7.600000000000001	3.3569163401317285e-4
7.800000000000001	3.203203920003288e-4
8.0	3.059009018740299e-4
8.200000000000003	2.92291034192198e-4
8.400000000000002	2.7938321324218776e-4
8.600000000000001	2.6709642578490905e-4
8.8	2.5536975187821526e-4
9.0	2.441572051986717e-4
9.200000000000003	2.3342368536675986e-4
9.400000000000002	2.2314185683551971e-4
9.600000000000001	2.132897895957304e-4
9.8	2.0384921348131892e-4
10.0	1.9480425826782485e-4
10.200000000000003	1.8614057146770235e-4
10.400000000000002	1.7784472176997536e-4
10.600000000000001	1.6990381538648522e-4
10.8	1.623052658313872e-4
11.0	1.5503661473026533e-4
11.200000000000003	1.4808571368214257e-4
11.400000000000002	1.414403631481563e-4
11.600000000000001	1.3508856102921015e-4
11.8	1.2901850020680312e-4
12.0	1.2321860263596096e-4
12.200000000000003	1.1767755606682971e-4
12.399999999999999	1.1238434841631384e-4
12.600000000000001	1.0732829693295675e-4
12.800000000000004	1.0249906991200808e-4
13.0	9.788670175750325e-5
13.200000000000003	9.348160160156122e-5
13.399999999999999	8.927455639367729e-5
13.600000000000001	8.525672927631276e-5
13.800000000000004	8.14196543164086e-5
14.0	7.775522835650867e-5
14.200000000000003	7.425570080832092e-5
14.399999999999999	7.091366206545562e-5
14.600000000000001	6.772203106065204e-5
14.800000000000004	6.467404239452841e-5
15.0	6.176323335638341e-5
15.200000000000003	5.8983431063554136e-5
15.399999999999999	5.632873987666301e-5
15.600000000000001	5.3793529188846285e-5
15.800000000000004	5.137242164777317e-5
16.0	4.906028183910855e-5
16.200000000000003	4.685220544000269e-5
16.4	4.474350883975752e-5
16.6	4.272971921666195e-5
16.800000000000004	4.080656505537055e-5
17.0	3.896996708919846e-5
17.200000000000003	3.721602964771968e-5
17.4	3.554103239475706e-5
17.6	3.394142243654235e-5
17.800000000000004	3.2413806785916086e-5
18.0	3.095494516527561e-5
18.200000000000003	2.956174313354775e-5
18.400000000000006	2.8231245522497388e-5
18.6	2.696063016803963e-5
18.800000000000004	2.5747201924936416e-5
19.0	2.4588386949096763e-5
19.200000000000003	2.348172723865092e-5
19.400000000000006	2.2424875419872932e-5
19.6	2.1415589768437535e-5
19.800000000000004	2.0451729454136307e-5
20.0	1.9531250000058564e-5
