-20.0	88.8952923436117
-19.5	79.24125558175552
-19.0	70.63376239933737
-18.5	62.958809792654264
-18.0	56.114783395689415
-17.5	50.01111045761534
-17.0	44.567059539551764
-16.5	39.7106710473021
-16.0	35.37780445459947
-15.5	31.51128963461719
-15.0	28.060171103620387
-14.5	24.979035223089646
-14.0	22.22741151421619
-13.5	19.76924022503921
-13.0	17.572399163815042
-12.5	15.60828358483311
-12.0	13.851433580934954
-11.5	12.279204009405172
-11.0	10.871472445212635
-10.5	9.610381016137998
-10.0	8.480108220840089
-9.5	7.466666955625697
-9.0	6.557724983760015
-8.5	5.742443984129115
-8.0	5.011333156597301
-7.5	4.356113212568845
-7.0	3.769586559766058
-6.5	3.2455097584217873
-6.0	2.7784650619171165
-5.5	2.363729210469849
-5.0	1.9971396729685602
-4.5	1.6749610890714914
-4.0	1.393757355940558
-3.5	1.150276989716673
-3.0	0.9413603156723982
-2.5	0.7638760878298676
-2.0	0.6146921343902547
-1.5	0.49068003945555777
-1.0	0.38874877900385657
-0.5	0.30589798497965076
0.0	0.23927925728066315
0.5	0.18625417810224318
1.0	0.14444011146248545
1.5	0.11173859064224019
2.0	0.0863450002748145
2.5	0.06674143720864201
3.0	0.05167660351847154
3.5	0.04013730948718877
4.0	0.03131591471900651
4.5	0.024577204959688417
5.0	0.019427157545625674
5.5	0.015485051568022688
6.0	0.0124595717055096
6.5	0.010128982065135381
7.0	0.00832509186685473
7.5	0.006920553120354098
8.0	0.005818969714217689
8.5	0.004947311091012559
9.0	0.004250175279883554
9.5	0.0036855091532448517
10.0	0.003221451845866482
10.5	0.0028340139439042744
11.0	0.0025053443995411697
11.5	0.0022223808045731767
12.0	0.0019757365400714442
12.5	0.0017587478193026754
13.0	0.0015666661021906155
13.5	0.0013960135509745314
14.0	0.0012441155602887731
14.5	0.0011087980887083521
15.0	9.882128250446743e-4
15.5	8.80744810812602e-4
16.0	7.84964525532977e-4
16.5	6.996003571075844e-4
17.0	6.235194735084953e-4
17.5	5.557123156407443e-4
18.0	4.952791226442071e-4
18.5	4.4141798269461876e-4
19.0	3.9341419118567664e-4
19.5	3.5063076696936285e-4
20.0	3.125000000000018e-4
