-20.0	3.2776119613582484
-19.5	2.922139023969257
-19.0	2.6052701278578363
-18.5	2.3228039139786376
-18.0	2.0709957330621647
-17.5	1.8465079720414013
-17.0	1.646365783440603
-16.5	1.4679176306748885
-16.0	1.3088001260936528
-15.5	1.1669066957552907
-15.0	1.0403596557439903
-14.5	0.9274853302564738
-14.0	0.8267918822000869
-13.5	0.7369495632047844
-13.0	0.6567731222059957
-12.5	0.5852061406037503
-12.0	0.5213070876823535
-11.5	0.4642369129259367
-11.0	0.41324801223449953
-10.5	0.36767442309068105
-10.0	0.3269231195816865
-9.5	0.29046629187739254
-9.0	0.25783450637852656
-8.5	0.22861065216493232
-8.0	0.20242458655311066
-7.5	0.1789483973976434
-7.0	0.15789220224403458
-6.5	0.13900040472314215
-6.0	0.122048327193183
-5.5	0.10683913661030088
-5.0	0.09320097967012773
-4.5	0.08098424584425443
-4.0	0.07005888602178117
-3.5	0.06031173298411248
-3.0	0.05164379975140679
-2.5	0.04396757236621191
-2.0	0.03720436061272003
-1.5	0.0312818149650362
-1.0	0.026131748998551797
-0.5	0.02168841174161472
0.0	0.01788732649392314
0.5	0.014664752567528165
1.0	0.011957745583261974
1.5	0.009704709647864265
2.0	0.00784627196037349
2.5	0.006326282489527301
3.0	0.005092752754020827
3.5	0.004098591271590368
4.0	0.003302054025847192
4.5	0.0026668897684905784
5.0	0.002162209279382437
5.5	0.0017621384378902706
6.0	0.0014453269717442751
6.5	0.0011943820984674652
7.0	9.952846612750852e-4
7.5	8.368301115722865e-4
8.0	7.101216577922098e-4
8.5	6.081301969281523e-4
9.0	5.253258977393184e-4
9.5	4.573791689348701e-4
10.0	4.009235224190503e-4
10.5	3.533690940951743e-4
11.0	3.1275355135118886e-4
11.5	2.776175884102628e-4
12.0	2.4689563490249084e-4
12.5	2.1981790683766507e-4
13.0	1.958251183973258e-4
13.5	1.7449942006498984e-4
14.0	1.5551389766453992e-4
14.5	1.3859964952824647e-4
15.0	1.235265842691052e-4
15.5	1.1009309876599479e-4
16.0	9.812056541151042e-5
16.5	8.74500446151446e-5
17.0	7.793993418712018e-5
17.5	6.946403945502892e-5
18.0	6.19098903305238e-5
18.5	5.5177247836827114e-5
19.0	4.917677389820953e-5
19.5	4.3828845871170235e-5
20.0	3.9062500000000096e-5
