-20.0	0.01853027808917333
-19.5	0.016554158393098987
-19.0	0.01479288090966098
-18.5	0.013223074665744487
-18.0	0.011823909423231967
-17.5	0.010576819281535109
-17.0	0.009465256328325069
-16.5	0.008474471069997885
-16.0	0.007591316728889114
-15.5	0.006804074811059788
-15.0	0.006102299630932777
-14.5	0.005476679730766566
-14.0	0.004918914357414307
-13.5	0.004421603358910402
-13.0	0.003978149041880457
-12.5	0.0035826686899125032
-12.0	0.003229916585050125
-11.5	0.002915214501266275
-11.0	0.002634389751999896
-10.5	0.0023837199748823947
-10.0	0.0021598839272269615
-9.5	0.001959917646731049
-9.0	0.0017811754042857876
-8.5	0.0016212949407418535
-8.0	0.001478166537685429
-7.5	0.001349905524555087
-7.0	0.0012348278711916132
-6.5	0.0011314285567146562
-6.0	0.001038362442678166
-5.5	9.544274110200662e-4
-5.0	8.785495551928797e-4
-4.5	8.097702360721726e-4
-4.0	7.472348323109412e-4
-3.5	6.901830272007121e-4
-3.0	6.379404805212976e-4
-2.5	5.899117334087856e-4
-2.0	5.455741870443915e-4
-1.5	5.044729817376046e-4
-1.0	4.6621658304437454e-4
-0.5	4.304728576931216e-4
0.0	3.969653982995924e-4
0.5	3.654698374104961e-4
1.0	3.3580988570267766e-4
1.5	3.0785284485513275e-4
2.0	2.8150439173733985e-4
2.5	2.5670251370937347e-4
3.0	2.3341059719248912e-4
3.5	2.1160982782593375e-4
4.0	1.9129123325811116e-4
4.5	1.7244786087983543e-4
5.0	1.5506769630878824e-4
5.5	1.391279534657599e-4
6.0	1.2459127696374983e-4
6.5	1.114041836945161e-4
7.0	9.949776180976876e-5
7.5	8.879030306825597e-5
8.0	7.919125224658097e-5
8.5	7.060569654885618e-5
9.0	6.293863455788729e-5
9.5	5.6098448491250117e-5
10.0	4.9999288606742854e-5
10.5	4.456236799338153e-5
11.0	3.9716358692109655e-5
11.5	3.539727619715749e-5
12.0	3.1547864934021284e-5
12.5	2.8117065947901754e-5
13.0	2.505936164907552e-5
13.5	2.233417960477757e-5
14.0	1.9905358527612994e-5
14.5	1.7740669461711046e-5
15.0	1.5811388300863704e-5
15.5	1.4091914656331861e-5
16.0	1.2559432157564387e-5
16.5	1.1193605692857656e-5
17.0	9.976311574861452e-6
17.5	8.891397050206473e-6
18.0	7.924465962313665e-6
18.5	7.062687723120131e-6
19.0	6.294627058970326e-6
19.5	5.6100922715141e-6
20.0	5.0000000000163244e-6
