-20.0	5.000000000000009
-19.5	4.4562546906686915
-19.0	3.9716411736213764
-18.5	3.539728921920724
-18.0	3.1547867224009805
-17.5	2.811706625951769
-17.0	2.50593616813637
-16.5	2.2334179607548332
-16.0	1.9905358527674957
-15.5	1.774066946167879
-15.0	1.5811388300841878
-14.5	1.409191465632226
-14.0	1.255943215754801
-13.5	1.119360569284166
-13.0	0.9976311574844388
-12.5	0.88913970501945
-12.0	0.7924465962305424
-11.5	0.7062687723113582
-11.0	0.6294627058970736
-10.5	0.5610092271509691
-10.0	0.4999999999999939
-9.5	0.4456254690668765
-9.0	0.3971641173621524
-8.5	0.3539728921920759
-8.0	0.315478672240107
-7.5	0.281170662595183
-7.0	0.2505936168136361
-6.5	0.22334179607546956
-6.0	0.1990535852767398
-5.5	0.17740669461677971
-5.0	0.15811388300842077
-4.5	0.14091914656323096
-4.0	0.12559432157548797
-3.5	0.11193605692842001
-3.0	0.09976311574843558
-2.5	0.08891397050193817
-2.0	0.07924465962306042
-1.5	0.07062687723114595
-1.0	0.06294627058970832
-0.5	0.05610092271509015
0.0	0.050000000000000586
0.5	0.04456254690669456
1.0	0.03971641173620854
1.5	0.03539728921920367
2.0	0.031547867224016535
2.5	0.028117066259511093
3.0	0.02505936168136878
3.5	0.02233417960754434
4.0	0.019905358527678628
4.5	0.01774066946167433
5.0	0.015811388300847183
5.5	0.01409191465631838
6.0	0.012559432157544861
6.5	0.011193605692845257
7.0	0.009976311574848854
7.5	0.008891397050198632
8.0	0.007924465962309453
8.5	0.0070626877231164745
9.0	0.006294627058967717
9.5	0.0056100922715111145
10.0	0.004999999999997405
10.5	0.004456254690670831
11.0	0.003971641160711442
11.5	0.00353972889395222
12.0	0.003154786712120802
12.5	0.00281170662375913
13.0	0.00250593616781822
13.5	0.0022334179607222007
14.0	0.001990535852765186
14.5	0.0017740669461677183
15.0	0.001581138830084164
15.5	0.0014091914656322046
16.0	0.0012559432157547823
16.5	0.0011193605692841572
17.0	9.97631157484429e-4
17.5	8.891397050194502e-4
18.0	7.924465962305515e-4
18.5	7.062687723113729e-4
19.0	6.294627058970816e-4
19.5	5.610092271509751e-4
20.0	4.999999999999952e-4
