-20.0	0.1853027808917333
-19.5	0.16554158393098986
-19.0	0.1479288090966098
-18.5	0.1322307466574449
-18.0	0.11823909423231967
-17.5	0.10576819281535109
-17.0	0.09465256328325068
-16.5	0.08474471069997884
-16.0	0.07591316728889114
-15.5	0.06804074811059788
-15.0	0.06102299630932777
-14.5	0.05476679730766566
-14.0	0.04918914357414307
-13.5	0.04421603358910402
-13.0	0.03978149041880456
-12.5	0.03582668689912503
-12.0	0.03229916585050125
-11.5	0.029152145012662754
-11.0	0.02634389751999896
-10.5	0.023837199748823944
-10.0	0.021598839272269618
-9.5	0.019599176467310492
-9.0	0.017811754042857876
-8.5	0.016212949407418534
-8.0	0.01478166537685429
-7.5	0.01349905524555087
-7.0	0.012348278711916133
-6.5	0.011314285567146563
-6.0	0.01038362442678166
-5.5	0.009544274110200661
-5.0	0.008785495551928797
-4.5	0.008097702360721725
-4.0	0.007472348323109413
-3.5	0.006901830272007121
-3.0	0.006379404805212976
-2.5	0.005899117334087855
-2.0	0.005455741870443915
-1.5	0.005044729817376046
-1.0	0.004662165830443745
-0.5	0.004304728576931216
0.0	0.003969653982995924
0.5	0.003654698374104961
1.0	0.0033580988570267767
1.5	0.0030785284485513277
2.0	0.0028150439173733987
2.5	0.0025670251370937345
3.0	0.002334105971924891
3.5	0.0021160982782593373
4.0	0.0019129123325811114
4.5	0.0017244786087983544
5.0	0.0015506769630878824
5.5	0.001391279534657599
6.0	0.0012459127696374983
6.5	0.001114041836945161
7.0	9.949776180976878e-4
7.5	8.879030306825597e-4
8.0	7.919125224658096e-4
8.5	7.060569654885618e-4
9.0	6.293863455788728e-4
9.5	5.609844849125012e-4
10.0	4.999928860674285e-4
10.5	4.4562367993381533e-4
11.0	3.9716358692109654e-4
11.5	3.539727619715749e-4
12.0	3.1547864934021284e-4
12.5	2.8117065947901753e-4
13.0	2.5059361649075516e-4
13.5	2.233417960477757e-4
14.0	1.9905358527612992e-4
14.5	1.7740669461711046e-4
15.0	1.5811388300863706e-4
15.5	1.4091914656331862e-4
16.0	1.2559432157564388e-4
16.5	1.1193605692857655e-4
17.0	9.976311574861452e-5
17.5	8.891397050206473e-5
18.0	7.924465962313665e-5
18.5	7.062687723120132e-5
19.0	6.294627058970326e-5
19.5	5.6100922715141e-5
20.0	5.000000000016325e-5
