-20.0	7.826616661160555
-19.5	6.6275784640915845
-19.0	5.60340826914111
-18.5	4.730069076240529
-18.0	3.9866079911534222
-17.5	3.354789369875595
-17.0	2.8187685776242883
-16.5	2.3648020459511057
-16.0	1.9809897827730218
-15.5	1.6570469060169517
-15.0	1.3841011384924904
-14.5	1.1545135255604386
-14.0	0.9617199230813492
-13.5	0.8000910560047806
-13.0	0.6648091719108813
-12.5	0.5517595126824906
-12.0	0.4574350045545655
-11.5	0.3788527250489969
-11.0	0.3134808472146673
-10.5	0.2591748893724577
-10.0	0.21412221402208748
-9.5	0.1767938242525946
-9.0	0.14590260119379714
-8.5	0.12036721281083473
-8.0	0.09928100354666738
-7.5	0.08188524667936806
-7.0	0.06754620737227235
-6.5	0.05573552474952693
-6.0	0.04601347635341326
-5.5	0.038014738395875464
-5.0	0.03143630063815278
-4.5	0.026027235820746918
-4.0	0.02158006060715532
-3.5	0.01792345827444572
-3.0	0.014916163147397484
-2.5	0.012441833293051518
-2.0	0.010404761524074546
-1.5	0.008726295552916746
-1.0	0.007341856437247586
-0.5	0.006198460495086727
0.0	0.0052526638696060715
0.5	0.004468861100202942
1.0	0.003817879604566799
1.5	0.00327582107466663
2.0	0.002823108595425791
2.5	0.00244370494234368
3.0	0.002124473112867865
3.5	0.0018546547849214604
4.0	0.0016254461549758308
4.5	0.0014296535813646258
5.0	0.0012614137858481147
5.5	0.001115965259289034
6.0	9.894592606517019e-4
6.5	8.788006943516208e-4
7.0	7.815114025008884e-4
7.5	6.956109806301641e-4
8.0	6.195127784779655e-4
8.5	5.51934734363612e-4
9.0	4.918256228426124e-4
9.5	4.383070344608488e-4
10.0	3.9063029395155894e-4
10.5	3.4814621838946306e-4
11.0	3.102847494594749e-4
11.5	2.7654137141529657e-4
12.0	2.4646771965332326e-4
12.5	2.1966458092895916e-4
13.0	1.9577626320208246e-4
13.5	1.744857781883538e-4
14.0	1.5551061349769227e-4
14.5	1.3859898016936985e-4
15.0	1.2352647110032715e-4
15.5	1.1009308325251714e-4
16.0	9.812056373084276e-5
16.5	8.745004447532602e-5
17.0	7.793993417847134e-5
17.5	6.946403945464528e-5
18.0	6.190989033051219e-5
18.5	5.517724783682707e-5
19.0	4.917677389820958e-5
19.5	4.3828845871170357e-5
20.0	3.9062500000000224e-5
