-20.0	0.0044799192284073475
-19.8	0.0042802741427071245
-19.6	0.004089614007165343
-19.4	0.003907534406245453
-19.2	0.003733649124893273
-19.0	0.0035675893293209016
-18.8	0.003409002784666401
-18.6	0.003257553107857013
-18.4	0.003112919054096502
-18.2	0.0029747938354674677
-18.0	0.002842884470190309
-17.8	0.0027169111611779033
-17.6	0.0025966067025479083
-17.4	0.0024817159128474944
-17.2	0.0023719950937838366
-17.0	0.002267211513309459
-16.8	0.002167142911972589
-16.6	0.002071577031479365
-16.4	0.0019803111644698945
-16.2	0.001893151724555074
-16.0	0.0018099138357003221
-15.8	0.0017304209400854798
-15.6	0.0016545044236094897
-15.399999999999999	0.0015820032582449439
-15.2	0.0015127636604864705
-15.0	0.0014466387651632419
-14.8	0.0013834883139314464
-14.6	0.0013231783577762899
-14.399999999999999	0.0012655809729039194
-14.2	0.001210573989410363
-14.0	0.0011580407321589437
-13.8	0.0011078697733130694
-13.6	0.0010599546960020213
-13.399999999999999	0.0010141938686160082
-13.2	9.704902292543656e-4
-13.0	9.287510798686735e-4
-12.8	8.888878896635495e-4
-12.6	8.508161073404177e-4
-12.399999999999999	8.144549817846688e-4
-12.2	7.797273908148506e-4
-12.0	7.465596776355461e-4
-11.799999999999999	7.148814946415266e-4
-11.6	6.846256542467465e-4
-11.4	6.557279864190134e-4
-11.2	6.281272026205176e-4
-11.0	6.017647658653489e-4
-10.799999999999999	5.765847666182322e-4
-10.6	5.525338042729445e-4
-10.399999999999999	5.295608739583338e-4
-10.2	5.076172584327623e-4
-10.0	4.8665642483909795e-4
-9.799999999999999	4.66633926100471e-4
-9.6	4.475073067495823e-4
-9.399999999999999	4.292360129915904e-4
-9.2	4.1178130681133085e-4
-9.0	3.9510618394397235e-4
-8.799999999999999	3.791752955341679e-4
-8.6	3.639548733204304e-4
-8.399999999999999	3.494126581864603e-4
-8.2	3.355178319293956e-4
-8.0	3.2224095210029564e-4
-7.799999999999999	3.0955388978185926e-4
-7.6	2.974297701711173e-4
-7.399999999999999	2.858429158438026e-4
-7.199999999999999	2.7476879258097394e-4
-7.0	2.641839576449827e-4
-6.799999999999999	2.5406601039724996e-4
-6.6	2.443935451540616e-4
-6.399999999999999	2.3514610618308922e-4
-6.199999999999999	2.2630414474868784e-4
-6.0	2.1784897811430285e-4
-5.799999999999999	2.0976275041964185e-4
-5.6	2.0202839535138285e-4
-5.399999999999999	1.9462960053094483e-4
-5.199999999999999	1.8755077354647176e-4
-5.0	1.8077700955982875e-4
-4.799999999999999	1.7429406042235654e-4
-4.6	1.6808830523911062e-4
-4.399999999999999	1.6214672231762363e-4
-4.199999999999999	1.5645686244910152e-4
-4.0	1.5100682346631594e-4
-3.8000000000000007	1.4578522602798404e-4
-3.599999999999998	1.407811905803837e-4
-3.3999999999999986	1.3598431545107565e-4
-3.1999999999999993	1.3138465603122914e-4
-3.0	1.2697270500124178e-4
-2.8000000000000007	1.2273937356743362e-4
-2.599999999999998	1.1867597366408875e-4
-2.3999999999999986	1.1477420108878657e-4
-2.1999999999999993	1.1102611953514173e-4
-2.0	1.0742414548913632e-4
-1.8000000000000007	1.0396103395721163e-4
-1.5999999999999979	1.0062986499556685e-4
-1.3999999999999986	9.742403100519053e-5
-1.1999999999999993	9.43372247689644e-5
-1.0	9.136342819639041e-5
-0.7999999999999972	8.849690174858859e-5
-0.5999999999999979	8.57321745090798e-5
-0.3999999999999986	8.306403487800314e-5
-0.1999999999999993	8.048752185165717e-5
0.0	7.799791685845505e-5
0.20000000000000284	7.559073611783227e-5
0.40000000000000213	7.326172349307153e-5
0.6000000000000014	7.100684379143958e-5
0.8000000000000007	6.882227648637699e-5
1.0	6.670440981775856e-5
1.2000000000000028	6.46498352258844e-5
1.4000000000000021	6.265534208506189e-5
1.6000000000000014	6.0717912684768265e-5
1.8000000000000007	5.883471741197137e-5
2.0	5.700311009410237e-5
2.200000000000003	5.52206234367782e-5
2.400000000000002	5.348496452022429e-5
2.6000000000000014	5.179401028877122e-5
2.8000000000000007	5.014580298828912e-5
3.0	4.853854549177251e-5
3.200000000000003	4.6970596464266344e-5
3.400000000000002	4.5440465309694745e-5
3.6000000000000014	4.394680685493031e-5
3.8000000000000007	4.248841571838038e-5
4.0	4.106422033321971e-5
4.200000000000003	3.967327657651771e-5
4.400000000000002	3.831476098861063e-5
4.600000000000001	3.698796354823858e-5
4.800000000000001	3.5692280000320655e-5
5.0	3.442720374546653e-5
5.200000000000003	3.319231729611731e-5
5.400000000000002	3.1987283322021474e-5
5.600000000000001	3.08118353274931e-5
5.800000000000001	2.9665768025213964e-5
6.0	2.8548927474035275e-5
6.200000000000003	2.746120104672365e-5
6.400000000000002	2.640250733654785e-5
6.600000000000001	2.5372786131625305e-5
6.800000000000001	2.4371988544561612e-5
7.0	2.3400067422728506e-5
7.200000000000003	2.2456968216408052e-5
7.400000000000002	2.1542620386103646e-5
7.600000000000001	2.0656929485082245e-5
7.800000000000001	1.9799770095457107e-5
8.0	1.8970979638972254e-5
8.200000000000003	1.8170353243051913e-5
8.400000000000002	1.739763969135945e-5
8.600000000000001	1.6652538514987732e-5
8.8	1.5934698293450407e-5
9.0	1.524371608855506e-5
9.200000000000003	1.4579138081555817e-5
9.400000000000002	1.394046124961407e-5
9.600000000000001	1.3327136085590431e-5
9.8	1.2738570192114159e-5
10.0	1.2174132623711162e-5
10.200000000000003	1.1633158872767415e-5
10.400000000000002	1.111495625209395e-5
10.600000000000001	1.061880958442207e-5
10.8	1.0143987006382008e-5
11.0	9.689742208899167e-6
11.200000000000003	9.255334541896957e-6
11.400000000000002	8.840011988896343e-6
11.600000000000001	8.443030131579537e-6
11.8	8.063654060178895e-6
12.0	7.70116171259404e-6
12.200000000000003	7.354846856377989e-6
12.399999999999999	7.024021615639406e-6
12.600000000000001	6.7080184960149046e-6
12.800000000000004	6.406191846229311e-6
13.0	6.117918851498234e-6
13.200000000000003	5.842600097229656e-6
13.399999999999999	5.579659773662375e-6
13.600000000000001	5.328545579473987e-6
13.800000000000004	5.0887283946872744e-6
14.0	4.8597017722567496e-6
14.200000000000003	4.640981300513324e-6
14.399999999999999	4.432103879089264e-6
14.600000000000001	4.232626941290342e-6
14.800000000000004	4.042127649657933e-6
15.0	3.860202084773944e-6
15.200000000000003	3.6864644414721297e-6
15.399999999999999	3.520546242291437e-6
15.600000000000001	3.362095574302893e-6
15.800000000000004	3.210776352985823e-6
16.0	3.0662676149442844e-6
16.200000000000003	2.928262840000168e-6
16.4	2.796469302484845e-6
16.6	2.670607451041372e-6
16.800000000000004	2.5504103159606595e-6
17.0	2.435622943074904e-6
17.200000000000003	2.32600185298248e-6
17.4	2.2213145246723163e-6
17.6	2.121338902283897e-6
17.800000000000004	2.0258629241197553e-6
18.0	1.9346840728297256e-6
18.200000000000003	1.8476089458467344e-6
18.400000000000006	1.7644528451560867e-6
18.6	1.6850393855024769e-6
18.800000000000004	1.609200120308526e-6
19.0	1.5367741843185477e-6
19.200000000000003	1.4676079524156825e-6
19.400000000000006	1.4015547137420582e-6
19.6	1.338474360527346e-6
19.800000000000004	1.2782330908835192e-6
20.0	1.2207031250036603e-6
