-20.0	59.46520054971869
-19.5	51.11550472134096
-19.0	43.87697242913533
-18.5	37.610239805298136
-18.0	32.19240827069409
-17.5	27.515195085817105
-17.0	23.483286044865423
-16.5	20.012868150621916
-16.0	17.030322568892
-15.5	14.471060353521079
-15.0	12.278485385515875
-14.5	10.403070706310327
-14.0	8.801535969183352
-13.5	7.436115103394959
-13.0	6.273904501268838
-12.5	5.286283115051035
-12.0	4.448396803111566
-11.5	3.7387001067541603
-11.0	3.1385493823075556
-10.5	2.631841868940514
-10.0	2.2046958511900994
-9.5	1.845167585629077
-9.0	1.5430011117527775
-8.5	1.2894074656290233
-8.0	1.0768701678359265
-7.5	0.8989741707401944
-7.0	0.7502557295112643
-6.5	0.6260709110649263
-6.0	0.5224806793589053
-5.5	0.43615069753331026
-5.0	0.36426417018473906
-4.5	0.304446214991574
-4.0	0.2546984039706536
-3.5	0.21334225248688826
-3.0	0.17897056011197557
-2.5	0.15040562264644203
-2.0	0.12666344000323349
-1.5	0.10692314097749181
-1.0	0.09050093385946104
-0.5	0.07682797197281563
0.0	0.065431596061815
0.5	0.0559194814783228
1.0	0.04796627775121583
1.5	0.041302381701854546
2.0	0.03570453305583736
2.5	0.0309879636327862
3.0	0.026999867692206858
3.5	0.02361399182685294
4.0	0.020726167950110945
4.5	0.018250632769237832
5.0	0.01611699269919157
5.5	0.014267706413317292
6.0	0.01265597099868615
6.5	0.011243915008436921
7.0	0.010001024416466072
7.5	0.008902754660540415
8.0	0.007929309276210718
8.5	0.007064586545956195
9.0	0.006295304460396192
9.5	0.005610309660256552
10.0	0.005000061954304665
10.5	0.004456270146405843
11.0	0.003971644481727302
11.5	0.0035397294975367056
12.0	0.003154786803038383
12.5	0.0028117066348535115
13.0	0.002505936168888055
13.5	0.002233417960800939
14.0	0.0019905358527696686
14.5	0.0017740669461679414
15.0	0.0015811388300841975
15.5	0.0014091914656322183
16.0	0.0012559432157548032
16.5	0.0011193605692841704
17.0	9.976311574844449e-4
17.5	8.891397050194592e-4
18.0	7.924465962305604e-4
18.5	7.062687723113795e-4
19.0	6.294627058970814e-4
19.5	5.610092271509803e-4
20.0	5.00000000000005e-4
