-20.0	0.07238389878583332
-19.8	0.06918921356928599
-19.6	0.06613827732832427
-19.4	0.06322461864017762
-19.2	0.06044205726828103
-19.0	0.05778469105336316
-18.8	0.055246883394400606
-18.6	0.05282325129287943
-18.4	0.05050865393497517
-18.2	0.048298181787516756
-18.0	0.04618714618449993
-17.8	0.04417106938216005
-17.6	0.04224567506144758
-17.4	0.04040687925780703
-17.2	0.038650781698982506
-17.0	0.036973657532519924
-16.8	0.03537194942540139
-16.6	0.03384226001906287
-16.4	0.03238134472377792
-16.2	0.03098610483716948
-16.0	0.029653580972223155
-15.8	0.028380946780873627
-15.6	0.02716550295987625
-15.399999999999999	0.0260046715262384
-15.2	0.024895990350078896
-15.0	0.02383710793333127
-14.8	0.022825778423226938
-14.6	0.021859856849983962
-14.399999999999999	0.020937294578622298
-14.2	0.02005613496525043
-14.0	0.019214509208649838
-13.8	0.018410632388340738
-13.6	0.017642799680776727
-13.399999999999999	0.016909382745625257
-13.2	0.016208826274497726
-13.0	0.015539644694845613
-12.8	0.014900419022015585
-12.6	0.01428979385285813
-12.399999999999999	0.013706474494483284
-12.2	0.013149224222125326
-12.0	0.012616861660352155
-11.799999999999999	0.012108258282050373
-11.6	0.011622336019937361
-11.4	0.011158064985566683
-11.2	0.010714461291027003
-11.0	0.010290584968749638
-10.799999999999999	0.00988553798506029
-10.6	0.009498462343304943
-10.399999999999999	0.009128538272577095
-10.2	0.00877498249825264
-10.0	0.008437046590730368
-9.799999999999999	0.008114015388918611
-9.6	0.007805205495204828
-9.399999999999999	0.007509963838764851
-9.2	0.007227666304244965
-9.0	0.006957716422991424
-8.799999999999999	0.006699544124097238
-8.6	0.00645260454272403
-8.399999999999999	0.006216376883254618
-8.2	0.005990363334939179
-8.0	0.005774088037833726
-7.799999999999999	0.005567096096929104
-7.6	0.005368952642472743
-7.399999999999999	0.005179241934585573
-7.199999999999999	0.0049975665103777
-7.0	0.004823546371842284
-6.799999999999999	0.004656818212913154
-6.6	0.004497034684123189
-6.399999999999999	0.004343863693405368
-6.199999999999999	0.004196987741659955
-6.0	0.004056103291711625
-5.799999999999999	0.003920920169422498
-5.6	0.003791160995741446
-5.399999999999999	0.0036665606485260334
-5.199999999999999	0.0035468657530284865
-5.0	0.003431834199972213
-4.799999999999999	0.003321234690174664
-4.6	0.003214846304747573
-4.399999999999999	0.003112458099818205
-4.199999999999999	0.003013868724869641
-4.0	0.002918886063714642
-3.8000000000000007	0.0028273268971575225
-3.599999999999998	0.0027390165863690275
-3.3999999999999986	0.0026537887760236436
-3.1999999999999993	0.0025714851162090234
-3.0	0.002491955002036337
-2.8000000000000007	0.002415055330025907
-2.599999999999998	0.002340650270048335
-2.3999999999999986	0.00226861105175879
-2.1999999999999993	0.0021988157643167937
-2.0	0.0021311491681421605
-1.8000000000000007	0.0020655025174091653
-1.5999999999999979	0.002001773391919156
-1.3999999999999986	0.0019398655368407245
-1.1999999999999993	0.001879688708919549
-1.0	0.0018211585275170958
-0.7999999999999972	0.0017641963288988092
-0.5999999999999979	0.001708729022029818
-0.3999999999999986	0.0016546889442947401
-0.1999999999999993	0.0016020137153054947
0.0	0.0015506460871077942
0.20000000000000284	0.0015005337890663228
0.40000000000000213	0.001451629365848181
0.6000000000000014	0.0014038900067431664
0.8000000000000007	0.0013572773650352742
1.0	0.0013117573660260838
1.2000000000000028	0.0012673000025244206
1.4000000000000021	0.001223879117034447
1.6000000000000014	0.0011814721699118218
1.8000000000000007	0.001140059993184255
2.0	0.0010996265302239865
2.200000000000003	0.0010601585614695907
2.400000000000002	0.0010216454173290097
2.6000000000000014	9.84078679385542e-4
2.8000000000000007	9.474518718305437e-4
3.0	9.117601452831702e-4
3.200000000000003	8.769999557659783e-4
3.400000000000002	8.431687418848453e-4
3.6000000000000014	8.102646037922226e-4
3.8000000000000007	7.782859876597761e-4
4.0	7.472313799144967e-4
4.200000000000003	7.170990152363544e-4
4.400000000000002	6.87886602765234e-4
4.600000000000001	6.595910744347589e-4
4.800000000000001	6.32208359465339e-4
5.0	6.057331887062128e-4
5.200000000000003	5.801589317518206e-4
5.400000000000002	5.554774692019399e-4
5.600000000000001	5.31679101784384e-4
5.800000000000001	5.087524973479149e-4
6.0	4.866846756396556e-4
6.200000000000003	4.654610295931399e-4
6.400000000000002	4.4506538139036864e-4
6.600000000000001	4.2548007079737816e-4
6.800000000000001	4.066860716392083e-4
7.0	3.886631320694136e-4
7.200000000000003	3.713899345102476e-4
7.400000000000002	3.5484426922862376e-4
7.600000000000001	3.3900321627627645e-4
7.800000000000001	3.238433313550691e-4
8.0	3.0934082908821645e-4
8.200000000000003	2.954717604105612e-4
8.400000000000002	2.822121792869963e-4
8.600000000000001	2.6953829548605115e-4
8.8	2.5742661157341674e-4
9.0	2.4585404124175415e-4
9.200000000000003	2.3479800975344071e-4
9.400000000000002	2.2423653476028038e-4
9.600000000000001	2.1414828958995005e-4
9.8	2.0451264928249974e-4
10.0	1.9530972112008667e-4
10.200000000000003	1.8652036229729364e-4
10.400000000000002	1.7812618540924245e-4
10.600000000000001	1.7010955505785113e-4
10.8	1.6245357711698952e-4
11.0	1.55142026140879e-4
11.200000000000003	1.4815955766057237e-4
11.400000000000002	1.414913288082624e-4
11.600000000000001	1.3512319993962043e-4
11.8	1.2904167065170592e-4
12.0	1.2323384739853366e-4
12.200000000000003	1.1768741501253302e-4
12.399999999999999	1.1239061091141388e-4
12.600000000000001	1.0733220113555344e-4
12.800000000000004	1.0250145675675792e-4
13.0	9.788813144170471e-5
13.200000000000003	9.348243985669597e-5
13.399999999999999	8.927503701941768e-5
13.600000000000001	8.525699848123923e-5
13.800000000000004	8.141980145802245e-5
14.0	7.775530674847611e-5
14.200000000000003	7.42557414688972e-5
14.399999999999999	7.091368257233777e-5
14.600000000000001	6.77220411040829e-5
14.800000000000004	6.467404716462011e-5
15.0	6.176323555025058e-5
15.200000000000003	5.8983432039185976e-5
15.399999999999999	5.6328740295503305e-5
15.600000000000001	5.3793529362137354e-5
15.800000000000004	5.1372421716777e-5
16.0	4.906028186547461e-5
16.200000000000003	4.6852205449665965e-5
16.4	4.474350884315151e-5
16.6	4.2729719217798195e-5
16.800000000000004	4.080656505572964e-5
17.0	3.896996708930688e-5
17.200000000000003	3.7216029647750906e-5
17.4	3.5541032394764e-5
17.6	3.394142243654235e-5
17.800000000000004	3.2413806785916086e-5
18.0	3.095494516527474e-5
18.200000000000003	2.956174313354775e-5
18.400000000000006	2.8231245522497388e-5
18.6	2.696063016803963e-5
18.800000000000004	2.5747201924936416e-5
19.0	2.4588386949096763e-5
19.200000000000003	2.348172723865092e-5
19.400000000000006	2.2424875419872932e-5
19.6	2.1415589768437535e-5
19.800000000000004	2.0451729454136307e-5
20.0	1.9531250000058564e-5
