-20.0	15.68880014916603
-19.5	13.992820707611775
-19.0	12.481277431884243
-18.5	11.134113054373246
-18.0	9.93345151456521
-17.5	8.863360754580151
-17.0	7.909641309307568
-16.5	7.05963788765904
-16.0	6.302071443221453
-15.5	5.6268895070079035
-15.0	5.02513279518191
-14.5	4.488816322554829
-14.0	4.010823443243072
-13.5	3.584811412805893
-13.0	3.205127217851214
-12.5	2.866732556207541
-12.0	2.56513697108885
-11.5	2.2963382512993253
-11.0	2.0567693053039884
-10.5	1.8432508025460306
-10.0	1.6529489514652271
-9.5	1.4833378507415653
-9.0	1.332165910376345
-8.5	1.1974258914787916
-8.0	1.077328160041082
-7.5	0.9702767900732803
-7.0	0.8748481862147539
-6.5	0.7897719251380513
-6.0	0.7139135393655945
-5.5	0.6462589862859682
-5.0	0.5859005599231367
-4.5	0.5320240136034025
-4.0	0.4838966698711591
-3.5	0.44085630263444164
-3.0	0.4023005917724899
-2.5	0.3676769837558864
-2.0	0.33647286376564817
-1.5	0.3082060898520085
-1.0	0.2824162112180739
-0.5	0.2586571629386866
0.0	0.23649297196684188
0.5	0.21549903849982532
1.0	0.1952726844647387
1.5	0.17545724554132408
2.0	0.15578265891664175
2.5	0.13612028406456225
3.0	0.1165392976653852
3.5	0.0973389302728725
4.0	0.07902446279543512
4.5	0.06220865199559107
5.0	0.047457566098697494
5.5	0.035139702019836086
6.0	0.02534444188835466
6.5	0.01789792960300912
7.0	0.012451111172191724
7.5	0.008587409235145168
8.0	0.005907480575069719
8.5	0.004075512307307227
9.0	0.0028326646854409895
9.5	0.001990947801298454
10.0	0.00141920675697824
10.5	0.0010282927424245109
11.0	7.585425767033326e-4
11.5	5.703288132404336e-4
12.0	4.373746947337478e-4
12.5	3.422065962691901e-4
13.0	2.7313209212676665e-4
13.5	2.2225788351753592e-4
14.0	1.8419797638753358e-4
14.5	1.5523363151981795e-4
15.0	1.327673466131345e-4
15.5	1.1496790412429907e-4
16.0	1.005390224078059e-4
16.5	8.85666158989668e-5
17.0	7.841428582738441e-5
17.5	6.964724520035756e-5
18.0	6.197339122620857e-5
18.5	5.519672550187974e-5
19.0	4.918198042871991e-5
19.5	4.3830038339674086e-5
20.0	3.9062729627890766e-5
