-20.0	1.731381909894468
-19.5	1.4351346806338696
-19.0	1.1878663285072393
-18.5	0.9818240002891376
-18.0	0.8104165058767212
-17.5	0.6680519737440894
-17.0	0.5499962546428526
-16.5	0.45224970862948577
-16.0	0.37144024564745654
-15.5	0.30473070380076467
-15.0	0.24973884445286795
-14.5	0.20446842133687243
-14.0	0.16724994346167532
-13.5	0.13668990011783372
-13.0	0.11162735179021771
-12.5	0.0910969142284622
-12.0	0.07429727512675209
-11.5	0.06056448458358561
-11.0	0.04934935242616691
-10.5	0.04019836825875032
-10.0	0.03273763435363578
-9.5	0.026659367861899444
-9.0	0.021710587876558902
-8.5	0.017683655217647743
-8.0	0.014408378995050005
-7.5	0.011745444592296603
-7.0	0.009580953231731922
-6.5	0.007821894232968026
-6.0	0.006392397940265377
-5.5	0.005230640516879273
-5.0	0.0042862918018538665
-4.5	0.0035184145800967585
-4.0	0.002893738280200188
-3.5	0.0023852426044019214
-3.0	0.0019709971973656463
-2.5	0.0016332124313461905
-2.0	0.0013574639521483486
-1.5	0.001132059994039864
-1.0	9.475258087385736e-4
-0.5	7.961840176592965e-4
0.0	6.718134213725334e-4
0.5	5.693719009453205e-4
1.0	4.84771621286107e-4
1.5	4.1469688074038214e-4
2.0	3.564567144774805e-4
2.5	3.0786580999930525e-4
3.0	2.671484787977118e-4
3.5	2.328613870221934e-4
4.0	2.0383151161776955e-4
4.5	1.7910638564486582e-4
5.0	1.5791415872857363e-4
5.5	1.3963136404146896e-4
6.0	1.2375659827185207e-4
6.5	1.0988863350783453e-4
7.0	9.770782404814917e-5
7.5	8.696004825436453e-5
8.0	7.744279460874098e-5
8.5	6.899329085201409e-5
9.0	6.147871972439463e-5
9.5	5.478854516815688e-5
10.0	4.882883401188608e-5
10.5	4.351828909051176e-5
11.0	3.878559621617124e-5
11.5	3.456767188741054e-5
12.0	3.0808465026031775e-5
12.5	2.7458072624582418e-5
13.0	2.4472032901075238e-5
13.5	2.1810722273606155e-5
14.0	1.9438826687214983e-5
14.5	1.7324872521171415e-5
15.0	1.544080888754093e-5
15.5	1.376163540656467e-5
16.0	1.2265070466355367e-5
16.5	1.0931255559415773e-5
17.0	9.742491772308933e-6
17.5	8.683004931830668e-6
18.0	7.738736291314032e-6
18.5	6.8971559796033935e-6
19.0	6.147096737276201e-6
19.5	5.478605733896302e-6
20.0	4.882812500000036e-6
