-20.0	12.238053952702371
-19.5	9.864013087158305
-19.0	7.945814432988935
-18.5	6.397123628233684
-18.0	5.147672365129289
-17.5	4.140334827045607
-17.0	3.328721089451333
-16.5	2.6751994299272526
-16.0	2.1492737541382723
-15.5	1.7262544551560075
-15.0	1.3861712736506722
-14.5	1.1128853752191665
-14.0	0.8933651362093092
-13.5	0.7170962318064376
-13.0	0.5756017245845206
-12.5	0.46205211023328396
-12.0	0.37094882094295656
-11.5	0.29786762892416324
-11.0	0.23925082928113592
-10.5	0.19223909536947312
-10.0	0.15453556074061095
-9.5	0.12429604895996299
-9.0	0.10004049583458775
-8.5	0.08058152977289147
-8.0	0.06496693018898714
-7.5	0.052433300339645904
-7.0	0.04236879411657238
-6.5	0.03428314635159517
-6.0	0.027783589897547502
-5.5	0.022555513974247942
-5.0	0.018346938444523897
-4.5	0.014956057208053822
-4.0	0.012221248490300495
-3.5	0.01001306678778692
-3.0	0.008227825785481906
-2.5	0.006782457917087369
-2.0	0.0056103978432649705
-1.5	0.004658286785969224
-1.0	0.003883334663887188
-0.5	0.003251209180536854
0.0	0.002734346928557181
0.5	0.0023106024106869538
1.0	0.0019621676258384196
1.5	0.0016747083222770395
2.0	0.0014366738167913818
2.5	0.0012387459268146178
3.0	0.0010733994626551694
3.5	9.345521940050485e-4
4.0	8.172864884409473e-4
4.5	7.176281289600721e-4
5.0	6.323703499247165e-4
5.5	5.589330960563249e-4
6.0	4.952491404248312e-4
6.5	4.3967022743844413e-4
7.0	3.9088800679610273e-4
7.5	3.478662234527549e-4
8.0	3.097822710270323e-4
8.5	2.759775106975827e-4
9.0	2.459164295218933e-4
9.5	2.1915467825625695e-4
10.0	1.9531547785154815e-4
10.5	1.7407319173754624e-4
11.0	1.551423924658962e-4
11.5	1.3827068893113758e-4
12.0	1.2323386031222618e-4
12.5	1.0983229052371725e-4
13.0	9.788813160674573e-5
13.5	8.72428890946104e-5
14.0	7.775530674887027e-5
14.5	6.92994900846862e-5
15.0	6.176323555016382e-5
15.5	5.5046541626258764e-5
16.0	4.9060281865421534e-5
16.5	4.3725022237663146e-5
17.0	3.896996708923578e-5
17.5	3.47320197273227e-5
18.0	3.0954945165256156e-5
18.5	2.758862391841361e-5
19.0	2.458838694910481e-5
19.5	2.191442293558523e-5
20.0	1.9531250000000166e-5
