-20.0	11983.227553669283
-19.5	9859.540203914034
-19.0	8027.722339360542
-18.5	6462.2652856499335
-18.0	5138.897018358999
-17.5	4033.963743951961
-17.0	3124.0604611633653
-16.5	2385.935748153633
-16.0	1796.656633146499
-15.5	1333.97674741626
-15.0	976.8176651641277
-14.5	705.7598835536504
-14.0	503.45012129854416
-13.5	354.8611809698776
-13.0	247.37923372352165
-12.5	170.729472671599
-12.0	116.77621096945904
-11.5	79.2445678767842
-11.0	53.40961522545828
-10.5	35.78967628092024
-10.0	23.86819156855574
-9.5	15.856856666263175
-9.0	10.503599421910911
-8.5	6.942963893003791
-8.0	4.583263333419673
-7.5	3.0237222205170697
-7.0	1.9949804807744649
-6.5	1.3171589869114813
-6.0	0.8707559792416161
-5.5	0.5767058399371917
-5.0	0.38285978481355054
-4.5	0.2548997642046829
-4.0	0.17027493649543546
-3.5	0.11417817316996969
-3.0	0.0768881801925552
-2.5	0.052019753511211166
-2.0	0.035374782252687954
-1.5	0.024189037692480427
-1.0	0.016638911777169346
-0.5	0.011518511159235731
0.0	0.008028229906569992
0.5	0.005636215472799366
1.0	0.003987489004009921
1.5	0.0028442308439885957
2.0	0.002046464650267262
2.5	0.001486110130862492
3.0	0.0010898119299583996
3.5	8.075416893283169e-4
4.0	6.050069833108942e-4
4.5	4.585773682671817e-4
5.0	3.518797753307798e-4
5.5	2.7350464837524004e-4
6.0	2.154537690070781e-4
6.5	1.7208521838291222e-4
7.0	1.3939292481093726e-4
7.5	1.1451240878596415e-4
8.0	9.538022859024118e-5
8.5	8.049848556795135e-5
9.0	6.877162664948813e-5
9.5	5.939331686252468e-5
10.0	5.176806822334812e-5
10.5	4.5456781024772654e-5
11.0	4.013827352928932e-5
11.5	3.558098430090856e-5
12.0	3.162086378141217e-5
12.5	2.8143214430661027e-5
13.0	2.5067692499269824e-5
13.5	2.2336505741908832e-5
14.0	1.9905918521549503e-5
14.5	1.774078359687905e-5
15.0	1.5811407597924062e-5
15.5	1.4091917301650286e-5
16.0	1.255943244413618e-5
16.5	1.1193605716684026e-5
17.0	9.976311576319277e-6
17.5	8.89139705026008e-6
18.0	7.924465962307583e-6
18.5	7.062687723113896e-6
19.0	6.294627058981933e-6
19.5	5.610092272988738e-6
20.0	5.000000147202642e-6
