-20.0	19.87346626668153
-19.5	16.19754208998006
-19.0	13.18811648502817
-18.5	10.727426473382906
-18.0	8.71784124801177
-17.5	7.078563327632997
-17.0	5.74284102501446
-16.5	4.655618740718648
-16.0	3.77156107034415
-15.5	3.053395160038391
-15.0	2.470523242768177
-14.5	1.9978639158478086
-14.0	1.614886553851579
-13.5	1.3048083646331616
-13.0	1.0539280596455467
-12.5	0.8510739899797543
-12.0	0.6871479591171474
-11.5	0.5547488209689325
-11.0	0.4478624612634198
-10.5	0.3616068914432916
-10.0	0.29202300200401043
-9.5	0.23590306740430092
-9.0	0.19065040384298718
-8.5	0.154164686853663
-8.0	0.12474836660523608
-7.5	0.10103040033835764
-7.0	0.08190417565198495
-6.5	0.06647704463504624
-6.0	0.05402934378455205
-5.5	0.04398115260386085
-5.0	0.035865357038289566
-4.5	0.02930584297452776
-4.0	0.023999858829377618
-3.5	0.019703762340359723
-3.0	0.016221511420204456
-2.5	0.013395377713120308
-2.0	0.011098458786804561
-1.5	0.009228644467941307
-1.0	0.007703757811259046
-0.5	0.006457644185610242
0.0	0.005437025122597961
0.5	0.004598968687401512
1.0	0.003908856666945975
1.5	0.003338752032397138
2.0	0.0028660889027010894
2.5	0.0024726224057699865
3.0	0.002143588035934531
3.5	0.0018670298413446136
4.0	0.0016332644457495648
4.5	0.001434453861221221
5.0	0.001264264621149347
5.5	0.0011175943330418092
6.0	9.903497492206388e-4
6.5	8.792633157894554e-4
7.0	7.817382037804059e-4
7.5	6.957150926326729e-4
8.0	6.195571468602827e-4
8.5	5.51952123179321e-4
9.0	4.918318252909843e-4
9.5	4.3830902478971765e-4
10.0	3.9063086116705937e-4
10.5	3.48146359891424e-4
11.0	3.102847798643181e-4
11.5	2.7654137694127815e-4
12.0	2.4646772048571964e-4
12.5	2.1966458103050946e-4
13.0	1.957762632118616e-4
13.5	1.7448577818909695e-4
14.0	1.5551061349773366e-4
14.5	1.3859898016937202e-4
15.0	1.2352647110032758e-4
15.5	1.1009308325251746e-4
16.0	9.812056373084301e-5
16.5	8.745004447532625e-5
17.0	7.793993417847153e-5
17.5	6.946403945464539e-5
18.0	6.19098903305123e-5
18.5	5.51772478368272e-5
19.0	4.917677389820962e-5
19.5	4.3828845871170445e-5
20.0	3.906250000000031e-5
