-20.0	8.944833910859096
-19.5	7.864960591009518
-19.0	6.910589552606378
-18.5	6.0675916419251195
-18.0	5.323399587859476
-17.5	4.666836667626087
-17.0	4.087964088162488
-16.5	3.5779450438557774
-16.0	3.1289236333556047
-15.5	2.7339170161803814
-15.0	2.3867193662621515
-14.5	2.0818163368050655
-14.0	1.8143088909756415
-13.5	1.5798454778376176
-13.0	1.3745616442548143
-12.5	1.195026272688526
-12.0	1.0381937232208176
-11.5	0.9013612369129427
-11.0	0.782131027812067
-10.5	0.6783765534353765
-10.0	0.5882125092687234
-9.5	0.5099681423898932
-9.0	0.4421635234438852
-8.5	0.383488455422135
-8.0	0.33278373252137794
-7.5	0.2890244932578205
-7.0	0.2513054393478186
-6.5	0.21882771601492457
-6.0	0.19088727064316027
-5.5	0.16686452537401975
-5.0	0.1462152155700131
-4.5	0.12846226034016917
-4.0	0.11318854377061928
-3.5	0.1000304963852994
-3.0	0.08867237600630597
-2.5	0.0788411558368016
-2.0	0.07030193565679578
-1.5	0.06285379980100463
-1.0	0.05632605349546026
-0.5	0.0505747774497451
0.0	0.04547964964770017
0.5	0.04094099315816397
1.0	0.03687701946379866
1.5	0.03322124800798216
2.0	0.029920093885514275
2.5	0.026930626066028446
3.0	0.024218507349554302
3.5	0.021756133542525233
4.0	0.019520992263222642
4.5	0.01749426085292605
5.0	0.01565965803759292
5.5	0.014002555345447067
6.0	0.012509342776370039
6.5	0.011167029706921613
7.0	0.009963048278164988
7.5	0.008885214634402542
8.0	0.007921795771788427
8.5	0.007061628716931836
9.0	0.006294245260866887
9.5	0.005609968561066482
10.0	0.004999964430163916
10.5	0.004456245744868338
11.0	0.003971637805629267
11.5	0.0035397279740465594
12.0	0.0031547865471227565
12.5	0.0028117066013741534
13.0	0.0025059361655217715
13.5	0.0022334179605326466
14.0	0.001990535852759345
14.5	0.0017740669461693503
15.0	0.0015811388300852268
15.5	0.0014091914656325754
16.0	0.0012559432157554173
16.5	0.0011193605692850106
17.0	9.976311574851349e-4
17.5	8.891397050199923e-4
18.0	7.924465962306671e-4
18.5	7.062687723114136e-4
19.0	6.294627058970548e-4
19.5	5.610092271508104e-4
20.0	5.000000000004001e-4
