-20.0	152.20134869650275
-19.5	135.38381059306914
-19.0	120.37192157147238
-18.5	106.96838442034371
-18.0	94.9974175899509
-17.5	84.3024462361648
-17.0	74.74405160785182
-16.5	66.1981517257295
-16.0	58.55438907221336
-15.5	51.71470339388461
-15.0	45.59206951896852
-14.5	40.10938139239983
-14.0	35.19846424849402
-13.5	30.799196968764843
-13.0	26.858726237726607
-12.5	23.33075328948812
-12.0	20.174873081781946
-11.5	17.355945217771033
-11.0	14.84347657689402
-10.5	12.610998394477573
-10.0	10.635426401544128
-9.5	8.896402199116167
-9.0	7.375627076918556
-8.5	6.056214380982174
-8.0	4.922100139308593
-7.5	3.9575596313664496
-7.0	3.1468756826871522
-6.5	2.4741903472460196
-6.0	1.9235466232745457
-5.5	1.4790964175185006
-5.0	1.1254234100359888
-4.5	0.8479128416522222
-4.0	0.633099141622509
-3.5	0.4689360502915326
-3.0	0.3449571208539521
-2.5	0.25231974306783234
-2.0	0.18374656090489733
-1.5	0.13339070304282485
-1.0	0.09665522687885944
-0.5	0.06999454747851257
0.0	0.050719265617228136
0.5	0.03681837021573571
1.0	0.026806075823956336
1.5	0.019595443590259325
2.0	0.014397589033593
2.5	0.010643453374549484
3.0	0.00792440005621588
3.5	0.005947890855857789
4.0	0.004504873295527016
4.5	0.0034460483522760588
5.0	0.0026647473399598427
5.5	0.002084656633574019
6.0	0.001651058501012791
6.5	0.0013246004385030572
7.0	0.0010768714909818768
7.5	8.872645639602997e-4
8.0	7.407519887115937e-4
8.5	6.263095629862024e-4
9.0	5.358017865373287e-4
9.5	4.6319565265397564e-4
10.0	4.04007925862666e-4
10.5	3.5491600082041886e-4
11.0	3.1347948748248485e-4
11.5	2.779327289977866e-4
12.0	2.470206630159546e-4
12.5	2.198626583646764e-4
13.0	1.958393713991695e-4
13.5	1.7450339925685683e-4
14.0	1.555148555667051e-4
14.5	1.3859984475885745e-4
15.0	1.2352661727669652e-4
15.5	1.1009310329076066e-4
16.0	9.812056590170591e-5
16.5	8.745004465592562e-5
17.0	7.793993418964325e-5
17.5	6.946403945514111e-5
18.0	6.190989033052746e-5
18.5	5.517724783682751e-5
19.0	4.917677389820962e-5
19.5	4.3828845871170445e-5
20.0	3.906250000000031e-5
