-20.0	0.5337026460837799
-19.5	0.47576887264769796
-19.0	0.42413242317971306
-18.5	0.3781082923576816
-18.0	0.3370859579007032
-17.5	0.3005212800540825
-17.0	0.2679292819968457
-16.5	0.2388777153843649
-16.0	0.21298132565363742
-15.5	0.18989674101183066
-15.0	0.16931791730415882
-14.5	0.15097207833769313
-14.0	0.13461609781665598
-13.5	0.12003327490974937
-13.0	0.107030460697951
-12.5	0.09543549741572639
-12.0	0.0850949365548283
-11.5	0.07587200561005564
-11.0	0.06764479655366712
-10.5	0.06030465207602755
-10.0	0.05375472826252239
-9.5	0.04790871472215043
-9.0	0.04268969527358062
-8.5	0.038029134151157815
-8.0	0.03386597433878482
-7.5	0.030145836088227972
-7.0	0.026820304942456488
-6.5	0.023846299671218377
-6.0	0.021185511440044845
-5.5	0.01880390627728533
-5.0	0.016671283480584616
-4.5	0.014760883022220363
-4.0	0.013049035291661217
-3.5	0.011514846690801321
-3.0	0.010139914736090837
-2.5	0.008908066517502887
-2.0	0.007805114742653229
-1.5	0.006818626299841354
-1.0	0.005937699439613118
-0.5	0.005152747375780097
0.0	0.004455288302121209
0.5	0.0038377442996222937
1.0	0.0032932539751445887
1.5	0.002815505392380206
2.0	0.0023985963859916083
2.5	0.002036928319860045
3.0	0.001725136743483045
3.5	0.0014580586427580687
4.0	0.0012307318749520716
4.5	0.0010384188772958381
5.0	8.766446508532759e-4
5.5	7.41238749046025e-4
6.0	6.283724450591471e-4
6.5	5.345848987138633e-4
7.0	4.567952725757445e-4
7.5	3.9230067091444796e-4
8.0	3.387619998960339e-4
8.5	2.9418112631413935e-4
9.0	2.568730122513908e-4
9.5	2.2543594600791224e-4
10.0	1.9872182427196672e-4
10.5	1.7580705528091834e-4
11.0	1.5596356082304337e-4
11.5	1.386290542783855e-4
12.0	1.2337643292779685e-4
12.5	1.0988338974549595e-4
13.0	9.790441560600116e-5
13.5	8.724743629405564e-5
14.0	7.775640146514942e-5
14.5	6.929971320403201e-5
15.0	6.176327327308013e-5
15.5	5.5046546797417065e-5
16.0	4.906028242564353e-5
16.5	4.3725022284268844e-5
17.0	3.896996709211834e-5
17.5	3.473201972745036e-5
18.0	3.0954945165259815e-5
18.5	2.7588623918413337e-5
19.0	2.4588386949104712e-5
19.5	2.1914422935584995e-5
20.0	1.9531249999999926e-5
