-20.0	1.9566541652901388
-19.5	1.6568946160228961
-19.0	1.4008520672852776
-18.5	1.1825172690601322
-18.0	0.9966519977883556
-17.5	0.8386973424688987
-17.0	0.7046921444060721
-16.5	0.5912005114877764
-16.0	0.49524744569325546
-15.5	0.4142617265042379
-15.0	0.3460252846231226
-14.5	0.28862838139010966
-14.0	0.2404299807703373
-13.5	0.20002276400119515
-13.0	0.16620229297772032
-12.5	0.13793987817062264
-12.0	0.11435875113864137
-11.5	0.09471318126224923
-11.0	0.07837021180366682
-10.5	0.06479372234311442
-10.0	0.05353055350552187
-9.5	0.04419845606314865
-9.0	0.036475650298449284
-8.5	0.030091803202708683
-8.0	0.024820250886666846
-7.5	0.020471311669842014
-7.0	0.016886551843068087
-6.5	0.013933881187381732
-6.0	0.011503369088353315
-5.5	0.009503684598968866
-5.0	0.007859075159538195
-4.5	0.006506808955186729
-4.0	0.00539501515178883
-3.5	0.00448086456861143
-3.0	0.003729040786849371
-2.5	0.0031104583232628795
-2.0	0.0026011903810186365
-1.5	0.0021815738882291864
-1.0	0.0018354641093118965
-0.5	0.0015496151237716818
0.0	0.0013131659674015179
0.5	0.0011172152750507354
1.0	9.544699011416998e-4
1.5	8.189552686666575e-4
2.0	7.057771488564478e-4
2.5	6.1092623558592e-4
3.0	5.311182782169663e-4
3.5	4.636636962303651e-4
4.0	4.063615387439577e-4
4.5	3.5741339534115646e-4
5.0	3.153534464620287e-4
5.5	2.789913148222585e-4
6.0	2.4736481516292547e-4
6.5	2.197001735879052e-4
7.0	1.953778506252221e-4
7.5	1.7390274515754103e-4
8.0	1.5487819461949137e-4
8.5	1.37983683590903e-4
9.0	1.229564057106531e-4
9.5	1.095767586152122e-4
10.0	9.765757348788974e-5
10.5	8.703655459736576e-5
11.0	7.757118736486873e-5
11.5	6.913534285382414e-5
12.0	6.161692991333081e-5
12.5	5.491614523223979e-5
13.0	4.8944065800520615e-5
13.5	4.362144454708845e-5
14.0	3.887765337442307e-5
14.5	3.464974504234246e-5
15.0	3.088161777508179e-5
15.5	2.7523270813129284e-5
16.0	2.453014093271069e-5
16.5	2.1862511118831505e-5
17.0	1.9484983544617835e-5
17.5	1.736600986366132e-5
18.0	1.5477472582628047e-5
18.5	1.3794311959206767e-5
19.0	1.2294193474552395e-5
19.5	1.0957211467792589e-5
20.0	9.765625000000056e-6
