-20.0	22.14566392438763
-19.8	20.964173483573322
-19.6	19.84140352408548
-19.4	18.77457748399504
-19.2	17.761046657518072
-19.0	16.79828437230358
-18.8	15.883880430342568
-18.6	15.015535800600118
-18.4	14.191057552016881
-18.2	13.408354016015466
-18.0	12.665430168172911
-17.8	11.960383219149925
-17.6	11.291398405441795
-17.4	10.656744970924818
-17.2	10.054772330591259
-17.0	9.483906408242067
-16.8	8.942646140288014
-16.6	8.429560138158982
-16.4	7.943283502163265
-16.2	7.482514779954419
-16.0	7.046013063080994
-15.8	6.632595215385897
-15.6	6.241133227297265
-15.399999999999999	5.8705516903328325
-15.2	5.519825386388182
-15.0	5.187976986626776
-14.8	4.874074855023974
-14.6	4.577230951841027
-14.399999999999999	4.296598832516812
-14.2	4.0313717376736165
-14.0	3.780780770118986
-13.8	3.544093154923729
-13.6	3.3206105788202485
-13.399999999999999	3.109667605347167
-13.2	2.910630162321291
-13.0	2.722894098370528
-12.8	2.5458838054184696
-12.6	2.3790509041380123
-12.399999999999999	2.221872989543256
-12.2	2.073852434000625
-12.0	1.9345152450733627
-11.799999999999999	1.8034099757278734
-11.6	1.6801066845408001
-11.4	1.5641959436541388
-11.2	1.455287892325962
-11.0	1.3530113340230836
-10.799999999999999	1.2570128750934588
-10.6	1.1669561031449298
-10.399999999999999	1.0825208033416467
-10.2	1.0034022109097611
-10.0	0.9293102982196708
-9.799999999999999	0.8599690948879412
-9.6	0.7951160394079381
-9.399999999999999	0.734501360888831
-9.2	0.6778874895418194
-9.0	0.6250484946162641
-8.799999999999999	0.5757695485430873
-8.6	0.5298464160992169
-8.399999999999999	0.48708496745706203
-8.2	0.44730071403460536
-8.0	0.4103183661060182
-7.799999999999999	0.3759714111791294
-7.6	0.3441017121874873
-7.399999999999999	0.3145591245852445
-7.199999999999999	0.2872011314703377
-7.0	0.2618924958987498
-6.799999999999999	0.23850492958527222
-6.6	0.21691677721966285
-6.399999999999999	0.1970127156567906
-6.199999999999999	0.17868346726897077
-6.0	0.161825526775372
-5.799999999999999	0.14634090088977803
-5.6	0.13213686015214826
-5.399999999999999	0.11912570233280027
-5.199999999999999	0.10722452682012663
-5.0	0.09635501942344007
-4.799999999999999	0.08644324704285186
-4.6	0.07741946167710778
-4.399999999999999	0.06921791325846423
-4.199999999999999	0.06177667082192759
-4.0	0.05503745153313725
-3.8000000000000007	0.048945457115856475
-3.599999999999998	0.04344921723773091
-3.3999999999999986	0.038500439428250335
-3.1999999999999993	0.03405386512074632
-3.0	0.030067131426427265
-2.8000000000000007	0.026500638265973313
-2.599999999999998	0.023317420502104075
-2.3999999999999986	0.020483024734307922
-2.1999999999999993	0.017965390436748177
-2.0	0.015734735139462226
-1.8000000000000007	0.013763443374317931
-1.5999999999999979	0.012025959128555506
-1.3999999999999986	0.010498681571464285
-1.1999999999999993	0.009159863843557884
-1.0	0.007989514721886927
-0.7999999999999972	0.006969303000712999
-0.5999999999999979	0.006082464452524986
-0.3999999999999986	0.0053137112611920355
-0.1999999999999993	0.004649143845353976
0.0	0.0040761650171138985
0.20000000000000284	0.003583396446979725
0.40000000000000213	0.003160597431666837
0.6000000000000014	0.00279858598498226
0.8000000000000007	0.002489162294777222
1.0	0.00222503460867721
1.2000000000000028	0.001999747628623986
1.4000000000000021	0.0018076135085334402
1.6000000000000014	0.001643645559474211
1.8000000000000007	0.0015034947731952066
2.0	0.0013833892768854506
2.200000000000003	0.0012800768289455938
2.400000000000002	0.0011907704587066565
2.6000000000000014	0.0011130973405207168
2.8000000000000007	0.0010450509765514795
3.0	9.849467418333697e-4
3.200000000000003	9.313808212711149e-4
3.400000000000002	8.831925411935313e-4
3.6000000000000014	8.394300692947558e-4
3.8000000000000007	7.99319426574596e-4
4.0	7.622367250491245e-4
4.200000000000003	7.27683515397578e-4
4.400000000000002	6.952651018866629e-4
4.600000000000001	6.646716571259293e-4
4.800000000000001	6.356619489441503e-4
5.0	6.08049475479955e-4
5.200000000000003	5.816907929736439e-4
5.400000000000002	5.564758145816921e-4
5.600000000000001	5.323198574945082e-4
5.800000000000001	5.0915721951004e-4
6.0	4.869360741944544e-4
6.200000000000003	4.656144854808265e-4
6.400000000000002	4.451573580339862e-4
6.600000000000001	4.255341570397272e-4
6.800000000000001	4.067172487855839e-4
7.0	3.886807329125725e-4
7.200000000000003	3.7139965675978925e-4
7.400000000000002	3.5484951857620814e-4
7.600000000000001	3.390059838411613e-4
7.800000000000001	3.2384475457303855e-4
8.0	3.0934154215616163e-4
8.200000000000003	2.9547210807281965e-4
8.400000000000002	2.8221234403036306e-4
8.600000000000001	2.6953837125877567e-4
8.8	2.5742664535470766e-4
9.0	2.45854055818932e-4
9.200000000000003	2.3479801583269598e-4
9.400000000000002	2.242365372066486e-4
9.600000000000001	2.141482905383032e-4
9.8	2.0451264963604367e-4
10.0	1.9530972124660526e-4
10.200000000000003	1.865203623406725e-4
10.400000000000002	1.7812618542346412e-4
10.600000000000001	1.7010955506230018e-4
10.8	1.624535771183147e-4
11.0	1.5514202614125397e-4
11.200000000000003	1.4815955766067293e-4
11.400000000000002	1.4149132880828788e-4
11.600000000000001	1.3512319993962653e-4
11.8	1.2904167065170728e-4
12.0	1.2323384739853396e-4
12.200000000000003	1.1768741501253307e-4
12.399999999999999	1.1239061091141389e-4
12.600000000000001	1.0733220113555344e-4
12.800000000000004	1.0250145675675792e-4
13.0	9.788813144170471e-5
13.200000000000003	9.348243985669597e-5
13.399999999999999	8.927503701941768e-5
13.600000000000001	8.525699848123923e-5
13.800000000000004	8.141980145802245e-5
14.0	7.775530674847611e-5
14.200000000000003	7.42557414688972e-5
14.399999999999999	7.091368257233777e-5
14.600000000000001	6.77220411040829e-5
14.800000000000004	6.467404716462011e-5
15.0	6.176323555025058e-5
15.200000000000003	5.8983432039185976e-5
15.399999999999999	5.6328740295503305e-5
15.600000000000001	5.3793529362137354e-5
15.800000000000004	5.1372421716777e-5
16.0	4.906028186547461e-5
16.200000000000003	4.6852205449665965e-5
16.4	4.474350884315151e-5
16.6	4.2729719217798195e-5
16.800000000000004	4.080656505572964e-5
17.0	3.896996708930688e-5
17.200000000000003	3.7216029647750906e-5
17.4	3.5541032394764e-5
17.6	3.394142243654235e-5
17.800000000000004	3.2413806785916086e-5
18.0	3.095494516527474e-5
18.200000000000003	2.956174313354775e-5
18.400000000000006	2.8231245522497388e-5
18.6	2.696063016803963e-5
18.800000000000004	2.5747201924936416e-5
19.0	2.4588386949096763e-5
19.200000000000003	2.348172723865092e-5
19.400000000000006	2.2424875419872932e-5
19.6	2.1415589768437535e-5
19.800000000000004	2.0451729454136307e-5
20.0	1.9531250000058564e-5
