-20.0	58.99332092185322
-19.5	51.8413120518884
-19.0	45.517275025785565
-18.5	39.92826768270888
-18.0	34.99161246688528
-17.5	30.63377113309305
-17.0	26.789342327732353
-16.5	23.40016865604603
-16.0	20.41454130387993
-15.5	17.786491581625903
-15.0	15.47515991593655
-14.5	13.444233846708405
-14.0	11.661447506560988
-13.5	10.098135879624223
-13.0	8.728837866978688
-12.5	7.530942837042596
-12.0	6.484375919429274
-11.5	5.571317817827359
-11.0	4.775955378264917
-10.5	4.084259559744117
-10.0	3.483787820148187
-9.5	2.9635082563464126
-9.0	2.5136431278721445
-8.5	2.125529652251188
-8.0	1.7914961903852054
-7.5	1.5047521454117638
-7.0	1.2592900807910496
-6.5	1.0497987254345087
-6.0	0.8715856775589549
-5.5	0.7205087465228301
-5.0	0.5929149848444443
-4.5	0.48558656242453563
-4.0	0.395692723081747
-3.5	0.320747141139263
-3.0	0.2585700642019818
-2.5	0.20725468862834381
-2.0	0.16513726774047657
-1.5	0.1307705007434294
-1.0	0.10289979390078063
-0.5	0.08044202598737639
0.0	0.062466488621074345
0.5	0.048177709838390495
1.0	0.036899907038472346
1.5	0.028062853603134885
2.0	0.021188982004829226
2.5	0.015881584333613502
3.0	0.011814007603601868
3.5	0.008719774186483707
4.0	0.006383585338058438
4.5	0.004633186313115705
5.0	0.0033320838732422494
5.5	0.002373110783604505
6.0	0.0016728277667683092
6.5	0.0011667426452589968
7.0	8.053108500074627e-4
7.5	5.506632085885264e-4
8.0	3.739884227340807e-4
8.5	2.534818122115625e-4
9.0	1.7276189899862723e-4
9.5	1.1965489469049873e-4
10.0	8.525517615056441e-5
10.5	6.31859496208996e-5
11.0	4.900471688921852e-5
11.5	3.971821364058148e-5
12.0	3.338664072918597e-5
12.5	2.880691334337849e-5
13.0	2.5267454867243667e-5
13.5	2.236720688764997e-5
14.0	1.9889528815152534e-5
14.5	1.772003815366998e-5
15.0	1.57970112043116e-5
15.5	1.4083907940751032e-5
16.0	1.2555557334198484e-5
16.5	1.1191930602819106e-5
17.0	9.975659662898579e-6
17.5	8.89116908853919e-6
18.0	7.924394886633645e-6
18.5	7.062668189863387e-6
19.0	6.294622394545227e-6
19.5	5.610091319783598e-6
20.0	4.9999998372211134e-6
