-20.0	33.97070240853747
-19.5	27.25393093425463
-19.0	21.85698613905336
-18.5	17.52276987800775
-18.0	14.043704946738947
-17.5	11.252331708502048
-17.0	9.013658423162486
-16.5	7.218945630868103
-16.0	5.780661502432825
-15.5	4.62839200644736
-15.0	3.7055286097127778
-14.5	2.9665883425816433
-14.0	2.3750475431105555
-13.5	1.9015923892221611
-13.0	1.522707232884293
-12.5	1.2195364331956262
-12.0	0.9769674059140806
-11.5	0.7828924323901808
-11.0	0.6276147898464589
-10.5	0.5033713001759403
-10.0	0.40394871318965647
-9.5	0.3243756633447956
-9.0	0.26067544849561686
-8.5	0.20966772491391444
-8.0	0.16880951772793715
-7.5	0.13606781084270142
-7.0	0.1098174878205323
-6.5	0.08875961250151758
-6.0	0.07185602028727037
-5.5	0.05827698275609836
-5.0	0.04735934602418654
-4.5	0.038573056580763355
-4.0	0.03149440118922972
-3.5	0.02578461929386341
-3.0	0.02117281293179461
-2.5	0.017442293139911486
-2.0	0.014419673539003884
-1.5	0.011966159463327804
-1.0	0.009970591368115615
-0.5	0.00834388967670927
0.0	0.007014619059103542
0.5	0.005925446851951129
1.0	0.005030315736856984
1.5	0.004292187132426999
2.0	0.003681240815953002
2.5	0.003173439491860301
3.0	0.0027493854820021062
3.5	0.0023934113000683567
4.0	0.0020928572780221687
4.5	0.0018374982099505104
5.0	0.001619087700485792
5.5	0.001430994110627629
6.0	0.0012679062971392666
6.5	0.0011255913536577396
7.0	0.001000690731975528
7.5	8.905455340816293e-4
8.0	7.930460236872454e-4
8.5	7.065037637127866e-4
9.0	6.295465362222437e-4
9.5	5.61036129286935e-4
10.0	5.00007666888829e-4
10.5	4.456273817218102e-4
11.0	3.971645283393267e-4
11.5	3.5397296688595946e-4
12.0	3.154786834913038e-4
12.5	2.811706639680775e-4
13.0	2.5059361694591034e-4
13.5	2.2334179608525905e-4
14.0	1.9905358527728758e-4
14.5	1.7740669461680902e-4
15.0	1.5811388300841954e-4
15.5	1.4091914656322286e-4
16.0	1.2559432157547909e-4
16.5	1.1193605692841698e-4
17.0	9.976311574844418e-5
17.5	8.891397050194649e-5
18.0	7.924465962305583e-5
18.5	7.062687723113854e-5
19.0	6.294627058981931e-5
19.5	5.610092272988738e-5
20.0	5.0000001472026415e-5
