-20.0	1.1006431083299741
-19.5	0.9810591491305132
-19.0	0.8744795867241935
-18.5	0.7794902442834128
-18.0	0.6948307291619038
-17.5	0.6193777099917778
-17.0	0.5521300122231608
-16.5	0.4921953343770854
-16.0	0.4387784087807698
-15.5	0.3911704497165928
-15.0	0.3487397489931697
-14.5	0.31092329416931314
-14.0	0.27721929822694874
-13.5	0.2471805415811938
-13.0	0.22040843809123584
-12.5	0.1965477463409502
-12.0	0.17528185601761653
-11.5	0.15632858684623088
-11.0	0.13943644433593647
-10.5	0.12438128265416713
-10.0	0.11096333034388967
-9.5	0.09900453941096123
-9.0	0.08834622259606077
-8.5	0.0788469474654571
-8.0	0.07038065935772912
-7.5	0.06283500825417283
-7.0	0.05610985733938341
-6.5	0.05011595342068094
-6.0	0.044773741512813256
-5.5	0.04001230779584466
-5.0	0.03576843684521233
-4.5	0.031985770536610135
-4.0	0.02861405736631487
-3.5	0.025608482120151613
-3.0	0.022929066891779874
-2.5	0.020540135414459607
-2.0	0.018409833553277716
-1.5	0.01650969963432649
-1.0	0.014814279096770872
-0.5	0.013300778784429902
0.0	0.01194875709601113
0.5	0.010739847246356342
1.0	0.009657512115550783
1.5	0.00868683062300384
2.0	0.007814317250616022
2.5	0.007027778123224398
3.0	0.006316208582812352
3.5	0.0056697377650575575
4.0	0.005079624169801028
4.5	0.0045383011420083745
5.0	0.004039461246675092
5.5	0.003578153717689544
6.0	0.003150852371435995
6.5	0.0027554395733092444
7.0	0.0023910550490310106
7.5	0.00205778468987782
8.0	0.0017562125224039344
8.5	0.0014869125191729407
9.0	0.0012499898908622286
9.5	0.0010447735550431383
10.0	8.697134649274631e-4
10.5	7.224717956489785e-4
11.0	6.00146074159194e-4
11.5	4.995435008605207e-4
12.0	4.174374856445242e-4
12.5	3.507653060786132e-4
13.0	2.967541796395394e-4
13.5	2.529828200392548e-4
14.0	2.173949154505006e-4
14.5	1.882823776487214e-4
15.0	1.6425314270737733e-4
15.5	1.4419352404124026e-4
16.0	1.2723037469753102e-4
16.5	1.1269466645788302e-4
17.0	1.000861754692986e-4
17.5	8.903889823471969e-5
18.0	7.928798529204816e-5
18.5	7.064016948940542e-5
19.0	6.294982394600177e-5
19.5	5.610173656819025e-5
20.0	5.000015818557152e-5
