-20.0	0.020634851938420525
-19.5	0.01841283616846117
-19.0	0.016432436571214085
-18.5	0.014667374487237672
-18.0	0.01309422866535023
-17.5	0.011692124479468127
-17.0	0.010442456938308368
-16.5	0.009328643812591146
-16.0	0.008335905604108124
-15.5	0.007451069437247117
-15.0	0.006662394271042796
-14.5	0.005959415112843963
-14.0	0.005332804166876084
-13.5	0.004774247075874808
-13.0	0.004276332614309029
-12.5	0.003832454370454494
-12.0	0.0034367231138163097
-11.5	0.00308388868646416
-11.0	0.0027692703835352573
-10.5	0.002488694901121125
-10.0	0.002238441030621656
-9.5	0.0020151903686401163
-9.0	0.0018159833918657046
-8.5	0.0016381803181983868
-8.0	0.00147942623954137
-7.5	0.0013376200690920568
-7.0	0.0012108868972864383
-6.5	0.0010975533964367762
-6.0	9.961259550800227e-4
-5.5	9.05271259611097e-4
-5.0	8.237990730762634e-4
-4.5	7.506469894932781e-4
-4.0	6.848669667276286e-4
-3.5	6.256134617560143e-4
-3.0	5.721330092700518e-4
-2.5	5.23755097502081e-4
-2.0	4.7988420411846657e-4
-1.5	4.399928595513429e-4
-1.0	4.0361560561959496e-4
-0.5	3.7034371374605345e-4
0.0	3.3982052071121726e-4
0.5	3.1173723200287684e-4
1.0	2.8582903588695175e-4
1.5	2.618713686477503e-4
2.0	2.3967617735320236e-4
2.5	2.1908804512283119e-4
3.0	1.9998007923364503e-4
3.5	1.822495171511227e-4
4.0	1.6581307800262924e-4
4.5	1.5060217136436528e-4
5.0	1.365581607357973e-4
5.5	1.2362794724831016e-4
6.0	1.1176017329300825e-4
6.5	1.0090232660184183e-4
7.0	9.099894641251827e-5
7.5	8.199100057500509e-5
8.0	7.381633882126115e-5
8.5	6.641097113132588e-5
9.0	5.97108117239078e-5
9.5	5.365349953966603e-5
10.0	4.817996210445141e-5
10.5	4.3235510529770594e-5
11.0	3.8770381982954575e-5
11.5	3.473987731283113e-5
12.0	3.110395834422341e-5
12.5	2.7826833428913123e-5
13.0	2.4876338679512333e-5
13.5	2.2223339921376705e-5
14.0	1.984120414518742e-5
14.5	1.7705370046965595e-5
15.0	1.579303505358065e-5
15.5	1.4082958006257807e-5
16.0	1.2555360264679072e-5
16.5	1.1191895688735798e-5
17.0	9.97565447839155e-6
17.5	8.891168456694132e-6
18.0	7.924394824909031e-6
18.5	7.06266818515644e-6
19.0	6.294622394273252e-6
19.5	5.610091319772082e-6
20.0	4.9999998372207695e-6
