-20.0	85.23818575798389
-19.5	76.00655449430816
-19.0	67.77885445139198
-18.5	60.44590903153803
-18.0	53.91041448472601
-17.5	48.08564874697815
-17.0	42.894320688393066
-16.5	38.26754450563378
-16.0	34.143925645856335
-15.5	30.46874613541274
-15.0	27.19323850029811
-14.5	24.27393864582001
-14.0	21.672109105943658
-13.5	19.353225010056246
-13.0	17.28651594407293
-12.5	15.44455762669969
-12.0	13.802907979963015
-11.5	12.339782763312783
-11.0	11.03576646407031
-10.5	9.873554604055379
-10.0	8.837724038116797
-9.5	7.914528189244701
-9.0	7.091714494674634
-8.5	6.358361628254923
-8.0	5.7047343234596095
-7.5	5.122153849584602
-7.0	4.602882395098157
-6.5	4.140019787945907
-6.0	3.72741113589887
-5.5	3.359564101394297
-5.0	3.0315746374268158
-4.5	2.73906010466434
-4.0	2.478098768524044
-3.5	2.2451747421281536
-3.0	2.0371275048244843
-2.5	1.8511052000844563
-2.0	1.6845210256461243
-1.5	1.535012214696361
-1.0	1.4004014378984289
-0.5	1.2786610357086166
0.0	1.1678814600359648
0.5	1.0662468209626208
1.0	0.9720225877812446
1.5	0.8835631049247435
2.0	0.7993488227453902
2.5	0.7180630121934689
3.0	0.6387117768499543
3.5	0.5607754286529922
4.0	0.4843528786165425
4.5	0.4102321361984892
5.0	0.3398112092662171
5.5	0.274830612266475
6.0	0.2169638866500634
6.5	0.16740163343258113
7.0	0.12658757489448724
7.5	0.09419271908399073
8.0	0.0692957717856401
8.5	0.0506583185769427
9.0	0.036981364730448246
9.5	0.02708008342792083
10.0	0.01996823558974584
10.5	0.014874924876081672
11.0	0.011223219136822808
11.5	0.008593849901472167
12.0	0.006687803335921976
12.5	0.005294109921987528
13.0	0.004264599324785834
13.5	0.0034951883852035463
14.0	0.0029124899181759097
14.5	0.0024644464583701326
15.0	0.0021138828189365163
15.5	0.0018341185625061894
16.0	0.0016059982796393173
16.5	0.0014158637705776668
17.0	0.0012541203613044922
17.5	0.0011141601304454705
18.0	9.91506475160341e-4
18.5	8.831268265731345e-4
19.0	7.869061328047417e-4
19.5	7.012793414435914e-4
20.0	6.250034291088057e-4
