-20.0	2.1348105843351197
-19.5	1.9030754905907918
-19.0	1.6965296927188522
-18.5	1.5124331694307265
-18.0	1.348343831602813
-17.5	1.20208512021633
-17.0	1.0717171279873827
-16.5	0.9555108615374596
-16.0	0.8519253026145497
-15.5	0.7595869640473226
-15.0	0.6772716692166353
-14.5	0.6038883133507725
-14.0	0.5384643912666239
-13.5	0.4801330996389975
-13.0	0.428121842791804
-12.5	0.38174198966290557
-12.0	0.3403797462193132
-11.5	0.30348802244022255
-11.0	0.2705791862146685
-10.5	0.2412186083041102
-10.0	0.21501891305008955
-9.5	0.1916348588886017
-9.0	0.1707587810943225
-8.5	0.15211653660463126
-8.0	0.13546389735513928
-7.5	0.12058334435291189
-7.0	0.10728121976982595
-6.5	0.09538519868487351
-6.0	0.08474204576017938
-5.5	0.07521562510914132
-5.0	0.06668513392233846
-4.5	0.059043532088881454
-4.0	0.052196141166644866
-3.5	0.046059386763205284
-3.0	0.04055965894436335
-2.5	0.03563226607001155
-2.0	0.031220458970612916
-1.5	0.027274505199365418
-1.0	0.02375079775845247
-0.5	0.02061098950312039
0.0	0.017821153208484836
0.5	0.015350977198489175
1.0	0.013173015900578355
1.5	0.011262021569520823
2.0	0.009594385543966433
2.5	0.00814771327944018
3.0	0.00690054697393218
3.5	0.005832234571032275
4.0	0.0049229274998082865
4.5	0.0041536755091833525
5.0	0.0035065786034131036
5.5	0.0029649549961841
6.0	0.0025134897802365883
6.5	0.002138339594855453
7.0	0.001827181090302978
7.5	0.0015692026836577918
8.0	0.0013550479995841356
8.5	0.0011767245052565574
9.0	0.0010274920490055631
9.5	9.01743784031649e-4
10.0	7.948872970878669e-4
10.5	7.032282211236734e-4
11.0	6.238542432921735e-4
11.5	5.54516217113542e-4
12.0	4.935057317111874e-4
12.5	4.395335589819838e-4
13.0	3.916176624240046e-4
13.5	3.4898974517622256e-4
14.0	3.110256058605977e-4
14.5	2.7719885281612803e-4
15.0	2.4705309309232054e-4
15.5	2.2018618718966826e-4
16.0	1.9624112970257411e-4
16.5	1.7490008913707538e-4
17.0	1.5587986836847336e-4
17.5	1.3892807890980143e-4
18.0	1.2381978066103926e-4
18.5	1.1035449567365335e-4
19.0	9.835354779641885e-5
19.5	8.765769174233998e-5
20.0	7.81249999999997e-5
