-20.0	26.220895690865987
-19.5	23.377112191754055
-19.0	20.84216102286269
-18.5	18.5824313118291
-18.0	16.567965864497317
-17.5	14.77206377633121
-17.0	13.170926267524823
-16.5	11.743341045399108
-16.0	10.470401008749223
-15.5	9.335253566042326
-15.0	8.322877245951922
-14.5	7.419882642051791
-14.0	6.614335057600695
-13.5	5.8955965056382755
-13.0	5.254184977647966
-12.5	4.6816491248300025
-12.0	4.170456701458828
-11.5	3.7138953034074937
-11.0	3.3059840978759962
-10.5	2.9413953847254484
-10.0	2.615384956653492
-9.5	2.3237303350191403
-9.0	2.0626760510282125
-8.5	1.8288852173194585
-8.0	1.6193966924248853
-7.5	1.4315871791811472
-7.0	1.2631376179522766
-6.5	1.1120032377851372
-6.0	0.976386617545464
-5.5	0.854713092882407
-5.0	0.7456078373610219
-4.5	0.6478739667540354
-4.0	0.5604710881742494
-3.5	0.48249386387289983
-3.0	0.4131503980112543
-2.5	0.3517405789296953
-2.0	0.29763488490176027
-1.5	0.2502545197202896
-1.0	0.20905399198841437
-0.5	0.17350729393291775
0.0	0.14309861195138512
0.5	0.11731802054022532
1.0	0.09566196466609579
1.5	0.07763767718291412
2.0	0.06277017568298791
2.5	0.05061025991621841
3.0	0.04074202203216662
3.5	0.03278873017272294
4.0	0.026416432206777536
4.5	0.021335118147924628
5.0	0.017297674235059495
5.5	0.014097107503122165
6.0	0.011562615773954201
6.5	0.009555056787739722
7.0	0.007962277290200681
7.5	0.006694640892578292
8.0	0.005680973262337678
8.5	0.004865041575425218
9.0	0.004202607181914547
9.5	0.003659033351478961
10.0	0.0032073881793524025
10.5	0.002826952752761394
11.0	0.002502028410809511
11.5	0.0022209407072821025
12.0	0.0019751650792199267
12.5	0.0017585432547013206
13.0	0.0015666009471786064
13.5	0.0013959953605199187
14.0	0.0012441111813163194
14.5	0.0011087971962259718
15.0	9.882126741528417e-4
15.5	8.807447901279583e-4
16.0	7.849645232920834e-4
16.5	6.996003569211568e-4
17.0	6.235194734969615e-4
17.5	5.557123156402314e-4
18.0	4.952791226441904e-4
18.5	4.414179826946169e-4
19.0	3.9341419118567626e-4
19.5	3.506307669693619e-4
20.0	3.1250000000000077e-4
