-20.0	2.484183283335191
-19.5	2.0246927612475076
-19.0	1.6485145606285212
-18.5	1.3409283091728632
-18.0	1.0897301560014712
-17.5	0.8848204159541246
-17.0	0.7178551281268075
-16.5	0.581952342589831
-16.0	0.4714451337930187
-15.5	0.3816743950047989
-15.0	0.30881540534602214
-14.5	0.24973298948097608
-14.0	0.20186081923144739
-13.5	0.1631010455791452
-13.0	0.13174100745569334
-12.5	0.10638424874746928
-12.0	0.08589349488964343
-11.5	0.06934360262111657
-11.0	0.05598280765792747
-10.5	0.04520086143041145
-10.0	0.036502875250501304
-9.5	0.029487883425537615
-9.0	0.023831300480373397
-8.5	0.019270585856707875
-8.0	0.01559354582565451
-7.5	0.012628800042294705
-7.0	0.010238021956498118
-6.5	0.00830963057938078
-6.0	0.006753667973069006
-5.5	0.005497644075482607
-5.0	0.004483169629786196
-4.5	0.00366323037181597
-4.0	0.002999982353672202
-3.5	0.0024629702925449653
-3.0	0.002027688927525557
-2.5	0.0016744222141400384
-2.0	0.0013873073483505701
-1.5	0.0011535805584926633
-1.0	9.629697264073808e-4
-0.5	8.072055232012802e-4
0.0	6.796281403247451e-4
0.5	5.74871085925189e-4
1.0	4.886070833682468e-4
1.5	4.1734400404964223e-4
2.0	3.5826111283763617e-4
2.5	3.090778007212483e-4
3.0	2.679485044918164e-4
3.5	2.333787301680767e-4
4.0	2.041580557186956e-4
4.5	1.7930673265265264e-4
5.0	1.5803307764366837e-4
5.5	1.3969929163022614e-4
6.0	1.2379371865257985e-4
6.5	1.0990791447368192e-4
7.0	9.771727547255074e-5
7.5	8.696438657908411e-5
8.0	7.744464335753534e-5
8.5	6.899401539741512e-5
9.0	6.147897816137304e-5
9.5	5.4788628098714706e-5
10.0	4.882885764588242e-5
10.5	4.3518294986428e-5
11.0	3.8785597483039764e-5
11.5	3.456767211765977e-5
12.0	3.0808465060714955e-5
12.5	2.7458072628813683e-5
13.0	2.44720329014827e-5
13.5	2.181072227363712e-5
14.0	1.9438826687216708e-5
14.5	1.7324872521171503e-5
15.0	1.5440808887540948e-5
15.5	1.3761635406564683e-5
16.0	1.2265070466355377e-5
16.5	1.0931255559415781e-5
17.0	9.742491772308941e-6
17.5	8.683004931830673e-6
18.0	7.738736291314037e-6
18.5	6.8971559796034e-6
19.0	6.1470967372762025e-6
19.5	5.478605733896306e-6
20.0	4.882812500000039e-6
