-20.0	36.461045794929525
-19.5	32.33320443950553
-19.0	28.644142294090614
-18.5	25.34600444485958
-18.0	22.396238825280026
-17.5	19.757046082506083
-17.0	17.394893033502875
-16.5	15.280082366072456
-16.0	13.386371456427428
-15.5	11.690633200956105
-15.0	10.172551537052847
-14.5	8.81434397504303
-14.0	7.6005030907136915
-13.5	6.517548762657415
-13.0	5.553783298354324
-12.5	4.699042887645026
-12.0	3.9444414142403965
-11.5	3.282106786941995
-11.0	2.7049154432820894
-10.5	2.206236797394364
-10.0	1.7797047524325476
-9.5	1.4190361310829571
-9.0	1.117914279534625
-8.5	0.8699493601725994
-8.0	0.6687157833955489
-7.5	0.5078543979253289
-7.0	0.3812160703093966
-6.5	0.28301743346855923
-6.0	0.20798048853296525
-5.5	0.15143470283247032
-5.0	0.10937067140642148
-4.5	0.07844503119231098
-4.0	0.05594448215352123
-3.5	0.03972119834766516
-3.0	0.02811272518435997
-2.5	0.019857683399943954
-2.0	0.014015534954395335
-1.5	0.009895409135058993
-1.0	0.006996225233439813
-0.5	0.0049583637883897
0.0	0.0035259285072003145
0.5	0.002518054249828065
1.0	0.001807559139077025
1.5	0.001305336150693785
2.0	9.49100276344446e-4
2.5	6.953659315330368e-4
3.0	5.137770801291686e-4
3.5	3.8312673622422684e-4
4.0	2.8857613408925936e-4
4.5	2.1971856027923922e-4
5.0	1.6923408429747112e-4
5.5	1.3195574345549823e-4
6.0	1.0422132981800885e-4
6.5	8.342305461521027e-5
7.0	6.769421723162854e-5
7.5	5.5690776120085514e-5
8.0	4.6438769528308085e-5
8.5	3.922756882835127e-5
9.0	3.353516995863454e-5
9.5	2.8975973917433936e-5
10.0	2.5264354289313403e-5
10.5	2.218918127177379e-5
11.0	1.9595715049215146e-5
11.5	1.7372203772042763e-5
12.0	1.5439349834716912e-5
12.5	1.374161596510793e-5
13.0	1.2240024345748463e-5
13.5	1.0906480218136896e-5
14.0	9.71968274928968e-6
14.5	8.662491168994826e-6
15.0	7.720413727148883e-6
15.5	6.880818975872389e-6
16.0	6.13253537104499e-6
16.5	5.46562779117741e-6
17.0	4.871245886863965e-6
17.5	4.34150246594682e-6
18.0	3.8693681456579825e-6
18.5	3.4485779898017213e-6
19.0	3.0735483686381013e-6
19.5	2.7393028669481536e-6
20.0	2.441406250000021e-6
