-20.0	39.532236156598444
-19.5	31.427052853386325
-19.0	24.98611759985582
-18.5	19.867441608371138
-18.0	15.799340906078744
-17.5	12.5659801650045
-17.0	9.99588937339251
-16.5	7.9528419601487235
-16.0	6.328608725489334
-15.5	5.0372018104871605
-15.0	4.01030227636582
-14.5	3.1936278847199344
-14.0	2.5440477294903925
-13.5	2.0272901353471173
-13.0	1.6161218230811394
-12.5	1.288901432339849
-12.0	1.0284304218867801
-11.5	0.8210401984532913
-11.0	0.6558669004740244
-10.5	0.5242752519197533
-10.0	0.41940083610610335
-9.5	0.3357864422039362
-9.0	0.2690931438063202
-8.5	0.2158707459227812
-8.0	0.17337539591013917
-7.5	0.1394246633238081
-7.0	0.11228238708622582
-6.5	0.09056717185818172
-6.0	0.07317967336301047
-5.5	0.05924481161998876
-5.0	0.04806584478553515
-4.5	0.03908786683209131
-4.0	0.031868793179002035
-3.5	0.026056296288720967
-3.0	0.021369469334225316
-2.5	0.017584247153118026
-2.0	0.014521813195152208
-1.5	0.012039379659884213
-1.0	0.010022853943944657
-0.5	0.008381004574143938
0.0	0.007040819316369421
0.5	0.005943811348929623
1.0	0.005043079628700066
1.5	0.004300969518716689
2.0	0.003687211488593017
2.5	0.00317744089660872
3.0	0.0027520218044690455
3.5	0.0023951134648885074
4.0	0.0020939303440438125
4.5	0.0018381559400006797
5.0	0.0016194778208594848
5.5	0.0014312168325258526
6.0	0.0012680279627602822
6.5	0.0011256545332753469
7.0	0.0010007216974716876
7.5	8.90559746341015e-4
8.0	7.930520798473612e-4
8.5	7.06506137131543e-4
9.0	6.295473827839039e-4
9.5	5.610364009417221e-4
10.0	5.000077443061401e-4
10.5	4.4562740103521603e-4
11.0	3.9716453119819186e-4
11.5	3.5397296484328505e-4
12.0	3.1547868257677787e-4
12.5	2.811706637627106e-4
13.0	2.5059361691555143e-4
13.5	2.233417960820624e-4
14.0	1.99053585277079e-4
14.5	1.7740669461679975e-4
15.0	1.581138830084206e-4
15.5	1.4091914656322218e-4
16.0	1.2559432157548082e-4
16.5	1.1193605692841739e-4
17.0	9.976311574844491e-5
17.5	8.891397050194618e-5
18.0	7.924465962305627e-5
18.5	7.062687723113814e-5
19.0	6.294627058970813e-5
19.5	5.6100922715098184e-5
20.0	5.0000000000000755e-5
