-20.0	3.9222000372915073
-19.5	3.498205176902944
-19.0	3.1203193579710606
-18.5	2.7835282635933116
-18.0	2.4833628786413025
-17.5	2.215840188645038
-17.0	1.977410327326892
-16.5	1.76490947191476
-16.0	1.5755178608053633
-15.5	1.4067223767519759
-15.0	1.2562831987954775
-14.5	1.1222040806387072
-14.0	1.002705860810768
-13.5	0.8962028532014733
-13.0	0.8012818044628035
-12.5	0.7166831390518853
-12.0	0.6412842427722125
-11.5	0.5740845628248313
-11.0	0.5141923263259971
-10.5	0.46081270063650764
-10.0	0.4132372378663068
-9.5	0.37083446268539133
-9.0	0.33304147759408625
-8.5	0.2993564728696979
-8.0	0.2693320400102705
-7.5	0.24256919751832007
-7.0	0.21871204655368848
-6.5	0.19744298128451282
-6.0	0.17847838484139864
-5.5	0.16156474657149206
-5.0	0.14647513998078418
-4.5	0.13300600340085061
-4.0	0.12097416746778977
-3.5	0.11021407565861041
-3.0	0.10057514794312247
-2.5	0.0919192459389716
-2.0	0.08411821594141204
-1.5	0.07705152246300212
-1.0	0.07060405280451848
-0.5	0.06466429073467166
0.0	0.05912324299171047
0.5	0.05387475962495633
1.0	0.048818171116184673
1.5	0.04386431138533102
2.0	0.03894566472916044
2.5	0.03403007101614056
3.0	0.0291348244163463
3.5	0.024334732568218127
4.0	0.01975611569885878
4.5	0.015552162998897768
5.0	0.011864391524674374
5.5	0.008784925504959021
6.0	0.006336110472088665
6.5	0.00447448240075228
7.0	0.003112777793047931
7.5	0.002146852308786292
8.0	0.0014768701437674297
8.5	0.0010188780768268068
9.0	7.081661713602474e-4
9.5	4.977369503246135e-4
10.0	3.5480168924456e-4
10.5	2.570731856061277e-4
11.0	1.8963564417583316e-4
11.5	1.425822033101084e-4
12.0	1.0934367368343694e-4
12.5	8.555164906729753e-5
13.0	6.828302303169166e-5
13.5	5.556447087938398e-5
14.0	4.6049494096883395e-5
14.5	3.880840787995449e-5
15.0	3.319183665328362e-5
15.5	2.8741976031074767e-5
16.0	2.5134755601951474e-5
16.5	2.21416539747417e-5
17.0	1.9603571456846103e-5
17.5	1.741181130008939e-5
18.0	1.5493347806552143e-5
18.5	1.3799181375469935e-5
19.0	1.2295495107179977e-5
19.5	1.0957509584918521e-5
20.0	9.765682406972691e-6
