-20.0	0.1271524986260037
-19.5	0.113356542791061
-19.0	0.10106088419882776
-18.5	0.09010236691933418
-18.0	0.0803355780738092
-17.5	0.07163091829414286
-17.0	0.06387288201618638
-16.5	0.056958524790350566
-16.0	0.050796097269216973
-15.5	0.045303827747624106
-15.0	0.040408837098498344
-14.5	0.03604617170762186
-14.0	0.0321579415733098
-13.5	0.02869255213466554
-13.0	0.025604019633894935
-12.5	0.02285136092802457
-12.0	0.020398049651555807
-11.5	0.018211531512757024
-11.0	0.016262792290059256
-10.5	0.014525972793897354
-10.0	0.012978025682012045
-9.5	0.011598409570203954
-9.0	0.010368816374877554
-8.5	0.00927292826258307
-8.0	0.008296200972986648
-7.5	0.007425670628925952
-7.0	0.006649781455840041
-6.5	0.0059582321061295886
-6.0	0.0053418385260924775
-5.5	0.004792411516437355
-5.0	0.00430264732548518
-4.5	0.0038660297790459133
-4.0	0.0034767425958586186
-3.5	0.003129590665095332
-3.0	0.0028199291768350476
-2.5	0.002543599603100576
-2.0	0.0022968716343444713
-1.5	0.002076390297085896
-1.0	0.0018791276325767078
-0.5	0.001702338533540275
0.0	0.001543520658101612
0.5	0.0014003788208180963
1.0	0.0012707949571063519
1.5	0.0011528057024893293
2.0	0.00104459076936826
2.5	9.444763920886096e-4
3.0	8.509585413191991e-4
3.5	7.627492912253976e-4
4.0	6.78845188559213e-4
4.5	5.98607584719085e-4
5.0	5.218324512258696e-4
5.5	4.487759548797756e-4
6.0	3.8010105075866397e-4
6.5	3.1672847589318847e-4
7.0	2.5961236576355095e-4
7.5	2.0949978586619353e-4
8.0	1.6674915420111748e-4
8.5	1.3126052319205046e-4
9.0	1.0252303359518124e-4
9.5	7.974123091367026e-5
10.0	6.198503291811478e-5
10.5	4.8318738295033006e-5
11.0	3.7887692942375e-5
11.5	2.9961827717616093e-5
12.0	2.394642117481982e-5
12.5	1.9372963986966054e-5
13.0	1.5880750464318852e-5
13.5	1.3196173835708293e-5
14.0	1.1113510975729026e-5
14.5	9.478792070094188e-6
15.0	8.177083915097366e-6
15.5	7.122877283602977e-6
16.0	6.2529932735684385e-6
16.5	5.52134524621929e-6
17.0	4.894941013056451e-6
17.5	4.3506590044717606e-6
18.0	3.872542686547331e-6
18.5	3.4495518200114423e-6
19.0	3.0738086909224804e-6
19.5	2.7393624901243263e-6
20.0	2.4414177313841943e-6
