-20.0	16.160653402456745
-19.5	14.233409033620578
-19.0	12.52834996016699
-18.5	11.020537669658097
-18.0	9.687786917236638
-17.5	8.510364053100485
-17.0	7.470718297160825
-16.5	6.553242370915845
-16.0	5.7440592873105825
-15.5	5.030832447514592
-15.0	4.402596503856333
-14.5	3.849606724609212
-14.0	3.363204842728995
-13.5	2.935699590176798
-13.0	2.5602603151100283
-12.5	2.2308222535319135
-12.0	1.9420021823533566
-11.5	1.6890233192196238
-11.0	1.4676484578275077
-10.5	1.2741204373750803
-10.0	1.1051091427640793
-9.5	0.9576643195066584
-9.0	0.8291735651392058
-8.5	0.7173249283667464
-8.0	0.6200736090747397
-7.5	0.5356123075825848
-7.0	0.4623448208071211
-6.5	0.3988625270139272
-6.0	0.3439234401394096
-5.5	0.2964335497828986
-5.0	0.25543019435382025
-4.5	0.22006724291654453
-4.0	0.1896018863633375
-3.5	0.16338286097668864
-3.0	0.14083994749608283
-2.5	0.12147460672582902
-2.0	0.10485162872868033
-1.5	0.09059168693987231
-1.0	0.07836470127986143
-0.5	0.06788392569544519
0.0	0.05890068564892546
0.5	0.05119970000736419
1.0	0.044594929628770597
1.5	0.03892590172148568
2.0	0.03405446473436115
2.5	0.02986193302674462
3.0	0.026246583735702482
3.5	0.023121469989553792
4.0	0.020412514925184165
4.5	0.018056850143884924
5.0	0.016001361031872247
5.5	0.014201401017310333
6.0	0.012619638910597027
6.5	0.01122500934280807
7.0	0.009991746351069104
7.5	0.008898493007805566
8.0	0.007927492513289534
8.5	0.007063874397664374
9.0	0.0062950504220467916
9.5	0.005610228137996305
10.0	0.0050000387213045006
10.5	0.004456264350495792
11.0	0.003971643236345866
11.5	0.0035397292711925044
12.0	0.00315478676894429
12.5	0.0028117066306931177
13.0	0.002505936168486867
13.5	0.002233417960771412
14.0	0.0019905358527679885
14.5	0.0017740669461678577
15.0	0.0015811388300841851
15.5	0.0014091914656322135
16.0	0.0012559432157547954
16.5	0.0011193605692841656
17.0	9.976311574844392e-4
17.5	8.891397050194561e-4
18.0	7.92446596230557e-4
18.5	7.062687723113771e-4
19.0	6.294627058970816e-4
19.5	5.610092271509785e-4
20.0	5.000000000000015e-4
