-20.0	1.5624999999999942
-19.5	1.3925795908340017
-19.0	1.241137866756704
-18.5	1.1061652881002217
-18.0	0.9858708507502965
-17.5	0.878658320609914
-17.0	0.7831050525426325
-16.5	0.6979431127358886
-16.0	0.6220424539898448
-15.5	0.5543959206774547
-15.0	0.4941058844013131
-14.5	0.44037233301007833
-14.0	0.39248225492337313
-13.5	0.34980017790130535
-13.0	0.3117597367138935
-12.5	0.27785615781858003
-12.0	0.24763956132204437
-11.5	0.22070899134730476
-11.0	0.1967070955928318
-10.5	0.1753153834846815
-10.0	0.15624999999999753
-9.5	0.13925795908340022
-9.0	0.12411378667567119
-8.5	0.1106165288100241
-8.0	0.09858708507503244
-7.5	0.08786583206099374
-7.0	0.07831050525425998
-6.5	0.0697943112735849
-6.0	0.062204245398980354
-5.5	0.05543959206774405
-5.0	0.04941058844013103
-4.5	0.044037233301009844
-4.0	0.03924822549233933
-3.5	0.03498001779012983
-3.0	0.03117597367138665
-2.5	0.027785615781855996
-2.0	0.024763956132205982
-1.5	0.022070899134733504
-1.0	0.019670709559283784
-0.5	0.017531538348465957
0.0	0.0156250000000002
0.5	0.013925795908341804
1.0	0.012411378667565209
1.5	0.01106165288100124
2.0	0.009858708507504794
2.5	0.008786583206097244
3.0	0.007831050525427766
3.5	0.0069794311273576265
4.0	0.006220424539899509
4.5	0.005543959206773233
5.0	0.004941058844014771
5.5	0.004403723330099576
6.0	0.00392482254923277
6.5	0.003498001779014208
7.0	0.0031175973671402624
7.5	0.0027785615781870114
8.0	0.00247639561322172
8.5	0.002207089913473927
9.0	0.0019670709559274
9.5	0.0017531538348471954
10.0	0.0015624999999991828
10.5	0.0013925795908346196
11.0	0.0012411378627246168
11.5	0.001106165279357906
12.0	9.858708475371616e-4
12.5	8.786583199246255e-4
13.0	7.831050524432416e-4
13.5	6.979431127256724e-4
14.0	6.220424539892236e-4
14.5	5.543959206773979e-4
15.0	4.941058844012924e-4
15.5	4.4037233301005586e-4
16.0	3.9248225492336127e-4
16.5	3.4980017790129563e-4
17.0	3.117597367138788e-4
17.5	2.778561578185772e-4
18.0	2.47639561322045e-4
18.5	2.2070899134730306e-4
19.0	1.967070955928369e-4
19.5	1.75315383484678e-4
20.0	1.562499999999974e-4
