-20.0	21.423356086854856
-19.5	19.09357638626774
-19.0	17.01621520086741
-18.5	15.16375178979518
-18.0	13.511657904589976
-17.5	12.038072220937131
-17.0	10.723510324493548
-16.5	9.550606403101437
-16.0	8.503883223413563
-15.5	7.569547349534355
-15.0	6.735306899879212
-14.5	5.990209440512935
-14.0	5.324497881279103
-13.5	4.729482478466085
-13.0	4.197427255549692
-12.5	3.7214493329502245
-12.0	3.29542980813903
-11.5	2.91393494790084
-11.0	2.572146543147918
-10.5	2.2658003313469472
-10.0	1.991131411486933
-9.5	1.7448255631116565
-9.0	1.523975341420985
-8.5	1.326039770153995
-8.0	1.1488064199650765
-7.5	0.9903546822664545
-7.0	0.8490191777175337
-6.5	0.7233525269179512
-6.0	0.6120871945653402
-5.5	0.5140967923105779
-5.0	0.4283580179370138
-4.5	0.35391516789847743
-4.0	0.28984967247454735
-3.5	0.23525714712914997
-3.0	0.18923389041547786
-2.5	0.1508736148820673
-2.0	0.11927370190229304
-1.5	0.09354880508725336
-1.0	0.07284859325948811
-0.5	0.05637609518564402
0.0	0.04340352477058136
0.5	0.033283437016845975
1.0	0.025454266915333007
1.5	0.01944040978623509
2.0	0.014847791098374885
2.5	0.011356269272500427
3.0	0.008710260961732165
3.5	0.0067087861909845845
4.0	0.005195823680020527
4.5	0.004051543486616422
5.0	0.0031847057376768488
5.5	0.002526306607206788
6.0	0.0020244172620055537
6.5	0.00164008644778279
7.0	0.0013441464657752069
7.5	0.001114759978945372
8.0	9.35558957543315e-4
8.5	7.942482313269381e-4
9.0	6.815687062704779e-4
9.5	5.905357689394833e-4
10.0	5.158849310344861e-4
10.5	4.536691231688821e-4
11.0	4.0096155564917443e-4
11.5	3.556271409695607e-4
12.0	3.1613618192819696e-4
12.5	2.814062149130358e-4
13.0	2.5066866731999755e-4
13.5	2.2336275207448787e-4
14.0	1.9905863025581518e-4
14.5	1.7740772286133327e-4
15.0	1.5811405685599002e-4
15.5	1.4091917039500633e-4
16.0	1.255943241573554e-4
16.5	1.1193605714321271e-4
17.0	9.97631157617312e-5
17.5	8.891397050253594e-5
18.0	7.924465962307383e-5
18.5	7.062687723113891e-5
19.0	6.294627058981934e-5
19.5	5.610092272988738e-5
20.0	5.0000001472026415e-5
