-20.0	0.18349749159556494
-19.5	0.16373867295162953
-19.0	0.14612845892898407
-18.5	0.13043317282412212
-18.0	0.11644454789899442
-17.5	0.10397696381696804
-17.0	0.09286498358515495
-16.5	0.08296115832042776
-16.0	0.07413407071028519
-15.5	0.06626659120761755
-15.0	0.05925432382108589
-14.5	0.05300422087928894
-14.0	0.047433348389229975
-13.5	0.04246778560844005
-13.0	0.038041644231420514
-12.5	0.034096194179184636
-12.0	0.030579084395951524
-11.5	0.02744364831861935
-11.0	0.024648284809844476
-10.5	0.022155906347933952
-10.0	0.019933447161409303
-9.5	0.017951424793601768
-9.0	0.0161835492943451
-8.5	0.014606374871010344
-8.0	0.013198989398028082
-7.5	0.01194273769110466
-7.0	0.010820974905138532
-6.5	0.00981884682028955
-6.0	0.008923094143561764
-5.5	0.008121878279087098
-5.0	0.007404626311570479
-4.5	0.006761893209478478
-4.0	0.006185239489180208
-3.5	0.005667122789979362
-3.0	0.005200801996850794
-2.5	0.004780252709724664
-2.0	0.004400092999235028
-1.5	0.004055518504343119
-1.0	0.003742246018924129
-0.5	0.003456464776407986
0.0	0.0031947946745222834
0.5	0.0029542506811437485
1.0	0.0027322126261353687
1.5	0.002526399513452153
2.0	0.002334847389454413
2.5	0.0021558896844269303
3.0	0.001988138823342969
3.5	0.0018304678108820415
4.0	0.0016819904648486973
4.5	0.0015420390462306899
5.0	0.001410138265414287
5.5	0.0012859750493191414
6.0	0.0011693640693364604
6.5	0.0010602098023613782
7.0	9.584667616349374e-4
7.5	8.641003460591024e-4
8.0	7.770513260122814e-4
8.5	6.972071245050104e-4
9.0	6.243826109871975e-4
9.5	5.583120702896527e-4
10.0	4.986524722672158e-4
10.5	4.4499645811329146e-4
11.0	3.968918408769562e-4
11.5	3.538646902033515e-4
12.0	3.1543958374781857e-4
12.5	2.811579666285846e-4
13.0	2.505899561573655e-4
13.5	2.233408724280883e-4
14.0	1.9905338459166977e-4
14.5	1.774066577396005e-4
15.0	1.5811387739233406e-4
15.5	1.4091914587037292e-4
16.0	1.2559432150814674e-4
16.5	1.1193605692352948e-4
17.0	9.976311574833918e-5
17.5	8.891397050205807e-5
18.0	7.924465962313665e-5
18.5	7.062687723120132e-5
19.0	6.294627058970326e-5
19.5	5.6100922715141e-5
20.0	5.000000000016325e-5
