-20.0	10.654773219747986
-19.5	9.50081931178852
-19.0	8.472356806423997
-18.5	7.555738628942254
-18.0	6.7388018105907515
-17.5	6.010706093372269
-17.0	5.361790086049133
-16.5	4.783443063204222
-16.0	4.267990705732042
-15.5	3.8085932669265925
-15.0	3.399154812537264
-14.5	3.0342423307275013
-14.0	2.7090136382429573
-13.5	2.4191531262570307
-13.0	2.1608144930091164
-12.5	1.9305697033374611
-12.0	1.7253634974953769
-11.5	1.542472845414098
-11.0	1.3794708080087887
-10.5	1.2341943255069223
-10.0	1.1047155047645996
-9.5	0.9893160236555876
-9.0	0.8864643118343293
-8.5	0.7947952035318654
-8.0	0.7130917904324512
-7.5	0.6402692311980752
-7.0	0.5753602993872696
-6.5	0.5175024734932384
-6.0	0.46592639198735875
-5.5	0.41994551267428715
-5.0	0.37894682967835197
-4.5	0.3423825130830425
-4.0	0.3097623460655055
-3.5	0.2806468427660192
-3.0	0.25464093810306054
-2.5	0.23138815001055704
-2.0	0.21056512820576553
-1.5	0.19187652683704512
-1.0	0.1750501797373036
-0.5	0.15983262946357707
0.0	0.1459851825044956
0.5	0.1332808526203276
1.0	0.12150282347265558
1.5	0.11044538811559294
2.0	0.09991860284317378
2.5	0.08975787652418361
3.0	0.07983897210624429
3.5	0.07009692858162403
4.0	0.060544109827067816
4.5	0.05127901702481115
5.0	0.04247640115827714
5.5	0.03435382653330937
6.0	0.027120485831257923
6.5	0.02092520417907264
7.0	0.015823446861810905
7.5	0.01177408988549884
8.0	0.008661971473205013
8.5	0.006332289822117838
9.0	0.004622670591306031
9.5	0.0033850104284901036
10.0	0.00249602944871823
10.5	0.001859365609510209
11.0	0.001402902392102851
11.5	0.0010742312376840208
12.0	8.35975416990247e-4
12.5	6.61763740248441e-4
13.0	5.330749155982292e-4
13.5	4.368985481504433e-4
14.0	3.640612397719887e-4
14.5	3.0805580729626657e-4
15.0	2.6423535236706454e-4
15.5	2.2926482031327368e-4
16.0	2.0074978495491466e-4
16.5	1.7698297132220836e-4
17.0	1.5676504516306153e-4
17.5	1.392700163056838e-4
18.0	1.2393830939504263e-4
18.5	1.1039085332164181e-4
19.0	9.836326660059271e-5
19.5	8.765991768044892e-5
20.0	7.812542863860072e-5
