-20.0	6.1190269763511855
-19.5	4.932006543579153
-19.0	3.9729072164944674
-18.5	3.198561814116842
-18.0	2.5738361825646443
-17.5	2.0701674135228036
-17.0	1.6643605447256664
-16.5	1.3375997149636263
-16.0	1.0746368770691361
-15.5	0.8631272275780038
-15.0	0.6930856368253361
-14.5	0.5564426876095833
-14.0	0.4466825681046546
-13.5	0.3585481159032188
-13.0	0.2878008622922603
-12.5	0.23102605511664198
-12.0	0.18547441047147828
-11.5	0.14893381446208162
-11.0	0.11962541464056796
-10.5	0.09611954768473656
-10.0	0.07726778037030547
-9.5	0.062148024479981495
-9.0	0.05002024791729388
-8.5	0.040290764886445736
-8.0	0.03248346509449357
-7.5	0.026216650169822952
-7.0	0.02118439705828619
-6.5	0.017141573175797585
-6.0	0.013891794948773751
-5.5	0.011277756987123971
-5.0	0.009173469222261948
-4.5	0.007478028604026911
-4.0	0.006110624245150248
-3.5	0.00500653339389346
-3.0	0.004113912892740953
-2.5	0.0033912289585436846
-2.0	0.0028051989216324852
-1.5	0.002329143392984612
-1.0	0.001941667331943594
-0.5	0.001625604590268427
0.0	0.0013671734642785906
0.5	0.0011553012053434769
1.0	9.810838129192098e-4
1.5	8.373541611385197e-4
2.0	7.183369083956909e-4
2.5	6.193729634073089e-4
3.0	5.366997313275847e-4
3.5	4.6727609700252426e-4
4.0	4.0864324422047363e-4
4.5	3.5881406448003605e-4
5.0	3.1618517496235826e-4
5.5	2.794665480281624e-4
6.0	2.476245702124156e-4
6.5	2.1983511371922207e-4
7.0	1.9544400339805137e-4
7.5	1.7393311172637745e-4
8.0	1.5489113551351614e-4
8.5	1.3798875534879135e-4
9.0	1.2295821476094665e-4
9.5	1.0957733912812848e-4
10.0	9.765773892577407e-5
10.5	8.703659586877312e-5
11.0	7.75711962329481e-5
11.5	6.913534446556879e-5
12.0	6.161693015611309e-5
12.5	5.491614526185863e-5
13.0	4.8944065803372867e-5
13.5	4.36214445473052e-5
14.0	3.8877653374435136e-5
14.5	3.46497450423431e-5
15.0	3.088161777508191e-5
15.5	2.7523270813129382e-5
16.0	2.4530140932710767e-5
16.5	2.1862511118831573e-5
17.0	1.948498354461789e-5
17.5	1.736600986366135e-5
18.0	1.5477472582628078e-5
18.5	1.3794311959206806e-5
19.0	1.2294193474552405e-5
19.5	1.0957211467792615e-5
20.0	9.765625000000083e-6
