-20	36.74224218773371
-19	28.137828039405477
-18	21.512024339755882
-17	16.29662115278857
-16	12.314376048449597
-15	9.385925512318924
-14	6.848115678573018
-13	5.120105468525758
-12	3.816613964376448
-11	2.787279822527612
-10	2.021378057299798
-9	1.4833828310906723
-8	1.0783268620815734
-7	0.7689774901757789
-6	0.5581872139313792
-5	0.4020348728014423
-4	0.2868936033355277
-3	0.20700012806480544
-2	0.16551573943463463
-1	0.13136747289107806
0	0.10619828380108648
1	0.08671067151958604
2	0.07140514442974434
3	0.05971319555628593
4	0.046107511900908886
5	0.0400408945547874
6	0.03114183874446792
7	0.02408956745912355
8	0.01975528040889119
9	0.015921173636880018
10	0.012683124397362397
11	0.010272409416829062
12	0.007808093691649528
13	0.006193138242702519
14	0.004940838404858534
15	0.004057963389624342
16	0.0029826457414549286
17	0.0025152855645543836
18	0.0018936264545750205
19	0.0015729055555996308
20	0.0011785326111796001
