-20	47.92724906755117
-19	37.017207080816185
-18	28.463251847985422
-17	21.768542032403477
-16	16.52916711419259
-15	12.497920143991346
-14	9.361572631946197
-13	6.946538662939859
-12	5.145360651524749
-11	3.7622594614155336
-10	2.7008608851524976
-9	1.9195282144990449
-8	1.3509650569571352
-7	0.9245298693999101
-6	0.6227544167421337
-5	0.4089364503634915
-4	0.25988491155328863
-3	0.16088371492030812
-2	0.09530726984482715
-1	0.05427457771740511
0	0.029675913553704754
1	0.014934989030569735
2	0.007355699924640436
3	0.003444196190712199
4	0.001677973198486939
5	8.988937899376358e-4
6	5.516601921763257e-4
7	4.0458263426418995e-4
8	3.1859695121815934e-4
9	2.490869491448481e-4
10	1.965809490756539e-4
11	1.5588108587806984e-4
12	1.2355655535157615e-4
13	9.826812138442317e-5
14	7.65655864762153e-5
15	6.000738581147249e-5
16	4.823106634710094e-5
17	3.99502453859237e-5
18	3.065977911483938e-5
19	2.429530078450074e-5
20	1.9148243905847647e-5
