-20	34.38569613181506
-19	27.135798337901484
-18	21.35317714774191
-17	16.74373687161991
-16	13.338511312530343
-15	10.504896952457429
-14	8.315356126285312
-13	6.4550880694779975
-12	4.881980258702665
-11	3.8391345166702036
-10	2.886242749392719
-9	2.112371352737324
-8	1.5745952633015363
-7	1.1252435122000675
-6	0.7726256826021236
-5	0.5254904131669523
-4	0.3350695222911458
-3	0.18810674094305765
-2	0.10764183090497295
-1	0.06527554830263774
0	0.043346701937198216
1	0.030154740141751915
2	0.021034189716164962
3	0.015959661573932648
4	0.012805594133937566
5	0.010209038695338447
6	0.007687344757439428
7	0.006350802766315798
8	0.004941106348253826
9	0.003927050608270101
10	0.0031722722102794374
11	0.0024874310725002593
12	0.002004324984272303
13	0.0015959295587413167
14	0.0012040283525669875
15	0.0010047236527302645
16	7.859829479605996e-4
17	6.202126770963084e-4
18	4.841055724630392e-4
19	4.052799792182083e-4
20	3.225436863679812e-4
