-20	47.04651447705794
-19	36.19257051458506
-18	27.664250978171882
-17	21.122567648596487
-16	16.034537335233768
-15	12.053682180612457
-14	9.037188413963362
-13	6.703866421543827
-12	4.937666268440311
-11	3.599356486096823
-10	2.5943979559324153
-9	1.8383639483122067
-8	1.2853477739032337
-7	0.8811739238610944
-6	0.5913278368587308
-5	0.387790408680936
-4	0.24563593460316296
-3	0.15167310829882857
-2	0.08869170300695858
-1	0.05009724023964559
0	0.026507328460558564
1	0.013150029239941526
2	0.006105696081804648
3	0.0026066692046826925
4	0.0010400933669947542
5	4.0922373994338647e-4
6	1.8025435402494843e-4
7	1.0994089270247587e-4
8	7.844646733411985e-5
9	6.169598676619923e-5
10	5.0866879605175776e-5
11	3.768198556534157e-5
12	3.004037536752817e-5
13	2.4687719990825097e-5
14	1.919921384893723e-5
15	1.5846190547800476e-5
16	1.2201331475164143e-5
17	9.683252372424628e-6
18	7.733322260749819e-6
19	6.2247344498474715e-6
20	4.705611069554772e-6
