-20	20.32157275517779
-19	15.373969477998672
-18	11.562750433544863
-17	8.629624662864025
-16	6.38462227486726
-15	4.679000267992949
-14	3.394177293913973
-13	2.4379242958155576
-12	1.7266237942311928
-11	1.2005852308901461
-10	0.8211976930349325
-9	0.5515941000698171
-8	0.36020696448729633
-7	0.22950808582778098
-6	0.14062718238649172
-5	0.08355715425004022
-4	0.046888065556508096
-3	0.025141855520243367
-2	0.012561134759627678
-1	0.005964844755004233
0	0.00264971758420089
1	0.0011677315125444637
2	5.315592387349143e-4
3	2.980448662591572e-4
4	1.9918084252218228e-4
5	1.518504791702745e-4
6	1.2416213057034326e-4
7	9.93721994460695e-5
8	7.573472304661054e-5
9	5.9720102896928964e-5
10	4.785689459769217e-5
11	3.6944926075973906e-5
12	3.0970266125098985e-5
13	2.4647277167723404e-5
14	1.956359705074548e-5
15	1.5176329733151888e-5
16	1.2248583049934278e-5
17	9.50664892208225e-6
18	7.796235619346412e-6
19	6.207980501066871e-6
20	5.0270709865801906e-6
