-20	2.8260790877166717
-19	2.808608292143129
-18	2.753244134642246
-17	2.575317602308538
-16	2.527571568830568
-15	2.416590427873395
-14	2.2998026763292145
-13	2.1436550011441273
-12	1.9310944134401342
-11	1.7895160022976477
-10	1.4651859338530688
-9	1.2655607586857207
-8	0.9555336243445975
-7	0.7529358852048962
-6	0.5584441864041368
-5	0.36021087437027616
-4	0.23085475519915943
-3	0.1224228682718203
-2	0.061468655828795384
-1	0.032123918656460054
0	0.010405067625781644
1	0.0024725437513893342
2	3.636679577836754e-4
3	2.726942652950333e-4
4	2.1077280417124754e-4
5	1.579550404321351e-4
6	1.2483679385226075e-4
7	9.876852026520165e-5
8	8.050442466002551e-5
9	6.098198236713539e-5
10	5.029291972952966e-5
11	3.992722101495519e-5
12	3.197951324404562e-5
13	2.532519524495208e-5
14	2.0101250438049333e-5
15	1.5874131806187842e-5
16	1.247323592319974e-5
17	1.006377940071828e-5
18	7.802948064033664e-6
19	6.131628684113854e-6
20	4.967166485954014e-6
