-20	22.376035856833443
-19	16.934279151412547
-18	12.73617223562369
-17	9.48781495109089
-16	7.019984199414011
-15	5.137471621026226
-14	3.737543498115776
-13	2.670594612869934
-12	1.8873352650874213
-11	1.3139536495895074
-10	0.8967463883165913
-9	0.5989976496318007
-8	0.3913638742414071
-7	0.24896651081312138
-6	0.15374860722982053
-5	0.09047998007461378
-4	0.051145887452524345
-3	0.027729566718906317
-2	0.014033235333415692
-1	0.006813003579804571
0	0.0031878284005097918
1	0.0015172976389688812
2	8.208104457854813e-4
3	5.141521159974462e-4
4	3.93040704283847e-4
5	3.0889757445473696e-4
6	2.451980530937742e-4
7	1.9434840433689066e-4
8	1.5664032624271938e-4
9	1.1947158866585766e-4
10	9.811475860430884e-5
11	7.731509917889036e-5
12	6.0723724500823194e-5
13	4.925771204216019e-5
14	3.86829348632528e-5
15	3.072136323162731e-5
16	2.3820654745421724e-5
17	1.9466310434267352e-5
18	1.5667321514042858e-5
19	1.2468959056399021e-5
20	9.667960647054608e-6
