-20	1.9464207512361278
-19	1.778439098531887
-18	1.5700176106128398
-17	1.372932232086557
-16	1.2068482795547133
-15	1.0215583783807871
-14	0.8088123890355708
-13	0.5561682349294266
-12	0.42871736817942246
-11	0.2583033728384788
-10	0.13130865187886856
-9	0.07707547329543253
-8	0.04152923613334406
-7	0.02181688053676319
-6	0.013679120817198498
-5	0.008965973060387888
-4	0.005900529859183652
-3	0.004002020352759703
-2	0.00278728033285604
-1	0.0019599869019298406
0	0.0013622972165019418
1	0.0010080745260399265
2	7.15809367350888e-4
3	5.564280425016175e-4
4	4.0429811502252973e-4
5	3.104253944048465e-4
6	2.4075553713777729e-4
7	2.0322072153625375e-4
8	1.5048306096103573e-4
9	1.2258798411789745e-4
10	9.863579102120826e-5
11	7.779070287595065e-5
12	5.8716536496986e-5
13	4.8171321887379005e-5
14	3.8207200942076226e-5
15	3.091986074533747e-5
16	2.4307685442462652e-5
17	2.0074854690462516e-5
18	1.5243212977792741e-5
19	1.2110635759242104e-5
20	1.0203649713960931e-5
