-20	50.90758249015151
-19	39.31410127501177
-18	30.172189430517452
-17	23.065758194008282
-16	17.579173775627147
-15	13.298326280334761
-14	9.973039212783517
-13	7.453461978559315
-12	5.528862808222493
-11	4.067807332685647
-10	2.957278270913549
-9	2.1437490292147157
-8	1.5194199944818256
-7	1.0657165680815344
-6	0.7409864475116645
-5	0.5026688916353506
-4	0.3393875029515044
-3	0.22269589839010442
-2	0.14330982698650865
-1	0.0911008056725777
0	0.055865187423776025
1	0.034258418146985194
2	0.020294902495891134
3	0.012063442778728327
4	0.00713525360222548
5	0.004158900479295939
6	0.002536552157354564
7	0.0015562607060366205
8	0.0010043075702111913
9	6.876309704946158e-4
10	5.127959965568286e-4
11	4.009565884642713e-4
12	3.1838997661457375e-4
13	2.5243602456304917e-4
14	1.985104810338485e-4
15	1.587066981985067e-4
16	1.2630804932245326e-4
17	1.0083709393481001e-4
18	7.817589300163994e-5
19	6.277114838886025e-5
20	4.904939513545557e-5
