-20	44.067047967185665
-19	36.11263936673539
-18	29.866486160760587
-17	24.75533099550329
-16	20.6575753786449
-15	17.371523160728145
-14	14.804093384668798
-13	12.670731324199444
-12	10.99315853289381
-11	9.651122238109041
-10	8.5601625424721
-9	7.660705197807158
-8	6.89514110854196
-7	6.264285326396873
-6	5.749540510813416
-5	5.318562745616459
-4	4.969267324673418
-3	4.696206661563749
-2	4.484293855616356
-1	4.3244524378966105
0	4.209590494668246
1	4.122791487450327
2	4.072681296601633
3	4.0356435207777865
4	4.017469314016018
5	4.006841583350068
6	4.000632921619728
7	4.000511841261729
8	4.002198968026888
9	4.001783169887802
10	4.000012970003344
11	4.00019337644873
12	3.9998222837216098
13	3.9998806304604835
14	4.001034473341384
15	4.000006116868784
16	3.9994533768625815
17	3.982916594722901
18	3.781109428707663
19	3.2079834745435734
20	2.535143525273309
