-20	2.0200405826460974
-19	1.8645037986296709
-18	1.7466024778019136
-17	1.5405399335939902
-16	1.4363205032547868
-15	1.2563760769751997
-14	1.051028407943122
-13	0.910109323783002
-12	0.7666279213687298
-11	0.6183101268597275
-10	0.482213905399513
-9	0.3486603621871653
-8	0.27169791988680647
-7	0.21956689779933158
-6	0.15594960928748094
-5	0.11581895763347115
-4	0.08387304987262822
-3	0.067493254400287
-2	0.052723239869444445
-1	0.04282011326965528
0	0.033085482060362346
1	0.02557277181941355
2	0.02007950477143845
3	0.015764908944433376
4	0.012117834181167464
5	0.010197031476513145
6	0.008091026501959366
7	0.006282996556108108
8	0.004896033184660729
9	0.0038400519737465076
10	0.0031200727674696653
11	0.0024655150455837505
12	0.0019451804849835018
13	0.0015609452463016238
14	0.0012102513428392224
15	9.851560277672532e-4
16	7.793460833700034e-4
17	6.049485420481171e-4
18	4.7789431300046054e-4
19	4.051290388797688e-4
20	3.0484027030515403e-4
