-20	0.012385557603351725
-19	0.00958169981280427
-18	0.00762844716780251
-17	0.006043176495131175
-16	0.004886984930152966
-15	0.003817776569417219
-14	0.003053776557455601
-13	0.0023885733938173227
-12	0.0019123731263192816
-11	0.0015841658951772435
-10	0.001232521148847338
-9	9.578950567173063e-4
-8	7.706438026450841e-4
-7	6.128833341656459e-4
-6	4.804073514361116e-4
-5	3.806433028200343e-4
-4	3.121993300573007e-4
-3	2.4119976746933824e-4
-2	1.9734437030124988e-4
-1	1.5426755439105976e-4
0	1.2051501299503316e-4
1	9.631982728180855e-5
2	7.763861528095203e-5
3	6.145504760258511e-5
4	4.938564924398848e-5
5	3.89658566139506e-5
6	2.9972468605543146e-5
7	2.3821086611499874e-5
8	1.912477549547505e-5
9	1.531977273934937e-5
10	1.2144317145892861e-5
11	9.82309924683708e-6
12	7.80645286211931e-6
13	6.114003577109152e-6
14	4.900645376256921e-6
15	3.827831457793948e-6
16	3.0393953038401437e-6
17	2.436571715933315e-6
18	1.942999849670396e-6
19	1.5406428700129467e-6
20	1.2351110657913662e-6
