-20	2.483793467225247
-19	2.4077098766983127
-18	2.323877338092229
-17	2.2371960345087345
-16	2.00953572583762
-15	1.9032772114703767
-14	1.8291048240630068
-13	1.6376939704269942
-12	1.4831378569906477
-11	1.3160019316252232
-10	1.124571756850926
-9	0.931576115531011
-8	0.7143403110489366
-7	0.5748670868878898
-6	0.37761696810170364
-5	0.27629730500429744
-4	0.17169596418523198
-3	0.08629282037265215
-2	0.056431250250909684
-1	0.03245259038070351
0	0.02134234479878235
1	0.01600460193170824
2	0.01141290464515271
3	0.008552131238119492
4	0.006448386570490219
5	0.005034568799580799
6	0.004078497354924284
7	0.003080693612703843
8	0.002554511966693394
9	0.0019804314838558768
10	0.0015540344782403082
11	0.0012421748397045732
12	9.992375872876378e-4
13	7.693880448043271e-4
14	6.132799173062392e-4
15	4.801491452847735e-4
16	3.8665385726252945e-4
17	3.035588807897554e-4
18	2.4067688672620204e-4
19	1.9993787560515096e-4
20	1.6127840119969824e-4
