-20	1.9752310024144402
-19	1.879549026179349
-18	1.699826031759712
-17	1.5666832986849275
-16	1.3915450566616725
-15	1.2068576787007972
-14	1.0898169344473945
-13	0.9148512268117067
-12	0.7530173312302542
-11	0.579033528344376
-10	0.49891982486507225
-9	0.37550603496380225
-8	0.2630927589855739
-7	0.2054058969725958
-6	0.1475547337608042
-5	0.11321672962794437
-4	0.0865254480764988
-3	0.07091060410779355
-2	0.05112981570096486
-1	0.04100081306991753
0	0.03201812769138486
1	0.026066175511572698
2	0.020421403789884066
3	0.01593380570570122
4	0.01251627623621962
5	0.010010885029317405
6	0.007953747484634255
7	0.006193755940841746
8	0.004957590890702031
9	0.003975343105295723
10	0.003116943620638808
11	0.0025081552322585073
12	0.0019642935248287224
13	0.0015724399188794726
14	0.0012701146650197625
15	9.894669703875744e-4
16	7.909143327750241e-4
17	6.34715383308464e-4
18	4.887474191555102e-4
19	3.995374523364508e-4
20	3.074986267083418e-4
