-20	60.38665799906326
-19	46.777631133701824
-18	36.10387904090323
-17	27.770014698152995
-16	21.294007460955328
-15	16.227059139888336
-14	12.363166240182897
-13	9.346850635359608
-12	7.0370451684986834
-11	5.27747174616854
-10	3.923636790869946
-9	2.9113044924603013
-8	2.146819212092162
-7	1.5852051835014653
-6	1.1619664448178482
-5	0.8599514212229744
-4	0.6392785361185975
-3	0.4842034933001023
-2	0.3771534440896631
-1	0.29979386549747244
0	0.24804302829710864
1	0.21284025124919959
2	0.1866213921132355
3	0.1691224414730563
4	0.15125079277895423
5	0.12959903657234212
6	0.08814042750806426
7	0.04027087646217223
8	0.008784005534608699
9	9.771758193058715e-4
10	3.022839459142449e-4
11	1.5697692199230807e-4
12	9.018365599257053e-5
13	6.0481470541491376e-5
14	4.3205642659491064e-5
15	0.0010218261854217261
16	0.01978772637722318
17	0.1168487049241255
18	0.21981004101559798
19	0.27243057268302207
20	0.28292294215705327
