-20	78.54155456899221
-19	62.450944519057465
-18	49.849449460385955
-17	39.43847131734616
-16	31.32784291218812
-15	24.845360185115826
-14	19.92740591813108
-13	15.739203567413249
-12	12.572907467281555
-11	10.082776747714707
-10	7.903908789738617
-9	6.39971531149889
-8	5.065342019125506
-7	4.058359304347901
-6	3.2987047127080698
-5	2.6170514712533732
-4	2.1206426002747123
-3	1.6937873858559556
-2	1.3420152317733207
-1	1.0700853900282203
0	0.8391516485415461
1	0.6666336997463601
2	0.532526223324158
3	0.4006339109947128
4	0.3249101486063853
5	0.23957841908569663
6	0.19078234633235555
7	0.15085336247346337
8	0.12140257313913794
9	0.09387937436026378
10	0.06926226886610433
11	0.04897035983342525
12	0.030347170928384504
13	0.01819202729789319
14	0.010420354791327234
15	0.005150909137026772
16	0.003056925631951087
17	0.002184942051855537
18	0.0016474711857654778
19	0.0012409125318777608
20	0.0010023240806206484
