-20	49.39014342369519
-19	39.8679724142093
-18	31.51482886503321
-17	24.918345820856104
-16	19.878580775375035
-15	16.161872597667937
-14	12.435549795598687
-13	10.094287580005698
-12	7.929816444979179
-11	6.257600950284219
-10	4.9802371325348
-9	3.9664102673151733
-8	3.132527270238869
-7	2.470766186428814
-6	1.9617184852996503
-5	1.5646868660336242
-4	1.2557514413052508
-3	0.9950555128661194
-2	0.7983530817831497
-1	0.6302532984671333
0	0.4919302685123281
1	0.3996635248394024
2	0.3218094288331537
3	0.24964948254349256
4	0.20241272075949585
5	0.15763019812551496
6	0.12618962363916758
7	0.10077650006019229
8	0.07982727230927779
9	0.06321273545564854
10	0.04978130588782225
11	0.04061761523107322
12	0.03157105526645291
13	0.024860579841250913
14	0.019880405334686605
15	0.01605358990147803
16	0.012606339058116638
17	0.010190667144908657
18	0.007860761119900818
19	0.006193406554467505
20	0.005005738021312766
