-20	1.1425767179793667
-19	0.996441528793506
-18	0.8131900154773333
-17	0.7054988664027657
-16	0.5500382175207198
-15	0.4450431642885023
-14	0.3289327385481056
-13	0.2617020969522231
-12	0.21142922330177694
-11	0.16762378647936685
-10	0.1394353757217145
-9	0.10880909418749024
-8	0.08714794643512658
-7	0.06655029591714384
-6	0.05543169416747146
-5	0.04208725839612897
-4	0.03376253962537501
-3	0.02445279588189357
-2	0.018455651258676466
-1	0.013096966508739212
0	0.00871786677135729
1	0.005913868294391912
2	0.0038589987124991554
3	0.0026123514814186035
4	0.0016816691800787525
5	0.0011322123771460235
6	7.151654586919818e-4
7	5.045705602768619e-4
8	3.539029264492472e-4
9	2.6260876334576936e-4
10	1.976154347680829e-4
11	1.553948265895041e-4
12	1.2617035847209567e-4
13	9.880268756545492e-5
14	7.887338444789102e-5
15	6.189271148931361e-5
16	5.042996385887356e-5
17	3.973937521464845e-5
18	3.141413387430889e-5
19	2.451409297941076e-5
20	1.9368917560185768e-5
