-20	0.012101289593780358
-19	0.009696959618062578
-18	0.007696974854725686
-17	0.006086170250119354
-16	0.004850603745479877
-15	0.003791642987364017
-14	0.0030574510876359108
-13	0.0024265447493002734
-12	0.0019184272231514462
-11	0.0015473453732174993
-10	0.0012354248796247439
-9	9.950681422296347e-4
-8	7.57881005493627e-4
-7	5.962445994195275e-4
-6	4.830121316695248e-4
-5	3.828019265823257e-4
-4	3.088523798441248e-4
-3	2.4163003239004017e-4
-2	1.915313307250374e-4
-1	1.4971317574863157e-4
0	1.2381911374969995e-4
1	9.470843364708927e-5
2	7.625479623909627e-5
3	6.116479388431423e-5
4	4.779556757481126e-5
5	3.790906349507924e-5
6	3.11822166601371e-5
7	2.4509330561040663e-5
8	1.933976124956351e-5
9	1.5376778845749097e-5
10	1.2199590962094906e-5
11	9.783196309997249e-6
12	7.877200398779786e-6
13	6.119725515797151e-6
14	4.824385407227597e-6
15	3.7864916410585877e-6
16	3.003290533424132e-6
17	2.483351054548461e-6
18	1.9194427438845793e-6
19	1.495429551732655e-6
20	1.25047787765562e-6
