-20	6.243846151739323
-19	4.573882455402395
-18	3.508226292631802
-17	2.653761694571168
-16	1.9698258935522943
-15	1.5512172483959492
-14	1.1779899849347681
-13	0.8974586402502378
-12	0.6986415380179607
-11	0.5599297371403004
-10	0.4297534890384347
-9	0.34000064685269027
-8	0.27932851908359624
-7	0.22568873099169842
-6	0.1861912527099023
-5	0.1503314270456571
-4	0.11839436065561904
-3	0.09646166215594151
-2	0.07640459507232991
-1	0.06236125663507306
0	0.04906866050839744
1	0.03912025079161829
2	0.03028746510642529
3	0.02438794552944214
4	0.020232053173633243
5	0.01575172521601979
6	0.012765557231502288
7	0.009653366972228187
8	0.007835581520144904
9	0.006285074826930692
10	0.005043343340611214
11	0.00399583098882847
12	0.003125930067552616
13	0.0025167386461726034
14	0.0019877800697079193
15	0.001549596035614369
16	0.001264615683213239
17	9.967884196152499e-4
18	7.862990464425154e-4
19	6.327494229928994e-4
20	4.892830281115827e-4
