-20	58.624229857633296
-19	45.868109493380395
-18	36.14887023351113
-17	28.454663292682305
-16	22.12161107822893
-15	17.332776221480664
-14	13.504049941334626
-13	10.262948015000653
-12	7.976324382744737
-11	6.100344059356505
-10	4.527499278625908
-9	3.3725190247409924
-8	2.451154035439814
-7	1.7977890105979248
-6	1.278757079927305
-5	0.9233515056829108
-4	0.6576530765552869
-3	0.45658496299850576
-2	0.2874443547393154
-1	0.17926777500775207
0	0.1058420945025033
1	0.057952588379227316
2	0.026395209647300338
3	0.012464854184590694
4	0.006924815701304867
5	0.00421426589969689
6	0.002607966735749879
7	0.0018653476670888803
8	0.0013559399880255611
9	9.971514812955912e-4
10	7.899384963518016e-4
11	6.294152722185352e-4
12	4.767730074775085e-4
13	3.830441335015945e-4
14	3.129917226962537e-4
15	2.4678178833368566e-4
16	1.9550712775119307e-4
17	1.5656354862253987e-4
18	1.2522507697932655e-4
19	9.847877997814312e-5
20	7.951836662279444e-5
