-20	65.75428837006918
-19	51.87615434789883
-18	41.266843405735074
-17	32.39663370892448
-16	25.671307300797277
-15	20.189946670566787
-14	15.764807011951865
-13	12.224821311470068
-12	9.482779709124577
-11	7.402179361905928
-10	5.810269951833505
-9	4.422155817302301
-8	3.364080716388826
-7	2.454687190012384
-6	1.8598816558139828
-5	1.3302640121848992
-4	0.9986130075673479
-3	0.7097715818647098
-2	0.5135543921095646
-1	0.35947267607297295
0	0.2641835176564117
1	0.20038006674175543
2	0.14459360935418406
3	0.11106780693583262
4	0.08904410067281796
5	0.06877347344494793
6	0.055587884589236816
7	0.04053151541041211
8	0.02757565711189649
9	0.017703360881820427
10	0.009468890872925427
11	0.004741411771989882
12	0.002908014409877541
13	0.0019110165869484163
14	0.0013549423801726738
15	0.0010438838158729252
16	8.051046215699575e-4
17	6.237709855565598e-4
18	5.043952376756427e-4
19	4.1104175263150753e-4
20	3.1136658892014533e-4
