-20	0.2961335388685643
-19	0.24466860360542278
-18	0.1760997139018755
-17	0.1375896945533902
-16	0.10719876616165848
-15	0.0839279294709434
-14	0.06905765183219881
-13	0.055898278616400614
-12	0.04215764156649905
-11	0.034715268116064124
-10	0.02760452155087388
-9	0.021388614034951254
-8	0.01688301255403365
-7	0.012879076661116866
-6	0.010757161735623317
-5	0.008545187044685114
-4	0.006501125775908388
-3	0.0051999997557894495
-2	0.003916202929813147
-1	0.0030482939751665474
0	0.0022374231131967706
1	0.00166414616642247
2	0.0012421845307226016
3	8.738433425868152e-4
4	6.249751228626364e-4
5	4.1555904584802706e-4
6	3.093185527609247e-4
7	2.2524063201301105e-4
8	1.6982591759898366e-4
9	1.29404990289967e-4
10	9.782769269783279e-5
11	7.892079667767748e-5
12	6.205341987876717e-5
13	4.818048240903427e-5
14	3.9257952893742414e-5
15	3.0574811099284975e-5
16	2.487329313376237e-5
17	1.9203616668520866e-5
18	1.4653459182823841e-5
19	1.2285609922868699e-5
20	9.794430537302771e-6
