-20	30.63917939110516
-19	23.283855763787244
-18	17.787807326215734
-17	13.310130143457311
-16	9.94737140324794
-15	7.3950640865823605
-14	5.476106044259991
-13	3.9760845703694585
-12	2.864233664217687
-11	2.0387415053704765
-10	1.420838616965516
-9	0.9588148938007877
-8	0.6589566692636974
-7	0.43119823803296164
-6	0.28376242944566055
-5	0.17714917906212108
-4	0.11588108322620935
-3	0.07237862959235103
-2	0.05125904016435094
-1	0.03787285709439343
0	0.027974498418545973
1	0.02192813181981258
2	0.017898372597838132
3	0.014603891947192044
4	0.011587470159833536
5	0.009749544010126697
6	0.007737450521084783
7	0.006208712235753605
8	0.005058276633840795
9	0.004022650112869106
10	0.0030384829040617516
11	0.0024165848614044793
12	0.002018598470896969
13	0.0015812679506109044
14	0.0012564496206509959
15	9.812386869630272e-4
16	8.050744357581521e-4
17	6.062904768065738e-4
18	4.880103444940159e-4
19	3.9049799364423066e-4
20	3.136844638097152e-4
