-20	2.032643666726822
-19	1.8696466811592567
-18	1.8215637352586838
-17	1.565005007897211
-16	1.4646212409942023
-15	1.2628872641467186
-14	1.0972501016250542
-13	0.9518028873067502
-12	0.7956340858771791
-11	0.6695159094150079
-10	0.49768794864703175
-9	0.39245486247591616
-8	0.30343071412957323
-7	0.22401529994263916
-6	0.1832259795682377
-5	0.1365011665988075
-4	0.11533243891646075
-3	0.08719869947200787
-2	0.07504738059647843
-1	0.06167935142109306
0	0.05259125928798326
1	0.04625302873285951
2	0.038338852552817444
3	0.03171203864218093
4	0.026272964739954056
5	0.019616813990060565
6	0.012512386318787165
7	0.0065253422547654994
8	0.0031731491814184993
9	0.0014521933021875912
10	7.132926278253226e-4
11	3.821857435958798e-4
12	2.2044294922747353e-4
13	1.4142196550051426e-4
14	9.046280685632222e-5
15	6.681071235222282e-5
16	5.032000973480566e-5
17	3.962322851387988e-5
18	3.0392224192527867e-5
19	2.4707837194227144e-5
20	1.915298231565316e-5
