-20	58.71921301514809
-19	45.23830642653423
-18	34.58837826211899
-17	26.663151731349576
-16	20.358067986225038
-15	15.391738674566982
-14	11.626053904880134
-13	8.693821666896612
-12	6.495908432097572
-11	4.7470800349719475
-10	3.4617255094464476
-9	2.5098633524266645
-8	1.8016007594305652
-7	1.2636413588199298
-6	0.8770330721813154
-5	0.6037644884912453
-4	0.402499583299985
-3	0.2671207797724184
-2	0.17183855255746144
-1	0.10985459408107706
0	0.06775690655397124
1	0.041323399369963584
2	0.025422399655078295
3	0.015291781903175788
4	0.009273893808712621
5	0.005660650412441014
6	0.0034208981982644586
7	0.0022296717123972995
8	0.0015024980696709028
9	0.001071631281399755
10	7.75961258095875e-4
11	5.999379819086615e-4
12	5.001554594533038e-4
13	3.99969587481143e-4
14	3.022498982313587e-4
15	2.441218792594087e-4
16	1.9704452970076354e-4
17	1.553133870019457e-4
18	1.2418599475406413e-4
19	9.880845718623911e-5
20	7.455322924368842e-5
