-20	2.960886712165761
-19	2.992944139555126
-18	2.907176682102858
-17	2.8031198457955395
-16	2.791951984567369
-15	2.6690788443924203
-14	2.686873130891416
-13	2.5354374922784753
-12	2.3193821525310168
-11	2.2929489019903517
-10	2.210046285283205
-9	2.121014094401544
-8	1.9621149889925085
-7	1.7037971399526934
-6	1.5100079934910309
-5	1.2185153247754792
-4	1.0614824132221328
-3	0.7731704577908018
-2	0.6093235201795194
-1	0.4011846808278026
0	0.25345170197758937
1	0.11642204749942607
2	0.08580380008410832
3	0.04062363671065434
4	0.016067002008285293
5	0.0069736481482874126
6	0.0038739845955495433
7	0.003130360141089509
8	0.002498761063076058
9	0.001977361550477848
10	0.0015828337798593525
11	0.0012070743905734681
12	0.0010011678796058739
13	7.733674507703178e-4
14	6.036327447838105e-4
15	4.991319502116147e-4
16	3.881369467106309e-4
17	3.069209741600949e-4
18	2.5499740602222894e-4
19	1.92375630249847e-4
20	1.5976134561380837e-4
