-20	62.322455159767834
-19	49.32409087174047
-18	39.26409587768791
-17	31.144778240061687
-16	24.654448316104844
-15	19.595706268219427
-14	15.782134709672341
-13	12.563846150006906
-12	10.186503035502017
-11	8.262126907751737
-10	6.747999947300418
-9	5.545762433101981
-8	4.627713442226901
-7	3.9100343573450935
-6	3.416891738301313
-5	3.0160724047342296
-4	2.769237164244213
-3	2.5855078533991547
-2	2.48429612728911
-1	2.3841261682448445
0	2.313213892824351
1	2.242192649596109
2	2.165673076080826
3	2.103701701229179
4	2.063698472641843
5	2.0397479709330186
6	2.0200259175787787
7	2.0081377838406964
8	2.0038755380198925
9	2.0013443903738493
10	2.001763506874738
11	2.000770324584146
12	2.0004495656982564
13	1.9995919289492867
14	1.987823017076516
15	1.890687750570897
16	1.5639362607815634
17	1.2195402915507558
18	1.0143406402603328
19	0.9420459165278294
20	0.926325143236333
