-20	0.4932527384084879
-19	0.4343427359928819
-18	0.355316881308224
-17	0.2684013035457201
-16	0.19539714770187414
-15	0.13109369564820667
-14	0.07754418937654962
-13	0.04700483326391796
-12	0.02689019900129582
-11	0.017031032142707882
-10	0.010726175069848985
-9	0.0067733061429613925
-8	0.004388938881440551
-7	0.0027363544710561627
-6	0.0018290055577039816
-5	0.0011538399696613872
-4	7.722578909150827e-4
-3	5.167821563948597e-4
-2	3.5065837852910867e-4
-1	2.375917790514599e-4
0	1.7490710259844436e-4
1	1.237239783789531e-4
2	9.145425146267524e-5
3	6.605341008123705e-5
4	5.1089776194327384e-5
5	3.867431419662273e-5
6	3.087362314213507e-5
7	2.50395239168689e-5
8	1.9483342349245445e-5
9	1.5266115638110787e-5
10	1.228881952102833e-5
11	9.838013592456097e-6
12	7.670579777638274e-6
13	6.107231864880566e-6
14	4.807073987284239e-6
15	3.9321493833125155e-6
16	2.987486793046697e-6
17	2.430549662064764e-6
18	1.9936500813474162e-6
19	1.4923926475617976e-6
20	1.2102096609795288e-6
