-20	3.128312551595306
-19	3.0532722973518434
-18	2.974892971084478
-17	2.9509125973701202
-16	2.878286088225361
-15	2.8571678290536364
-14	2.780621677713354
-13	2.813019642763806
-12	2.698559116259078
-11	2.6671969839222034
-10	2.5868998766901616
-9	2.467380171850997
-8	2.414742753486775
-7	2.1685881227255317
-6	2.08848959973919
-5	1.905710943173692
-4	1.6232351428379872
-3	1.5192968988844355
-2	1.2490387343082314
-1	1.0353986452767632
0	0.740647326582358
1	0.5226823348514207
2	0.3673893730973523
3	0.23512205617042908
4	0.1332167038081499
5	0.051214361543325364
6	0.025096985644800666
7	0.019289782714306536
8	0.005008383546905289
9	0.004010060262584895
10	0.0031431347554341407
11	0.0024183360363022933
12	0.001966065278636799
13	0.001569509933926193
14	0.0012692863067835305
15	9.804746113435728e-4
16	7.724987070421773e-4
17	6.404847230366e-4
18	4.981489194526487e-4
19	4.009995764855267e-4
20	3.1568987852748174e-4
