-20	0.5159542705890215
-19	0.3894474051442222
-18	0.3080780551155476
-17	0.19570194837952132
-16	0.14318849163435762
-15	0.09806884246432822
-14	0.0692199292146443
-13	0.04377824604227248
-12	0.030873845147094982
-11	0.02073382661915295
-10	0.013749396852916939
-9	0.009041490618235436
-8	0.006316347210243668
-7	0.004271297711717813
-6	0.002843112202065247
-5	0.0019684158891923862
-4	0.0013552049605245382
-3	9.413616708665666e-4
-2	6.463885540748401e-4
-1	4.61320866426695e-4
0	3.2644245087305377e-4
1	2.3877710230832015e-4
2	1.7742569185597254e-4
3	1.2886465485177517e-4
4	9.996523676827274e-5
5	7.844822972814385e-5
6	6.282060409981372e-5
7	5.061413021426081e-5
8	3.825621642648817e-5
9	2.973787223530463e-5
10	2.3545444562942163e-5
11	1.923331104810653e-5
12	1.5527970949234007e-5
13	1.2358542661952974e-5
14	9.84688174913064e-6
15	7.63741063289448e-6
16	6.195397473953687e-6
17	4.787727762631814e-6
18	3.9621020631819e-6
19	3.0845252851849895e-6
20	2.4377468578109006e-6
