-20	36.35507877408167
-19	28.45076841079101
-18	22.666919210678692
-17	17.98701210103038
-16	14.204063204736352
-15	11.056365436700998
-14	8.870021057204626
-13	6.849857163326679
-12	5.359935396957859
-11	4.201641795152634
-10	3.2440292017708443
-9	2.4903935323237385
-8	1.8348600911605055
-7	1.302813264625252
-6	0.9431437204976959
-5	0.6220017441166785
-4	0.3991655536433876
-3	0.24197511019191162
-2	0.15369941093439743
-1	0.08344917947680724
0	0.04529362616311238
1	0.028655340913007695
2	0.0210157562712751
3	0.016318586330690523
4	0.012823115575190863
5	0.009801005594346364
6	0.007925966729366416
7	0.006231552905963886
8	0.0049904192692913
9	0.003967454142777647
10	0.0031062581438330073
11	0.00253619083068705
12	0.0019667006016889747
13	0.0015662304921486177
14	0.0012183762155154039
15	9.761129082237611e-4
16	7.852897744740872e-4
17	6.231902482513482e-4
18	4.80897159060277e-4
19	4.044098038612836e-4
20	3.037929728452382e-4
