-20	60.65449027657646
-19	46.818001583963216
-18	36.24972063259325
-17	27.426445918643534
-16	20.918485111510012
-15	15.929089819730597
-14	12.052158730889639
-13	8.990210213173164
-12	6.676021443755686
-11	4.942889280466484
-10	3.59907866225655
-9	2.613809120809316
-8	1.8591983918915127
-7	1.312506481233315
-6	0.9191803673819599
-5	0.6381470910962913
-4	0.4319820658118713
-3	0.2863850348971674
-2	0.18644863605402148
-1	0.12062891921865872
0	0.07675403884416697
1	0.04855016397232709
2	0.029858548144656227
3	0.01930304040188311
4	0.012217695422446351
5	0.008023212047210114
6	0.005370085693108117
7	0.0038148569864275964
8	0.0027579928062731397
9	0.0020290855440666397
10	0.0015189983485804585
11	0.0012182357650100675
12	9.829877735836982e-4
13	7.694095095165675e-4
14	6.260963964150226e-4
15	4.8389204936061166e-4
16	3.796875048101924e-4
17	3.066078883658111e-4
18	2.471966264252762e-4
19	2.0060185224102703e-4
20	1.5210185279875685e-4
