-20	29.338809694334294
-19	22.53582785150403
-18	16.873881802209915
-17	12.696053356700755
-16	9.539806127363233
-15	7.036946002065382
-14	5.193507400263146
-13	3.751895877096316
-12	2.670195053671829
-11	1.8853330121956682
-10	1.3004653765426468
-9	0.8866185290372914
-8	0.5795314008298799
-7	0.37599024436542516
-6	0.23703318269472487
-5	0.14373129894760267
-4	0.08806842258090086
-3	0.0544997889544304
-2	0.03494006259493416
-1	0.02219975269832076
0	0.01548355898883836
1	0.011371433132384312
2	0.009217097501442333
3	0.007502211920173535
4	0.005947826361640588
5	0.004886623556140231
6	0.0037929758258002343
7	0.0031123102273759137
8	0.002435541496359257
9	0.00189198911676081
10	0.0015655547294149783
11	0.0012402320223579826
12	9.774238151036385e-4
13	8.092335197162519e-4
14	6.286723958500188e-4
15	4.8141821401200257e-4
16	3.9792292703881907e-4
17	3.099625839896655e-4
18	2.4182590543209547e-4
19	1.9252568654810486e-4
20	1.6012881006070533e-4
