-20	12.907860446474782
-19	9.769103825103008
-18	7.335933989232045
-17	5.478085946849576
-16	4.050282722944688
-15	2.98325937262591
-14	2.1693857950644553
-13	1.5583781298288581
-12	1.1007104222590771
-11	0.7678485466525579
-10	0.5269464193948812
-9	0.354247240740914
-8	0.23191862262336513
-7	0.14743005723688937
-6	0.09064932553310343
-5	0.053292872428269515
-4	0.03051758739161734
-3	0.016343872772926694
-2	0.008262564010742107
-1	0.004020152072925018
0	0.0018570771369152582
1	8.502942931646412e-4
2	4.629362299018493e-4
3	2.773263369820695e-4
4	1.932633740253766e-4
5	1.5366040286017658e-4
6	1.2174725189887052e-4
7	9.806871365833943e-5
8	7.54901536605766e-5
9	6.0178969267172335e-5
10	4.972947381703729e-5
11	3.955091176052571e-5
12	3.040856900955042e-5
13	2.492017001927437e-5
14	1.9530886102789987e-5
15	1.561313363873495e-5
16	1.1979085789075325e-5
17	9.204130218251374e-6
18	7.976155668915082e-6
19	6.15987797090549e-6
20	4.891757835971112e-6
