-20	41.030709825005076
-19	31.524766653818833
-18	24.055269659051298
-17	18.304745042298663
-16	13.870927763916573
-15	10.4209834922498
-14	7.792424344738376
-13	5.777360963371228
-12	4.2259183925124235
-11	3.0955475859633865
-10	2.2273227442879557
-9	1.569883438563366
-8	1.1046010341650214
-7	0.7597459762630888
-6	0.5094821464410083
-5	0.3342630541409189
-4	0.2154473370536223
-3	0.1319532159229796
-2	0.07974668023676414
-1	0.04604011994320141
0	0.025375685637115696
1	0.013440825962086365
2	0.007192602235771551
3	0.0037393233054713584
4	0.0021555511948698944
5	0.001338515442619886
6	0.001015393238030029
7	7.554889916121354e-4
8	6.136616283115603e-4
9	4.938219492187925e-4
10	3.914202549838174e-4
11	3.139197141052634e-4
12	2.5593746168846667e-4
13	1.9668980404552734e-4
14	1.5645873771983864e-4
15	1.2455666724182804e-4
16	9.721302808257808e-5
17	7.874823546704946e-5
18	6.28346601513391e-5
19	5.036741212254715e-5
20	4.0084196331088564e-5
