-20	22.47308968066971
-19	17.017108567729277
-18	12.802544689697463
-17	9.56600131359742
-16	7.094113011871216
-15	5.209326147684063
-14	3.7914307405936736
-13	2.7264411046673978
-12	1.9324907974620797
-11	1.349313777404222
-10	0.9254075294368919
-9	0.6207524575849691
-8	0.4057968821406838
-7	0.2583705741306674
-6	0.15830485450424445
-5	0.09329351165579525
-4	0.05257626090539841
-3	0.027750003325670916
-2	0.013700564535166895
-1	0.006266264428765842
0	0.002614681949875646
1	9.995375336047253e-4
2	3.48415712240566e-4
3	1.2990766543679924e-4
4	6.179143711142128e-5
5	3.969618943737253e-5
6	3.0251951815866567e-5
7	2.452858838054959e-5
8	1.9749386249777507e-5
9	1.5007062814429514e-5
10	1.2471737567038823e-5
11	9.667404749256686e-6
12	7.775974527937266e-6
13	6.196818264293592e-6
14	4.881676491527668e-6
15	3.8883973399772495e-6
16	3.1072554599474968e-6
17	2.408558343030403e-6
18	1.947069616766311e-6
19	1.4956814391393416e-6
20	1.2173898991397527e-6
