-20	66.08064607185942
-19	51.38184313258612
-18	39.5302948699211
-17	30.10804969627007
-16	23.31248600381468
-15	17.735758060404493
-14	13.649127058473113
-13	10.054774287346849
-12	7.463002736342331
-11	5.758794234747412
-10	4.226722480563811
-9	3.0326476914256855
-8	2.2506990242929867
-7	1.6624463510019247
-6	1.1961385145532184
-5	0.841125576346201
-4	0.6122682202518385
-3	0.4338991125263239
-2	0.3048436468660965
-1	0.21893229474322487
0	0.15804815603670408
1	0.11557909838049533
2	0.08724802341839488
3	0.06619377094856688
4	0.049865538842960105
5	0.04053075468517726
6	0.03079310949471876
7	0.025460943815126126
8	0.020342966015193586
9	0.015435128238405468
10	0.012153024199921633
11	0.009474072713091072
12	0.007700629990148748
13	0.006167235719206786
14	0.004876525400870335
15	0.004026003782800193
16	0.0031961058593578126
17	0.0024578097284237645
18	0.001982008356614213
19	0.0016206280586744156
20	0.0012758913037015614
