-20	2.061436552378548
-19	1.8695543127121887
-18	1.6873407163723553
-17	1.5410157081382407
-16	1.407422073413475
-15	1.2260826839298187
-14	1.0514490101725464
-13	0.8542814782497103
-12	0.7635652080276485
-11	0.6323847130575375
-10	0.5082566325338503
-9	0.38627133957113724
-8	0.28862677613837034
-7	0.208496077248537
-6	0.16283560186424365
-5	0.1218679463606414
-4	0.09402235544294765
-3	0.07338166767096306
-2	0.0574939578871196
-1	0.046125963950473116
0	0.035006822195103954
1	0.029466647162459253
2	0.023679770265555275
3	0.019398667661341563
4	0.015223638448640347
5	0.012046862073751484
6	0.0095275743465343
7	0.007378277622281695
8	0.0057268237104965355
9	0.004001831632152056
10	0.0028346725454045283
11	0.0019687827889396806
12	0.001339888165884921
13	9.631374969611755e-4
14	6.987458984300711e-4
15	5.175257497700433e-4
16	3.930739738186852e-4
17	3.240100036141179e-4
18	2.465889409975631e-4
19	2.0325196641276494e-4
20	1.5597467337764476e-4
