-20	22.285281799701128
-19	16.880622116408624
-18	12.700498221266777
-17	9.499855958907602
-16	7.0510611466493325
-15	5.181198709836524
-14	3.7711668228385538
-13	2.711668721098781
-12	1.9283621176692383
-11	1.345396483630413
-10	0.9214273527570978
-9	0.6185308138883542
-8	0.4045019701608853
-7	0.25740349911455307
-6	0.15782117429114637
-5	0.09307027729309734
-4	0.05216743185743562
-3	0.027572370404364232
-2	0.013653887453955002
-1	0.006208102045572985
0	0.0025360917411686025
1	9.49599110538281e-4
2	3.11844164126504e-4
3	9.619874433052797e-5
4	3.256574133020587e-5
5	1.810554174688967e-5
6	1.2603530780645147e-5
7	1.0208283171551397e-5
8	7.748302570019577e-6
9	6.341261897251995e-6
10	5.0421219498897025e-6
11	3.8568608893132355e-6
12	3.1543549988264465e-6
13	2.2782444791482356e-6
14	2.104565014566293e-6
15	1.6182006707008271e-6
16	1.2025320924184936e-6
17	1.0508593853871785e-6
18	7.859407187846174e-7
19	6.033164942464235e-7
20	4.855331597232549e-7
