-20	72.75283449754426
-19	58.00264424359697
-18	45.74913209889052
-17	36.29712825941964
-16	28.622628787241673
-15	22.870158852977188
-14	18.19891759527899
-13	14.081412747222215
-12	11.295128375865662
-11	8.849352961012807
-10	7.074186254936192
-9	5.433566951176808
-8	4.218170055853871
-7	3.351546827757826
-6	2.5151462552301402
-5	1.9885078378377177
-4	1.5340009558601948
-3	1.1623234904400483
-2	0.8926282480614577
-1	0.6507281799830086
0	0.4995584042871358
1	0.36745775335145175
2	0.2713684408499353
3	0.2084042302233793
4	0.1618693543884491
5	0.12814407177599024
6	0.09908034034292172
7	0.07908249631276039
8	0.0572386150689655
9	0.037902606055395964
10	0.02246241653936663
11	0.00954969832975233
12	0.005543766815150961
13	0.0020332376930473103
14	0.0013832631828142646
15	0.0010439189120361354
16	7.809003495360346e-4
17	6.378311871449249e-4
18	5.071503236087795e-4
19	3.909795142287177e-4
20	3.1183335757643154e-4
