-20	6.303550216899054
-19	4.9647169326710525
-18	3.8851620058440015
-17	3.1743821643567367
-16	2.4502934966440875
-15	1.959835555075507
-14	1.588605928395737
-13	1.2706690484977472
-12	0.9933918946018868
-11	0.7965883244618118
-10	0.6080062311489156
-9	0.5013214895761243
-8	0.39423446759667685
-7	0.3135827555494538
-6	0.24946714183761337
-5	0.19872022361269262
-4	0.15882343547589356
-3	0.1261724961624658
-2	0.09895511969252967
-1	0.0783055551849535
0	0.06142821106969248
1	0.04981482913195024
2	0.03921417801652657
3	0.03128058354830798
4	0.02521587351397786
5	0.019644111385352356
6	0.01584147167418575
7	0.012477738119537719
8	0.01009344017276584
9	0.007679344610454384
10	0.006253875772622193
11	0.004941106170047675
12	0.003987208038231721
13	0.0031450720604566263
14	0.0025266391078613637
15	0.001995629386923463
16	0.001559913258293016
17	0.001243333214143908
18	0.0010005787027550352
19	7.823240220518401e-4
20	6.15010783373073e-4
