-20	17.436321280793628
-19	13.101132434614422
-18	9.947034052104792
-17	7.370507959972977
-16	5.3930489354564655
-15	3.9357333096860305
-14	2.8249129738833734
-13	2.043234767888451
-12	1.4245654743419962
-11	0.9948646198554885
-10	0.6717908584058541
-9	0.4583154329658946
-8	0.3026537414703443
-7	0.1929237919545858
-6	0.1227170216165651
-5	0.07658753427081072
-4	0.04624267465108949
-3	0.02939574782188472
-2	0.018577971594058152
-1	0.012370248933954013
0	0.008429738144099296
1	0.006261836172337921
2	0.004741534081553482
3	0.003727050591331206
4	0.003039113263216471
5	0.0024707286284857597
6	0.0019888821039302593
7	0.0016018246146294742
8	0.001231985009556685
9	9.937601737051117e-4
10	7.705353960185937e-4
11	6.019051272930592e-4
12	4.860025671075805e-4
13	3.9289103867826423e-4
14	3.2038200181934125e-4
15	2.420200144618538e-4
16	1.9338570520405319e-4
17	1.584571443637235e-4
18	1.245121473059098e-4
19	9.834860493670408e-5
20	7.796418706808662e-5
