-20	35.60852538928173
-19	28.252474383388343
-18	22.322915445161016
-17	17.64721148593159
-16	13.831408230182493
-15	10.919234847564608
-14	8.605147435022044
-13	6.669313592930707
-12	5.327991142189891
-11	4.127485313248376
-10	3.210813902327787
-9	2.4416533360820605
-8	1.8755825650972369
-7	1.3901651783748485
-6	1.0171137015554703
-5	0.723650058834165
-4	0.4920299108574658
-3	0.32292251531667726
-2	0.20657547232098636
-1	0.12656608477888603
0	0.08249529010027636
1	0.05716563024013319
2	0.04219906998007826
3	0.03203609545823802
4	0.025804149882688
5	0.019264589780451955
6	0.015617337010637718
7	0.012765192546494317
8	0.009843256972904542
9	0.007913646314157462
10	0.00625566120768413
11	0.005009029241722
12	0.003931654368380259
13	0.0030593256640722073
14	0.002510501679609251
15	0.0019743439182185784
16	0.001554381117956827
17	0.001227926889135536
18	0.001012196036413264
19	7.92212993943568e-4
20	6.160131042664812e-4
