-20	2.2729844360924387
-19	2.2369402234301865
-18	2.178703547535018
-17	2.000472352583866
-16	1.8753777435639727
-15	1.7593408523614489
-14	1.5655682673325197
-13	1.395692180745694
-12	1.2809341439682913
-11	1.0860364456581635
-10	0.9267335952217051
-9	0.7326566087824468
-8	0.6322378738979706
-7	0.4783742618312051
-6	0.3721781956543977
-5	0.26310096776647
-4	0.2079370579465207
-3	0.15550673431695305
-2	0.11129468312879662
-1	0.0882825421108435
0	0.0680167889807118
1	0.05243235108435547
2	0.04153220605879175
3	0.03238999423291158
4	0.02611000369374036
5	0.02057631403653014
6	0.016760727747449126
7	0.013054052959720614
8	0.010415506218806488
9	0.008056224526362074
10	0.006263004599539115
11	0.005053480011912234
12	0.003911320258620234
13	0.0030865864738413677
14	0.0024758396261356764
15	0.002007177930845914
16	0.0015936482278562918
17	0.0012875684876698411
18	9.710631647140859e-4
19	7.836136356735674e-4
20	6.317657408596737e-4
