-20	0.05118720901823011
-19	0.05045335432512194
-18	0.05082488614281202
-17	0.05180299926096631
-16	0.05023742981120173
-15	0.049833070484681295
-14	0.052924295604182485
-13	0.052010067353938975
-12	0.05258314521537879
-11	0.051062965219943655
-10	0.05081957794972218
-9	0.05159275081579552
-8	0.05312114343280114
-7	0.051154992786394585
-6	0.050604574576942014
-5	0.05311356980729596
-4	0.05129170239715008
-3	0.04979371306633823
-2	0.05292928627903048
-1	0.05003428594414312
0	0.046351743927049674
1	0.04534369409139806
2	0.03829461309967013
3	0.026029203287679915
4	0.011331954102707093
5	0.0033219682409100487
6	9.824738156096959e-4
7	2.9444618821919524e-4
8	1.0983104321402138e-4
9	4.7517726507529245e-5
10	2.0979729529436152e-5
11	1.1403826648237473e-5
12	5.938026648886144e-6
13	3.6926090457541953e-6
14	2.4988868889092947e-6
15	1.955998121556601e-6
16	1.3414148123661602e-6
17	9.456234405965973e-7
18	7.484359263429753e-7
19	6.21701017267042e-7
20	5.049427964487314e-7
