-20	3.378356273925931
-19	2.610328606010057
-18	2.0338694374262873
-17	1.4580722355565217
-16	1.1566493576421342
-15	0.8647712769431679
-14	0.692279336522603
-13	0.5454784208988813
-12	0.4370481237818596
-11	0.3504829517475358
-10	0.2807122460591752
-9	0.22373120442290623
-8	0.1805338860243322
-7	0.1495653336784542
-6	0.1200809768260365
-5	0.09482842270950638
-4	0.07600747763964255
-3	0.06209003560164532
-2	0.04884067425131399
-1	0.039118493696202405
0	0.030807566039763503
1	0.02398243985846159
2	0.019495580771971523
3	0.015714690445905087
4	0.012330230159649931
5	0.010165509508400382
6	0.008079652742325987
7	0.006181053120904504
8	0.004846645833296243
9	0.0038729168646392813
10	0.0030477233620711587
11	0.002496722146491842
12	0.001975723821461989
13	0.0015583093693259907
14	0.0012378390550627845
15	0.0010139499835255749
16	7.768831415612585e-4
17	6.114918860324325e-4
18	4.952315466539134e-4
19	3.876403879404776e-4
20	3.170989618450081e-4
