-15	1.2217451516063544
-14	1.0611591568232417
-13	0.8799802724035802
-12	0.7617282801968805
-11	0.6158288191208116
-10	0.4845576432061703
-9	0.3568622587406806
-8	0.28139137824439614
-7	0.20068385878611858
-6	0.15627894817915866
-5	0.11829976622097406
-4	0.08357107968293524
-3	0.06666955255594999
-2	0.05276374685279227
-1	0.0403669969051583
0	0.031798962227012166
1	0.02684217525488988
2	0.02039276140024178
3	0.01600982764377596
4	0.012573936913974019
5	0.009729345403841471
6	0.00783140700542715
7	0.006367221369366806
8	0.004811869501958622
9	0.004090795280095159
10	0.0031452226627603237
11	0.002481183941538082
12	0.0019597224160415403
13	0.001612029057429517
14	0.0012228165146209887
15	9.947182049676619e-4
16	7.984252272863796e-4
17	6.454597734603567e-4
18	4.8345935022284394e-4
19	3.841440777768101e-4
20	3.0861844483645194e-4
