-20	2.807793182791941
-19	2.7144564019147506
-18	2.68767875174702
-17	2.6300722187329315
-16	2.53400054724912
-15	2.4335187901022817
-14	2.500296752701322
-13	2.2918030618626375
-12	2.113459971056139
-11	1.9752999266508537
-10	1.781788727034576
-9	1.493841594319361
-8	1.254713865035933
-7	1.0100573259320604
-6	0.7886073397919448
-5	0.580590022989142
-4	0.363839542726647
-3	0.22581410433414026
-2	0.13078496958765143
-1	0.07315347319896932
0	0.016126234108884765
1	0.007692384465920277
2	0.0014764487458776617
3	0.00300847801248324
4	8.39866205268833e-4
5	6.366209229232007e-4
6	4.920359247767733e-4
7	4.05024519974684e-4
8	3.0346341317719994e-4
9	2.546194083627363e-4
10	1.922410306848728e-4
11	1.5709392813241735e-4
12	1.2729589077669406e-4
13	9.93338524509007e-5
14	7.989113303841427e-5
15	6.27372903785256e-5
16	5.0932076438378216e-5
17	3.9787480407834895e-5
18	3.1098959274390234e-5
19	2.4021611465529285e-5
20	2.0013851905947752e-5
