-20	6.278667682351651
-19	4.905759192989144
-18	4.07681311847343
-17	3.13188921990667
-16	2.496307848320592
-15	2.0184864846862345
-14	1.5668576374831744
-13	1.2437190089159635
-12	0.9860474479713753
-11	0.7744219971690541
-10	0.6158410122034778
-9	0.49988760467771043
-8	0.38968955656710935
-7	0.3199926636418828
-6	0.24339472514934887
-5	0.1952888124136899
-4	0.15572097275722555
-3	0.12408266517024903
-2	0.09968387504253771
-1	0.0790705070566048
0	0.06373727229536484
1	0.05061977678701396
2	0.038577610433023504
3	0.0317431614124625
4	0.024759513131808013
5	0.019947068981689287
6	0.01568568482169753
7	0.012600047927481022
8	0.009908342374256978
9	0.007850458357723649
10	0.006250222215969733
11	0.004919433525892134
12	0.003981553092045668
13	0.0031137468875134205
14	0.002420050468525456
15	0.0019758503189466394
16	0.0016210484694024242
17	0.0012342593699081136
18	9.85588670687561e-4
19	7.99527136472668e-4
20	6.289765312843051e-4
