-20	1.5863084412906785
-19	1.4213238340679608
-18	1.2454936737052593
-17	1.0995627248793354
-16	0.9359897766632821
-15	0.7691378491768003
-14	0.6241674163431228
-13	0.4972547679620445
-12	0.38586873665456567
-11	0.3121143777805318
-10	0.23828142789140502
-9	0.17858250429959877
-8	0.14140699835621764
-7	0.11157471815446615
-6	0.0900374873711279
-5	0.07711489682393255
-4	0.06103900971714291
-3	0.05136001603949708
-2	0.04465501613933742
-1	0.03730573301292511
0	0.03294299929612825
1	0.028684502217319288
2	0.023094975124627496
3	0.019398657912422113
4	0.015242801828676624
5	0.010726522066730087
6	0.00638928994213886
7	0.0031956234657192963
8	0.0014825768842496722
9	7.2720418407177e-4
10	3.590765751636874e-4
11	1.9275252136610854e-4
12	1.0907281787459768e-4
13	6.923822122978764e-5
14	4.585156268417854e-5
15	3.346840547796887e-5
16	2.493492560842661e-5
17	1.9112543875047157e-5
18	1.523235735455995e-5
19	1.2118016513310211e-5
20	9.993834525975966e-6
