-20	42.111504190963615
-19	33.60332172844075
-18	26.85888419424488
-17	21.267789536966358
-16	16.70373754388717
-15	13.356305604186817
-14	10.61444329016079
-13	8.448420448509825
-12	6.817632602076026
-11	5.313755328960561
-10	4.1648407001286625
-9	3.356661214306617
-8	2.6704468983868335
-7	2.1105160358699857
-6	1.4971139431986884
-5	1.1938521391017898
-4	0.8463552003664053
-3	0.61751746951495
-2	0.4263062046239586
-1	0.2717558093274778
0	0.1793051085630293
1	0.10290052196060134
2	0.06424737063673777
3	0.03950659289356495
4	0.02995121697933853
5	0.02066457967107732
6	0.017146995606819915
7	0.012465844584639965
8	0.010071126674532487
9	0.008027223876491947
10	0.006114018436559925
11	0.004923568894153861
12	0.003979147016650575
13	0.0031820467819986026
14	0.0025083286796469015
15	0.0019573759706275366
16	0.001617308445573786
17	0.0012333428648510362
18	9.800337879023778e-4
19	7.94329064193625e-4
20	6.243867801573132e-4
