-20	1.4859909336521162
-19	1.330878805903012
-18	1.0583479461882987
-17	0.8725810225740103
-16	0.646694736997746
-15	0.515449907670783
-14	0.32792348394925225
-13	0.21980659906472583
-12	0.11594716978199013
-11	0.0645674050719895
-10	0.04019592835529879
-9	0.024147934066002772
-8	0.015568706310703383
-7	0.010440284929839401
-6	0.0064269319850698906
-5	0.004187856038453767
-4	0.002979830225042299
-3	0.0020037032959328337
-2	0.0013505734166565585
-1	9.653892289813365e-4
0	6.718090889369731e-4
1	4.832017086996824e-4
2	3.6772646652304163e-4
3	2.653471094445145e-4
4	1.9787741866827055e-4
5	1.5718072678845986e-4
6	1.2761564804419584e-4
7	9.608886432855327e-5
8	8.059255512582765e-5
9	6.585675711524311e-5
10	4.925218029603869e-5
11	3.8968126808951046e-5
12	3.130996904924203e-5
13	2.4222845959000153e-5
14	1.9524439416848196e-5
15	1.527868170898216e-5
16	1.2335502789927542e-5
17	9.871737717263719e-6
18	7.485583098418687e-6
19	6.099463374908764e-6
20	4.838673701819176e-6
