-20	18.714703687792777
-19	14.154879335501656
-18	10.638028458998097
-17	7.9338678300185315
-16	5.8699175587985195
-15	4.300853123931158
-14	3.12795914878804
-13	2.247447137232682
-12	1.5868467993109867
-11	1.1104620223366013
-10	0.7608179882958621
-9	0.5084389137380981
-8	0.3333923089935412
-7	0.21197922253983248
-6	0.1297950786103893
-5	0.07682054839835435
-4	0.043549712903723045
-3	0.023213431462485758
-2	0.011612786453364613
-1	0.00557692859708776
0	0.0024790840710904897
1	0.0010801897572921164
2	5.086310726684484e-4
3	2.953284718854259e-4
4	2.0548449676197956e-4
5	1.5936516426203417e-4
6	1.2375385779049507e-4
7	9.889906194153761e-5
8	7.912100259122143e-5
9	6.22836717978778e-5
10	4.9716625755380506e-5
11	3.99344840637502e-5
12	3.1618657844549005e-5
13	2.4718690630446206e-5
14	1.909639696868242e-5
15	1.568181152966761e-5
16	1.2596411595483856e-5
17	9.910792025878234e-6
18	7.919941828796632e-6
19	6.364457619665629e-6
20	5.0194756628456345e-6
