-20	31.130957985542835
-19	24.43409529278476
-18	19.319936656543643
-17	15.020657947918487
-16	11.717575357360593
-15	9.005496802838945
-14	6.917201925064875
-13	5.288811788301688
-12	3.8917891633750807
-11	2.8927435163696664
-10	2.043969337101328
-9	1.40405036691455
-8	0.9199865938728552
-7	0.5709810437801152
-6	0.3338727163004638
-5	0.18650607105929357
-4	0.09759555449936437
-3	0.058419986172996895
-2	0.03391888903872444
-1	0.02063941195071915
0	0.013722159699008009
1	0.009445951454432555
2	0.006903828888858272
3	0.005171772206203237
4	0.004061228471150665
5	0.003177469488205044
6	0.002503756927717363
7	0.0019861199427396122
8	0.0015814602051001567
9	0.0012539849481867584
10	0.0010092574172182026
11	7.999239358536021e-4
12	6.239704259651791e-4
13	5.037786520062782e-4
14	4.043198305889354e-4
15	3.1839551567277544e-4
16	2.524287323381516e-4
17	1.986190892857926e-4
18	1.623439057109785e-4
19	1.265193957023285e-4
20	9.978204167330092e-5
