-20	40.653468035779454
-19	31.23828047401331
-18	23.890909988365458
-17	18.209345043055134
-16	13.808817759712078
-15	10.390685356498297
-14	7.7818298192811985
-13	5.775136808331192
-12	4.250249486286004
-11	3.0947010422424137
-10	2.2252404257149614
-9	1.5826665451845443
-8	1.106762909625858
-7	0.7577357650535168
-6	0.508902645381153
-5	0.33307648598845085
-4	0.2118667272875374
-3	0.13024701650383375
-2	0.07668151472426536
-1	0.04326834219234467
0	0.0230344849162335
1	0.011480628946368535
2	0.005346730960179379
3	0.002308743395876498
4	9.179559217960855e-4
5	3.791505661701133e-4
6	1.7920308830658298e-4
7	1.063997557902312e-4
8	8.07645815708573e-5
9	6.150550206871466e-5
10	4.971069246783847e-5
11	4.0336831127472436e-5
12	3.077821806218429e-5
13	2.4235347196611987e-5
14	1.992811284850819e-5
15	1.5814068841787514e-5
16	1.2388939618156084e-5
17	1.005871276894145e-5
18	8.005458392588236e-6
19	6.241573189803208e-6
20	5.063460626104026e-6
