-20	0.17806403947446883
-19	0.13289478368766697
-18	0.10244587960704853
-17	0.07881773569777166
-16	0.058001481810207964
-15	0.045155065674265055
-14	0.03362546712999561
-13	0.024860431418880943
-12	0.019697849172425067
-11	0.014131787929353311
-10	0.010887303637543326
-9	0.008278625959963239
-8	0.005930683740883646
-7	0.0044913056706622516
-6	0.003334899174501889
-5	0.0025064728702060587
-4	0.0018266854681620102
-3	0.001400821005547875
-2	0.0010096028389868542
-1	7.792643203319439e-4
0	5.623917017205297e-4
1	4.392117124068786e-4
2	3.3501697157266585e-4
3	2.48600245712219e-4
4	2.0150659913564648e-4
5	1.525659977912446e-4
6	1.265919636476632e-4
7	9.944146811271992e-5
8	7.854535449918896e-5
9	6.315424620772349e-5
10	4.996759334456237e-5
11	3.783015472058589e-5
12	3.116253319651359e-5
13	2.3984647320734205e-5
14	1.9547798439039722e-5
15	1.535462277915563e-5
16	1.2031595839396674e-5
17	9.621954275356113e-6
18	7.725636200919238e-6
19	6.142084718782795e-6
20	5.011657078363088e-6
