-20	36.311449144751215
-19	27.83510932894787
-18	21.22275620145192
-17	16.039580151125655
-16	12.041401930127408
-15	9.057296670508157
-14	6.714121239135056
-13	4.9409077107061385
-12	3.5534718683131032
-11	2.544263025522182
-10	1.810801171143094
-9	1.2685558604132259
-8	0.8706790409697669
-7	0.5842293703695879
-6	0.3897915709456381
-5	0.2553725698592025
-4	0.16706629212773663
-3	0.11323136213319644
-2	0.07663536917713556
-1	0.05553806380896093
0	0.04352590583510558
1	0.03400721335846702
2	0.02795000251752436
3	0.023595272605794918
4	0.018774576275394052
5	0.015069814713477112
6	0.01240217722771011
7	0.009593113020796296
8	0.007942768949633661
9	0.006522218348463583
10	0.004952128545491942
11	0.004023288710961044
12	0.003097968407956094
13	0.002525999142987694
14	0.001996091604528233
15	0.0015894171893639378
16	0.0012718927199972174
17	0.0010009756426194148
18	7.978221665440494e-4
19	6.375840410846127e-4
20	4.975636348547882e-4
