-20	30.991050813654677
-19	24.242843632695383
-18	18.93939352789057
-17	14.441873237325163
-16	11.140051239532418
-15	8.177268169353773
-14	5.968355317287639
-13	4.295881024469639
-12	2.952295523252729
-11	2.0688690578693265
-10	1.2931315699825268
-9	0.8006829207458125
-8	0.4964050736947933
-7	0.30254088857303557
-6	0.1753861483077322
-5	0.10319919540299907
-4	0.05539524381452691
-3	0.029935497208779492
-2	0.015483881370414827
-1	0.007582730559556947
0	0.0036065442353609037
1	0.0017099556226564698
2	9.219797752662714e-4
3	5.713840009320311e-4
4	4.2573033414004905e-4
5	3.194687275475114e-4
6	2.4497733287412313e-4
7	1.9732802697926003e-4
8	1.5557207820498625e-4
9	1.2168522390719758e-4
10	9.61864684647298e-5
11	7.600522984953706e-5
12	6.229339618823023e-5
13	4.800452015551509e-5
14	3.84508761401324e-5
15	3.0834479886340806e-5
16	2.488384964547811e-5
17	1.9653023669685196e-5
18	1.555492700406806e-5
19	1.2218145025076604e-5
20	9.822835606887161e-6
