-20	53.44938173821862
-19	41.083602114620454
-18	31.606826117061537
-17	24.128633798679555
-16	18.38750843958835
-15	13.934125589982859
-14	10.506964980334178
-13	7.851987666571807
-12	5.8199327509990155
-11	4.281866754454508
-10	3.12002547396449
-9	2.2509998732506658
-8	1.6025071949100456
-7	1.1339698102581544
-6	0.7802672188840684
-5	0.5318258865417418
-4	0.35665881194010673
-3	0.2330053936495506
-2	0.14930679963461524
-1	0.09362584454532555
0	0.057506519734443734
1	0.03405885140681207
2	0.019847954901667145
3	0.011468314552831363
4	0.006335220008975839
5	0.0034817496581942974
6	0.0018224157031516291
7	0.0010052746656496294
8	5.672728207763306e-4
9	3.3130628111274275e-4
10	2.2003242261143616e-4
11	1.6450130584204727e-4
12	1.223518537716105e-4
13	9.699043081201397e-5
14	7.826320403423363e-5
15	6.364601041318654e-5
16	5.09129845679781e-5
17	3.986826766302843e-5
18	3.170673560704781e-5
19	2.4781707526526687e-5
20	1.9044532332785402e-5
