-20	2.560030104293385
-19	2.538266614872473
-18	2.4004352068231936
-17	2.3378907016681536
-16	2.268481613923888
-15	2.116904076512639
-14	1.99923962808793
-13	1.8365921317500182
-12	1.6992371323195712
-11	1.5627900830747206
-10	1.3946578145558464
-9	1.244677416298825
-8	1.0733311144864324
-7	0.9119352312983423
-6	0.7817073372326774
-5	0.640887665557146
-4	0.47704008547965515
-3	0.35222603921104806
-2	0.2421774117404484
-1	0.15198105005818205
0	0.07757680382494347
1	0.03619828381210535
2	0.015739744393952704
3	0.007085987601322875
4	0.001338607955456254
5	3.572153512504669e-4
6	2.1802423629184472e-4
7	3.855728875510258e-4
8	9.364893395591615e-5
9	6.90156500586451e-5
10	5.094681739458263e-5
11	3.9814693788130945e-5
12	3.1444005363109e-5
13	2.571358223837577e-5
14	1.9345831037272328e-5
15	1.586315029611438e-5
16	1.2796062754158089e-5
17	1.0049359223297672e-5
18	7.692403521006853e-6
19	6.53704594091513e-6
20	5.122002488997095e-6
