-20	62.77673846705242
-19	49.169569437566466
-18	38.67195138161949
-17	30.30498137796026
-16	23.634284238300207
-15	18.306610200442485
-14	14.1313567570129
-13	10.793754292364314
-12	8.180390194199253
-11	6.143833306548639
-10	4.5642102033695995
-9	3.3789140391536283
-8	2.4329032469779395
-7	1.7374773503557182
-6	1.2294526939926715
-5	0.8670414937170402
-4	0.5954891177648987
-3	0.41885226474513965
-2	0.28960483839874734
-1	0.20534741782703
0	0.14630702846574034
1	0.10465104600079973
2	0.07805455949353696
3	0.05895849895723895
4	0.04450449250534653
5	0.03355883871728205
6	0.02368986760093466
7	0.015108235024076567
8	0.008750695108472043
9	0.004393644038071377
10	0.002329749590676974
11	0.0013584808893091864
12	8.723319101063904e-4
13	6.053243243006003e-4
14	4.304629492655409e-4
15	3.281932804813247e-4
16	2.5214887791288014e-4
17	2.0197426803252676e-4
18	1.585977300299432e-4
19	1.254108464436146e-4
20	9.883549763494893e-5
