-20	40.50566748286869
-19	30.973982316715976
-18	23.674456310415042
-17	18.011457788281398
-16	13.633942994030946
-15	10.281402026497247
-14	7.718520427913245
-13	5.726597541138966
-12	4.210803729173003
-11	3.0706329583805916
-10	2.2176674834594174
-9	1.5769286150819872
-8	1.1043659375145922
-7	0.7613977034815539
-6	0.5117042582681061
-5	0.33596444181769364
-4	0.2144193318759232
-3	0.1321287459772099
-2	0.07813393054591647
-1	0.044159135444297656
0	0.023657058910449967
1	0.011954719472616324
2	0.0056473491947280135
3	0.002495589197086483
4	0.0010465827952868506
5	4.37099858568203e-4
6	2.08966190311872e-4
7	1.2219280681759702e-4
8	8.435330355225553e-5
9	6.176207475225278e-5
10	5.0253083515401356e-5
11	3.895090712026736e-5
12	3.053525367955191e-5
13	2.449222302573052e-5
14	1.990777548635805e-5
15	1.5499310632189864e-5
16	1.2319746439738124e-5
17	9.553304953319078e-6
18	7.85003503513459e-6
19	6.183701548638335e-6
20	4.95014454117618e-6
