-20	61.11137174603372
-19	48.29171974216269
-18	38.01065930741699
-17	29.892880256126897
-16	23.62724690469303
-15	18.546674230336418
-14	14.458463297249155
-13	11.277428709387365
-12	8.692858053489747
-11	6.756474891212681
-10	5.220706587099391
-9	3.9471750018698257
-8	2.930219194573579
-7	2.190190363691583
-6	1.629509456179233
-5	1.2228250974505908
-4	0.8515678116482801
-3	0.6092757399916672
-2	0.4350156768634158
-1	0.284431851683629
0	0.18515394561333728
1	0.09478301486098167
2	0.046908074991632215
3	0.020718751683281796
4	0.01011527401072937
5	0.0051712703994088675
6	0.003403366158695548
7	0.0023657883544305042
8	0.0017431319355718095
9	0.001304984681260717
10	0.0010174108846198124
11	7.895567767114074e-4
12	6.347063566128937e-4
13	5.000430938394038e-4
14	4.0226687599966986e-4
15	3.2103347047591753e-4
16	2.514744085050181e-4
17	1.9636714177252915e-4
18	1.591757833808625e-4
19	1.2742998451744926e-4
20	1.0015716923930308e-4
