-20	50.4020899736026
-19	38.74683133790656
-18	29.740675394393055
-17	22.64678825554248
-16	17.237072144390456
-15	12.991436165334687
-14	9.713716270312178
-13	7.2316908168159975
-12	5.338115574144417
-11	3.8923459642157288
-10	2.8025127746592164
-9	1.9955595406717161
-8	1.4011065826928961
-7	0.9626939179589772
-6	0.6477562240794101
-5	0.42673624947630334
-4	0.272089460304653
-3	0.16754909178602936
-2	0.09921633739579967
-1	0.05607029811372073
0	0.030009742091593836
1	0.0152091348497712
2	0.007315073333929812
3	0.003433772809458078
4	0.0016321896094110312
5	8.596177531727822e-4
6	5.52303764478923e-4
7	3.949735566487449e-4
8	2.978932872844981e-4
9	2.4162559471394772e-4
10	1.934452249204121e-4
11	1.5441427189742763e-4
12	1.21477376540883e-4
13	9.750961833576744e-5
14	7.871086453497026e-5
15	6.096047964013357e-5
16	4.894669641367289e-5
17	3.84434535450888e-5
18	3.12054145435545e-5
19	2.474778815090111e-5
20	1.992362728162238e-5
