-20	0.05145185239380589
-19	0.05134092007877328
-18	0.05156605785783796
-17	0.050021807623308316
-16	0.051537292770055115
-15	0.05088139405643871
-14	0.05131856286518157
-13	0.05188501051160199
-12	0.0517370997602319
-11	0.050650167898805505
-10	0.05209289587926404
-9	0.05081555549067782
-8	0.05081854507732859
-7	0.05199034361320695
-6	0.05129769127271421
-5	0.05166883448783697
-4	0.0506706603627433
-3	0.05207638159099672
-2	0.050533693778347495
-1	0.05211011382518713
0	0.05189813207871843
1	0.04988935998790308
2	0.050483216615830113
3	0.04840287848269582
4	0.04564599950362482
5	0.04080170840845822
6	0.03362562596657815
7	0.02400842974723124
8	0.013371102798825061
9	0.006054353181735118
10	0.0024285739896745553
11	0.001095434281107923
12	6.006983592444107e-4
13	3.581868203255741e-4
14	2.3608099221285767e-4
15	1.7357506822102565e-4
16	1.2916677482202778e-4
17	1.0036203199590378e-4
18	7.993234705635237e-5
19	6.293315077493665e-5
20	4.96864888778052e-5
