-20	49.19542353505891
-19	37.84232610806446
-18	28.98843114681674
-17	22.11432791186257
-16	16.78360925276897
-15	12.646307419610677
-14	9.472972844586863
-13	7.034499564753928
-12	5.176418977188677
-11	3.7751070899811894
-10	2.714505925417551
-9	1.9288742789227007
-8	1.3464449693935925
-7	0.9240629176763903
-6	0.6204925536234748
-5	0.40635220566173147
-4	0.2582495335212667
-3	0.1587948176937629
-2	0.09359068774365528
-1	0.05251830311445421
0	0.027866774534389707
1	0.013789355317662535
2	0.006268601590049491
3	0.002615902899218059
4	9.699883899811695e-4
5	3.2338043924676457e-4
6	1.0522560412938107e-4
7	3.9228143178535764e-5
8	2.2206529662049463e-5
9	1.589537216241336e-5
10	1.2274967338192761e-5
11	9.667363254728847e-6
12	7.669611484829826e-6
13	6.2256396253653975e-6
14	4.890720757605899e-6
15	3.8063833263211216e-6
16	3.030602955864133e-6
17	2.372062604024023e-6
18	1.922695748399076e-6
19	1.5012625515841278e-6
20	1.2121266718487555e-6
