-20	71.50577670642873
-19	58.20536134787288
-18	46.04059699949188
-17	36.7215603679168
-16	28.962872883997754
-15	23.2011549720954
-14	18.185828644028085
-13	14.861180540277852
-12	11.812403649414895
-11	9.405990910994158
-10	7.512108624884061
-9	6.128122541825951
-8	4.7804430250649785
-7	3.799540509856272
-6	3.0931149267496063
-5	2.547165453754406
-4	1.9843444116976117
-3	1.6463658815204607
-2	1.3014903433408738
-1	1.0444840065400314
0	0.8834283601663209
1	0.6708046760322365
2	0.5371583379337911
3	0.4191495475912423
4	0.29572687822544197
5	0.22232805401304864
6	0.15259702465094468
7	0.08697624650323618
8	0.04890494412482757
9	0.026308430004261578
10	0.016872892361447015
11	0.011039868489080198
12	0.00818224379813728
13	0.006324791150222743
14	0.004857467588284455
15	0.003937535165951896
16	0.003218817489424782
17	0.0025576810079143497
18	0.001984934456633969
19	0.001565277990522628
20	0.0012281567895344927
