-20	0.17974359741922716
-19	0.14337310691226454
-18	0.11793251451456342
-17	0.0949520964796792
-16	0.07692220194926704
-15	0.06125975048372028
-14	0.0501066572842345
-13	0.038586224188177885
-12	0.029584469898479647
-11	0.024272295694164753
-10	0.01932188653437642
-9	0.015469663591031142
-8	0.012355176350478945
-7	0.009601721910504934
-6	0.00772527467653295
-5	0.0062110164654464815
-4	0.0047929068378917
-3	0.0037553617487602908
-2	0.0030257634940861855
-1	0.002447767333333478
0	0.001987628328386915
1	0.0015403717019594446
2	0.0012381973819554843
3	9.825955740821943e-4
4	7.723201888753718e-4
5	6.29141040000747e-4
6	4.7734837296482314e-4
7	3.786970482897536e-4
8	3.005899946755644e-4
9	2.3921257453119252e-4
10	2.0528581672606233e-4
11	1.558412737901396e-4
12	1.2329888705253175e-4
13	9.64004739563379e-5
14	7.74259854822794e-5
15	6.0838246761796776e-5
16	4.7711044723482036e-5
17	3.986532232975199e-5
18	3.066319029300249e-5
19	2.4198422770391857e-5
20	1.9548792630915177e-5
