-20	0.3860264581813034
-19	0.3161967144407503
-18	0.2465058266062798
-17	0.19723901702374974
-16	0.15587053957795136
-15	0.12593494324993604
-14	0.09905888568969028
-13	0.07803177149839123
-12	0.06195448364360513
-11	0.04967292259986474
-10	0.03890676803559475
-9	0.03134098176328345
-8	0.024827490830530423
-7	0.0194944370438406
-6	0.015650058981828023
-5	0.012443269891384612
-4	0.009944252548093583
-3	0.007873724222786113
-2	0.006318240198547906
-1	0.004886959117811978
0	0.003914452257548638
1	0.003137353261450479
2	0.0024598001565393182
3	0.001930263289752881
4	0.0015669473216287446
5	0.0012197292082948377
6	9.82745856457044e-4
7	7.709767291193183e-4
8	6.166216697997249e-4
9	4.866143245425458e-4
10	3.9390377040227737e-4
11	3.0479811007876105e-4
12	2.4126868527727256e-4
13	1.9426448911181516e-4
14	1.558813145525531e-4
15	1.243715072962483e-4
16	9.992235410664098e-5
17	7.895478508014688e-5
18	6.083447261592101e-5
19	4.945748425818627e-5
20	3.927920400380226e-5
