-20	34.58377652726651
-19	26.188054473976493
-18	20.51470343213994
-17	15.3697339664292
-16	11.53690846832967
-15	8.790812231203274
-14	6.687206956350412
-13	4.931631505568137
-12	3.6060825530906397
-11	2.681918531528303
-10	1.9181769598039162
-9	1.4227258909087244
-8	1.0233277810744688
-7	0.7155179832601768
-6	0.5237991426012167
-5	0.3736792798337014
-4	0.2751836070953888
-3	0.19630410447164248
-2	0.13915151375210386
-1	0.10116778183374443
0	0.07729834324486747
1	0.05741029809425306
2	0.044620425853677786
3	0.03301311508941487
4	0.024680115223113377
5	0.019041522822628196
6	0.01603906493170292
7	0.012405338656686572
8	0.00958412654309017
9	0.00736647097236451
10	0.0062789050066072785
11	0.004783690425726338
12	0.003989894900719145
13	0.003165555830205234
14	0.0025362574390652716
15	0.002004218887466416
16	0.0016124370927714992
17	0.0012269173669051223
18	9.962956277576238e-4
19	7.979796852485208e-4
20	6.240969143128601e-4
