-20	0.2763230187085185
-19	0.20253020261874868
-18	0.14617499162710032
-17	0.11379692309869036
-16	0.08434358162062035
-15	0.06712641109197406
-14	0.05312457427517164
-13	0.04148963535197885
-12	0.03205384258390417
-11	0.025825345052797776
-10	0.02001311407170252
-9	0.015670109611568644
-8	0.012650643727623423
-7	0.01014946571198964
-6	0.007935370983416441
-5	0.006183098381067161
-4	0.004952516709642714
-3	0.003877767933996944
-2	0.0031261001380265647
-1	0.0025025479996335863
0	0.001974772352396145
1	0.001557985342930796
2	0.0012182600552136864
3	9.764985001643227e-4
4	7.720312070014147e-4
5	5.985090012497648e-4
6	4.953012737116461e-4
7	3.8557936141066e-4
8	3.0721151502995336e-4
9	2.5319946759660674e-4
10	1.9321890445917863e-4
11	1.5797427096448023e-4
12	1.231662644483826e-4
13	9.749319609549265e-5
14	7.690466919137974e-5
15	6.296921944621646e-5
16	4.920491255123862e-5
17	3.853824403868865e-5
18	3.117460566079405e-5
19	2.4413162941317514e-5
20	1.955156297825747e-5
