-20	55.10338251212692
-19	42.914842479769575
-18	33.530152334466926
-17	25.440220197274805
-16	19.547115586468237
-15	14.824505881409987
-14	11.203620812485713
-13	8.243645215185742
-12	6.188429756104306
-11	4.531894970182335
-10	3.2740759728219895
-9	2.359542199978383
-8	1.6783284142904626
-7	1.1827474160008145
-6	0.831427507940405
-5	0.5759587016846195
-4	0.39465001359538865
-3	0.26671366304103983
-2	0.1819833828765973
-1	0.12175087404199512
0	0.08181069084866385
1	0.056314350933276316
2	0.03906498995269052
3	0.027449304742637657
4	0.019014407859811337
5	0.012586599984473847
6	0.008473542890733035
7	0.004934700718160627
8	0.0027724055984202052
9	0.001481532805080401
10	8.631745867199566e-4
11	5.27744558595988e-4
12	3.388253013879185e-4
13	2.316209591578295e-4
14	1.698167669289976e-4
15	1.2962446081458598e-4
16	9.881682949334631e-5
17	7.759988317144648e-5
18	6.298922885054155e-5
19	4.850067799235479e-5
20	3.9117042709307436e-5
