-20	2.9731886908826053
-19	2.907709678232586
-18	2.8996791115716167
-17	2.867716662963313
-16	2.8182495330108517
-15	2.675600314597501
-14	2.7079702995994372
-13	2.596870629340611
-12	2.4873607922542096
-11	2.403051835239905
-10	2.3659391746575653
-9	2.219736675119902
-8	2.0980682664695123
-7	2.0082191093622077
-6	1.8560330141524983
-5	1.6961455798779699
-4	1.5189142381780747
-3	1.3695611310801636
-2	1.2546783338726264
-1	1.0775307657783018
0	0.9008942047205933
1	0.741083782529066
2	0.5938663926462178
3	0.4262000863511857
4	0.29953025750079854
5	0.18796275885447886
6	0.13143097404060247
7	0.06244384500316715
8	0.031543792235275564
9	0.011073072284944906
10	0.006397062939837432
11	0.0013808227403959076
12	7.924881648485414e-4
13	2.497264510336208e-4
14	2.0117982915762966e-4
15	1.5989486096474906e-4
16	1.2178763448273175e-4
17	1.0088756720183061e-4
18	8.071941998717294e-5
19	6.323758303798564e-5
20	4.964327153937546e-5
