-20	58.6675891672028
-19	46.42254222974151
-18	36.746755554286544
-17	28.94778614069477
-16	22.722853965473117
-15	18.002755343995123
-14	13.943946002005323
-13	11.019735989665786
-12	8.579873247738039
-11	6.674969248960816
-10	5.2312647991356265
-9	3.9843544239410664
-8	3.0059700745968705
-7	2.3212395573969213
-6	1.7320081764033046
-5	1.2567450786484224
-4	0.9441344298736912
-3	0.7000348715267981
-2	0.49346293343671105
-1	0.35962608220590075
0	0.2502969983789173
1	0.16503652406451694
2	0.10293817468982012
3	0.055871369854387634
4	0.03058978535214108
5	0.01774546452401755
6	0.010485555281824032
7	0.007509964894995021
8	0.005393060361441314
9	0.004144786482173407
10	0.003210516995566342
11	0.0024823818255475857
12	0.0019373247802505834
13	0.0015549279935829885
14	0.0012855010244406746
15	9.913877211568452e-4
16	7.827516690702193e-4
17	6.205763993452338e-4
18	4.94637328767824e-4
19	3.9321837661625525e-4
20	3.1896579280053203e-4
