-20	32.46523243767251
-19	25.5986379673113
-18	19.977158687355367
-17	15.827606866456941
-16	12.328632153808854
-15	9.5783426531495
-14	7.534796816884247
-13	5.787508683614822
-12	4.424340509388224
-11	3.3013839330982635
-10	2.6059930077371893
-9	1.9398676302383207
-8	1.4538624857343645
-7	1.0520743944539663
-6	0.7725965182349884
-5	0.5618918598457655
-4	0.403884745336676
-3	0.2911721878581091
-2	0.22010675180586012
-1	0.16086013650621353
0	0.11728100750654315
1	0.08735417463345753
2	0.06431507482376417
3	0.046755372785331685
4	0.034124528684629445
5	0.024601049361402404
6	0.01861549381962263
7	0.01389935673009228
8	0.010581830034710967
9	0.008250706918562487
10	0.006346660724977946
11	0.004983774183110511
12	0.003932713280521935
13	0.0031004200458664578
14	0.0025190027921288918
15	0.0019060223081592924
16	0.0015312982298168274
17	0.001243161292051005
18	0.001003167517099539
19	8.085870956295954e-4
20	6.213738839479441e-4
