-20	0.024923063484485496
-19	0.020127954976240692
-18	0.015690537453358026
-17	0.012668246334552276
-16	0.009782533844069297
-15	0.007558535248546993
-14	0.006091067913106579
-13	0.004928379834703253
-12	0.00393109886053712
-11	0.003054615280139846
-10	0.0023212235139950517
-9	0.001867113784522324
-8	0.0014981378306528122
-7	0.00122964611008135
-6	9.956727704425728e-4
-5	7.915225961146449e-4
-4	6.15633625465251e-4
-3	4.856711670511135e-4
-2	3.8914137791575096e-4
-1	3.0963650756310896e-4
0	2.40234683942498e-4
1	1.894557902852143e-4
2	1.5867501266718186e-4
3	1.2111071985775675e-4
4	9.301099211556954e-5
5	7.776472432785052e-5
6	5.903152818595057e-5
7	4.87947077560804e-5
8	3.90558270578963e-5
9	3.1332023430969944e-5
10	2.4611929536808065e-5
11	2.0090666856750324e-5
12	1.5734716097968997e-5
13	1.173996469632145e-5
14	9.750113103539e-6
15	7.553157417151892e-6
16	6.074405883375609e-6
17	4.943829522124946e-6
18	3.922365232460362e-6
19	3.1024421394755245e-6
20	2.5256396664203144e-6
