-20	47.398412364687445
-19	36.43935857372548
-18	27.848036876592086
-17	21.30639093842203
-16	16.170833258168038
-15	12.232967900142329
-14	9.22054806045351
-13	6.891446194742434
-12	5.1133146831565925
-11	3.7688258696776824
-10	2.748676732949464
-9	1.9893278711373215
-8	1.4164423887788264
-7	0.9963615959396785
-6	0.6912477189849882
-5	0.47105588985841723
-4	0.31662712065383636
-3	0.20877267883336825
-2	0.13506729772677045
-1	0.08545611849577069
0	0.05303768641812041
1	0.03234205422106504
2	0.01946656797519319
3	0.011595478892786852
4	0.006856221907027274
5	0.003938007625314705
6	0.0021303444289931476
7	0.0010796388761060208
8	5.497620814533284e-4
9	2.6876968649684627e-4
10	1.241702777127115e-4
11	7.118296601260373e-5
12	4.266064856461822e-5
13	2.871798701626808e-5
14	2.091452123173899e-5
15	1.585831231233204e-5
16	1.2478212519657655e-5
17	9.637388898706086e-6
18	7.754396805987849e-6
19	6.1827658558461375e-6
20	4.802398230610193e-6
