-20	0.012308156745786917
-19	0.009746423056986983
-18	0.00801116834006031
-17	0.006332840639432376
-16	0.005003332681167824
-15	0.004008396141759762
-14	0.003055586454638314
-13	0.0025048929558291228
-12	0.0019850643598710044
-11	0.001548314712932556
-10	0.0012175581941740634
-9	9.617698541487193e-4
-8	7.60740511838698e-4
-7	6.21363180419655e-4
-6	4.703398331763947e-4
-5	3.839225853742146e-4
-4	3.0700938699477695e-4
-3	2.449193339079472e-4
-2	1.8867497173248948e-4
-1	1.5579219310571103e-4
0	1.2053193018481279e-4
1	9.521341719095595e-5
2	7.342266913740674e-5
3	6.232843379357641e-5
4	4.778294410751503e-5
5	3.868767498079075e-5
6	3.056710729139274e-5
7	2.454891766480444e-5
8	1.9158279732301804e-5
9	1.5486736497514706e-5
10	1.1991301900393183e-5
11	9.5231061517928e-6
12	7.661430063941985e-6
13	5.860598220485654e-6
14	4.817419958835957e-6
15	3.842561567257593e-6
16	3.0394428365193778e-6
17	2.4833012740653323e-6
18	1.9784705740200226e-6
19	1.5419581019967227e-6
20	1.2783142198509226e-6
