-20	10.181000680891321
-19	7.8499160652763935
-18	6.299892758083928
-17	5.0089474105794976
-16	3.9278390593730466
-15	3.1770600371456696
-14	2.5324535213484345
-13	1.9979580102578904
-12	1.5945644169756412
-11	1.281551546179614
-10	0.9887614848059993
-9	0.7913577956003781
-8	0.6304115115643126
-7	0.498406412094623
-6	0.39380638507924937
-5	0.31612208150850035
-4	0.24839381216638734
-3	0.19813237634972367
-2	0.15893765393836212
-1	0.12650002705530425
0	0.1001901215421009
1	0.07917237550580125
2	0.06216556383614037
3	0.05005025177513604
4	0.03967969874774386
5	0.031715382580642236
6	0.025501833664304977
7	0.019868840141404494
8	0.01568322995966886
9	0.012650132455437876
10	0.010009052006132467
11	0.007881894976446032
12	0.006239584732758972
13	0.005019030937114575
14	0.003963402140166375
15	0.0031417895505834155
16	0.0025130955892699327
17	0.0020237198400289316
18	0.0015792177509898239
19	0.0012701575748727848
20	9.952714917370064e-4
