-15	0.06612427042883265
-14	0.05075317932992572
-13	0.04080089581830008
-12	0.03293452828481595
-11	0.024633225078311564
-10	0.019616034154899917
-9	0.01625167778186717
-8	0.012377840247125573
-7	0.009768628459279036
-6	0.007767835391589471
-5	0.00623951869069812
-4	0.004988974103955928
-3	0.0038934935510505702
-2	0.0030199337189182503
-1	0.002464546447904653
0	0.001920415081293993
1	0.0015544564442852094
2	0.0012481823067745374
3	9.734885734914862e-4
4	7.833731201584368e-4
5	6.343272286356778e-4
6	4.807393874134621e-4
7	3.893133689816868e-4
8	3.182969124498531e-4
9	2.469429946043307e-4
10	1.987780424459214e-4
11	1.5014012987774747e-4
12	1.2281685353958017e-4
13	9.944569411785492e-5
14	7.803107232131445e-5
15	6.424703088929314e-5
16	4.839796248295304e-5
17	3.931015113626588e-5
18	3.116496927709678e-5
19	2.442251368597216e-5
20	1.937528946500898e-5
