-20	1.0101825891561156
-19	0.8056551299921699
-18	0.6287972378540776
-17	0.4943220417416607
-16	0.3964803059799098
-15	0.3166650680311677
-14	0.25397561354349474
-13	0.20281375793306233
-12	0.15797181052736733
-11	0.12604575124623113
-10	0.09911833586232331
-9	0.07994010083015671
-8	0.06316566984102627
-7	0.050088706145609896
-6	0.04009432827891403
-5	0.031810040319364234
-4	0.02500212401592041
-3	0.020128584319377286
-2	0.015866887534190674
-1	0.012464220919703405
0	0.009933857694250335
1	0.008009411596147584
2	0.006311313615200894
3	0.00488280413072665
4	0.00395641383137808
5	0.0031319739293191365
6	0.0024727730534804837
7	0.0019958010241102604
8	0.0016005745212024042
9	0.00126043350369167
10	0.0010044014422114856
11	8.118118802425457e-4
12	6.378347256288522e-4
13	5.010381414461212e-4
14	4.002441763701876e-4
15	3.1268159643250775e-4
16	2.527217612450703e-4
17	2.0090710538200765e-4
18	1.5842155965451642e-4
19	1.259427227718848e-4
20	9.837734555344949e-5
