-20	1.5732043541305474
-19	1.4272401142671718
-18	1.2458584743352221
-17	1.0893524007594253
-16	0.9060165009899174
-15	0.7592109545163792
-14	0.596221452762337
-13	0.4776310066273366
-12	0.3678277883890282
-11	0.28125745793673734
-10	0.19318808288365785
-9	0.1589851221264108
-8	0.11160502574698719
-7	0.08876526782110185
-6	0.06614373359616012
-5	0.05241360694012641
-4	0.0395416762221315
-3	0.033062831374186856
-2	0.025868997670484267
-1	0.01977301929858723
0	0.016038661730976317
1	0.012451472599417188
2	0.009496962287454735
3	0.008124595478355631
4	0.00614753245877393
5	0.004963771948002376
6	0.003831539251006257
7	0.003074782003073121
8	0.0024826027447330283
9	0.001983313691181129
10	0.0015382986002079688
11	0.0012673472205422327
12	9.936449394680998e-4
13	7.674625076583302e-4
14	6.192768468791093e-4
15	4.824199614101775e-4
16	3.9709268085330075e-4
17	3.2978102104043515e-4
18	2.4318854832380534e-4
19	1.9031143047100962e-4
20	1.4947592303361792e-4
