-20	1.2618798638514497
-19	1.1057372262922054
-18	0.892429652279479
-17	0.7733018619439773
-16	0.6100382245224183
-15	0.4920895420257905
-14	0.3689839367111666
-13	0.29023535192129846
-12	0.22364109030472
-11	0.16379623216969602
-10	0.12230985117506113
-9	0.09850980090244697
-8	0.07344637741881188
-7	0.05762178132577349
-6	0.04523347554102308
-5	0.03571948616736983
-4	0.027647317407732987
-3	0.023449199058252337
-2	0.018254421067009075
-1	0.014519397095570978
0	0.011959089478145885
1	0.009558538261966773
2	0.007625563604868397
3	0.0061138204991163046
4	0.005062289799256647
5	0.004010751459164273
6	0.003098829125909478
7	0.002407831928574421
8	0.0017663260288908876
9	0.0012719065284053797
10	9.033722991822575e-4
11	6.027412542597924e-4
12	4.255368335549269e-4
13	3.044238916586938e-4
14	2.188015519973069e-4
15	1.644571504860008e-4
16	1.2861472290207895e-4
17	9.903898652141642e-5
18	7.983155003102575e-5
19	6.377062217465908e-5
20	4.9328007884887045e-5
