-20	3.0857308882346657
-19	2.9942206540404177
-18	2.9552495644749674
-17	3.0108114550221905
-16	2.992175311051986
-15	2.8821788885137516
-14	2.914704565558657
-13	2.8582953815609735
-12	2.818789091832364
-11	2.687569045062059
-10	2.6427705938316945
-9	2.5368746385414456
-8	2.433426986427813
-7	2.3271328914282514
-6	2.105112013118
-5	1.979502516641466
-4	1.6548274577329638
-3	1.4629567916430735
-2	1.2440432945785456
-1	1.030433066425966
0	0.7765546189519439
1	0.5646741815701056
2	0.3631114328059677
3	0.19870935316569113
4	0.13689420629148347
5	0.062309941588314474
6	0.023144403719110154
7	0.006960054347334175
8	0.006260532573443734
9	0.0019978487334022708
10	0.001560718966883762
11	0.001212915119681258
12	9.692089387766916e-4
13	7.783340312616195e-4
14	6.242239888167258e-4
15	4.948522112686198e-4
16	3.9406200876710573e-4
17	3.1645813544933646e-4
18	2.5069876201431356e-4
19	1.9056907869087735e-4
20	1.5929404086076698e-4
