-20	0.00503953217731313
-19	0.00374826869442132
-18	0.0028158626333306042
-17	0.002202076394064215
-16	0.0017134275331968333
-15	0.0013760685166180225
-14	0.001138268241282904
-13	9.516215553193014e-4
-12	7.828058075838309e-4
-11	6.260137213086986e-4
-10	5.185239391670364e-4
-9	4.3301957820637176e-4
-8	3.604124508957716e-4
-7	2.9811805403830925e-4
-6	2.554607136166839e-4
-5	2.1571554321322072e-4
-4	1.8527551847580788e-4
-3	1.582256888213511e-4
-2	1.3158952144737488e-4
-1	1.1280055867618182e-4
0	9.687328399441687e-5
1	8.140901631590486e-5
2	7.04113836964733e-5
3	5.688592693725195e-5
4	4.64855849956334e-5
5	3.7314647517404545e-5
6	2.9925990101101392e-5
7	2.4520038236231685e-5
8	1.974930010549884e-5
9	1.5007158904200669e-5
10	1.2471764582906112e-5
11	9.667403949796443e-6
12	7.775974488867924e-6
13	6.196818264208083e-6
14	4.881676491528442e-6
15	3.888397339977617e-6
16	3.107255459947783e-6
17	2.408558343031226e-6
18	1.9470696167663495e-6
19	1.4956814391393315e-6
20	1.2173898991397756e-6
