-20	0.07755835371841945
-19	0.0603608850700493
-18	0.0480522701138286
-17	0.03906281517158339
-16	0.031379582862095495
-15	0.02474622906399448
-14	0.01892331770117297
-13	0.015966657672235155
-12	0.01299709595586647
-11	0.01041006543668153
-10	0.00823369640914858
-9	0.006731637975798978
-8	0.005648620415845973
-7	0.004422547721376395
-6	0.00368752410037138
-5	0.003030175605006386
-4	0.0024702608460837215
-3	0.002028109962220597
-2	0.0017264176606310792
-1	0.0014289163426207702
0	0.0012448232407128801
1	0.0011011251469980013
2	9.195328648243074e-4
3	7.76700007948745e-4
4	6.667680808922789e-4
5	5.505946888713046e-4
6	4.4932267918347025e-4
7	3.701717903759205e-4
8	3.0474725988040286e-4
9	2.463300517777278e-4
10	1.9351992837912232e-4
11	1.595696686376391e-4
12	1.2134668815381471e-4
13	9.354739294044642e-5
14	7.703601540718415e-5
15	6.0938687134293656e-5
16	4.811798045264907e-5
17	3.805445973141421e-5
18	3.1677874579474076e-5
19	2.530927287687656e-5
20	1.9765544901973137e-5
