-20	42.33682942419281
-19	35.064933876239465
-18	29.3307962455318
-17	24.75736099994067
-16	20.993573055097457
-15	17.908904727059785
-14	15.342439584771457
-13	13.210344232101177
-12	11.426398558438716
-11	9.958586826114349
-10	8.751565206779983
-9	7.759450900151673
-8	6.945843690408977
-7	6.286195093084896
-6	5.745946992928749
-5	5.312080272471353
-4	4.967178584056121
-3	4.691575940259102
-2	4.479247365366314
-1	4.319782047463348
0	4.2031425908071895
1	4.122077767981042
2	4.066952590761093
3	4.034242931294341
4	4.015660069679269
5	4.006172812605925
6	4.0023022547175255
7	4.0003945997305745
8	4.0000606965876315
9	3.9999569795123
10	3.9998494983180266
11	4.000082683283765
12	3.998944908163309
13	3.7519983916669988
14	2.704036124555641
15	2.05447304148719
16	1.9644455313369231
17	1.9616440631594378
18	1.917604246022534
19	1.9208249241828912
20	1.983976238740689
