-20	2.254355584886496
-19	2.2381365752207154
-18	2.0541102288547717
-17	1.9451244376097776
-16	1.6991543218539824
-15	1.5700419785932076
-14	1.4538787803223776
-13	1.1457514956174668
-12	0.9218551801033391
-11	0.7442253392244206
-10	0.516554380370869
-9	0.3296794460518989
-8	0.1992656833220525
-7	0.10940114750181361
-6	0.04029655042578722
-5	0.019857708386430015
-4	0.01576023918430855
-3	0.008474984415908764
-2	0.005474207666167729
-1	0.0038329470749995805
0	0.002655702685713224
1	0.0019591314757597188
2	0.001455737193938083
3	0.001073254573471079
4	8.205904021450852e-4
5	6.316735395861222e-4
6	4.910927963333411e-4
7	3.944050142562337e-4
8	3.0275496793975067e-4
9	2.4437935824945584e-4
10	1.949508668237931e-4
11	1.5064823608045488e-4
12	1.2562196743600354e-4
13	1.0033618381834395e-4
14	7.601156011838746e-5
15	6.255322265995139e-5
16	4.57919652725515e-5
17	3.863164781049995e-5
18	3.092809427683407e-5
19	2.402703007185573e-5
20	1.9403968702123298e-5
