-20	1.230234837838806
-19	1.0289553037654378
-18	0.8691253193035382
-17	0.7197621763957475
-16	0.601007712062929
-15	0.503296136172372
-14	0.3946237615568341
-13	0.3086900501778609
-12	0.2529846391138697
-11	0.2098825536008556
-10	0.17971955105795
-9	0.15161194587652058
-8	0.13226477250796928
-7	0.10068058566156335
-6	0.0796623548617641
-5	0.05982786257093086
-4	0.04227273489885385
-3	0.028934985156836904
-2	0.016656919719151463
-1	0.009538322274210781
0	0.005566993205625225
1	0.0029872315254656934
2	0.0016338066629905648
3	9.308279682209472e-4
4	5.344501890832396e-4
5	3.2458195009727706e-4
6	2.0728734800966233e-4
7	1.3296181230644353e-4
8	9.35733804326716e-5
9	6.68002418783115e-5
10	5.0650002122468574e-5
11	3.8381516763258904e-5
12	3.057047787753098e-5
13	2.4637335067564245e-5
14	1.992044351332199e-5
15	1.5348045255295628e-5
16	1.2271057809289546e-5
17	9.735731932375054e-6
18	7.865488954568935e-6
19	6.1319118859188905e-6
20	4.902995844513641e-6
