-20	21.87827398937892
-19	16.569318388589444
-18	12.44322690135085
-17	9.272927946404344
-16	6.889396777017239
-15	5.034774294428823
-14	3.6457180942428145
-13	2.609140647029021
-12	1.8333863793388634
-11	1.2760744409126166
-10	0.8647911331004526
-9	0.5810789514508105
-8	0.378112795299574
-7	0.23991251933624416
-6	0.14782157099982174
-5	0.08720828844449789
-4	0.049983640567087824
-3	0.027341398801379972
-2	0.014579432682273552
-1	0.007420068634357183
0	0.003843056637734046
1	0.0021849683091344474
2	0.001387224625846976
3	9.987078350927614e-4
4	7.515491404053891e-4
5	6.122374591167368e-4
6	4.8723762910017187e-4
7	3.8703438275975984e-4
8	3.053449132273153e-4
9	2.4012590515869796e-4
10	2.0138509294769836e-4
11	1.566702864172405e-4
12	1.2074647010946702e-4
13	9.733098208293459e-5
14	7.68529622059212e-5
15	6.358189794143814e-5
16	4.918863506811645e-5
17	3.922635797521885e-5
18	3.0097826441390986e-5
19	2.425561605381119e-5
20	1.9670093104011564e-5
