-20	33.354507287739445
-19	25.720488681727307
-18	19.787469218123764
-17	15.122682474342012
-16	11.530168279054822
-15	8.731619345066798
-14	6.584764360758263
-13	4.924023910935078
-12	3.661540708350493
-11	2.6935807628327426
-10	1.9653178029213254
-9	1.4171804759303932
-8	1.0094398454129931
-7	0.7100402506895939
-6	0.4908034939784388
-5	0.33414851450794647
-4	0.22272298678412952
-3	0.14590732844548954
-2	0.0932862876785165
-1	0.05795243733717916
0	0.03517563027064029
1	0.020792326256775802
2	0.011950016522179077
3	0.006620998140120362
4	0.0035843231031336565
5	0.00186512359932685
6	9.372987615527988e-4
7	4.5212815843202254e-4
8	2.049324160175257e-4
9	9.559418824273034e-5
10	4.38787655828544e-5
11	2.48625898617064e-5
12	1.6965276620402275e-5
13	1.249367226198451e-5
14	9.438429798128157e-6
15	7.5837152355337835e-6
16	6.181131807342251e-6
17	4.901808425089779e-6
18	3.719189596877187e-6
19	3.1580045411209406e-6
20	2.3874710454385516e-6
