-20	1.03210366363913
-19	0.9179482329919074
-18	0.7526405495071334
-17	0.6111349821557821
-16	0.4756528776192604
-15	0.33544219868605873
-14	0.2732150316039784
-13	0.19837560602669163
-12	0.14846121056622696
-11	0.11522383549473386
-10	0.08683496831176347
-9	0.0684867471174261
-8	0.05324973163133055
-7	0.04134294355581002
-6	0.03233208045971624
-5	0.0254280470539335
-4	0.020038082123807366
-3	0.0155670173598117
-2	0.012711081088183574
-1	0.009823859686291207
0	0.00776046765163907
1	0.006208366925055092
2	0.004708316876753517
3	0.003856355493789353
4	0.003087402884453842
5	0.0025520374300748083
6	0.0019581108295406925
7	0.0015291624068718085
8	0.0012256998294872038
9	9.822216666265592e-4
10	7.638857189587988e-4
11	6.242648829230292e-4
12	5.07670720911719e-4
13	3.799995225458742e-4
14	3.0405986898046254e-4
15	2.428314177194707e-4
16	1.948396694059872e-4
17	1.513773782729859e-4
18	1.2321488852138704e-4
19	9.842437607697047e-5
20	7.870597498622504e-5
