-20	2.8941652905339175
-19	2.944504137871439
-18	2.8381000076316605
-17	2.7401772038898784
-16	2.770590517131871
-15	2.6577057447598977
-14	2.6491341446261742
-13	2.604573522091156
-12	2.40718623894083
-11	2.2936375872030546
-10	2.2748019801957367
-9	2.0551698014762807
-8	1.9924845552253643
-7	1.8849351798876668
-6	1.7646701963802494
-5	1.5976524257024363
-4	1.394326059195839
-3	1.2670731198344238
-2	1.0697221001051989
-1	0.9386548067769336
0	0.7576162886207417
1	0.6194154295821193
2	0.5200953946466619
3	0.39608731861041924
4	0.3119190543586967
5	0.23478651798645536
6	0.18112586974121078
7	0.13243585858064585
8	0.10750393420703191
9	0.0846437166426388
10	0.06707198828769886
11	0.04875068339965636
12	0.03437064485935427
13	0.023193762083812332
14	0.012110718598411152
15	0.007702418805021865
16	0.004079712744942863
17	0.0028383781171822404
18	0.0020186550475933267
19	0.0016258801268282934
20	0.0012608890894181175
