-20	45.59143540350726
-19	35.180372341379474
-18	26.984526696257923
-17	20.65836710283731
-16	15.700760890387368
-15	11.940040931906056
-14	8.97270472115157
-13	6.725833068267301
-12	4.9862960546703565
-11	3.6720142172271686
-10	2.682452049220187
-9	1.9346160825709284
-8	1.3766791008270642
-7	0.9695747900379833
-6	0.6703241761424641
-5	0.4573900051723802
-4	0.30421298521949036
-3	0.19936414414655015
-2	0.12717306251448496
-1	0.07946182259866312
0	0.048044500783430734
1	0.02856327415660815
2	0.016512178606413675
3	0.009153303582699179
4	0.004997527601292974
5	0.0025903790090461704
6	0.0013223063150446409
7	6.428696547885804e-4
8	3.000356830493456e-4
9	1.4514073982099042e-4
10	7.650568598935594e-5
11	4.499506686747245e-5
12	3.2388527145362594e-5
13	2.4199356041168553e-5
14	1.9710845244422613e-5
15	1.5717359097231763e-5
16	1.2239687846445503e-5
17	9.952604021124962e-6
18	7.583494789698478e-6
19	6.004870039867091e-6
20	4.981184263189499e-6
