-20	38.86058825258348
-19	29.860272464869883
-18	22.879436501284253
-17	17.37274347755531
-16	13.196801748198475
-15	9.931860069202632
-14	7.427441259333116
-13	5.509092698251137
-12	4.051948614204722
-11	2.9504502362967573
-10	2.126032787080849
-9	1.5097832133857814
-8	1.0545448789727598
-7	0.7222832608839229
-6	0.48474378743051
-5	0.3186369515272935
-4	0.2031998831214533
-3	0.12470046938789044
-2	0.07357145557383246
-1	0.04130368269904867
0	0.02213077756965363
1	0.011353495840893388
2	0.005339094616257694
3	0.0024110177821785638
4	0.0010405656875775696
5	4.912255581600417e-4
6	2.882100044863019e-4
7	2.000646614636786e-4
8	1.513070608060327e-4
9	1.220555194022596e-4
10	9.72207472352891e-5
11	7.761477233208248e-5
12	5.841405531640902e-5
13	4.9267082512354846e-5
14	3.890720739997375e-5
15	3.08590724485069e-5
16	2.4415931341914698e-5
17	1.9221151707981604e-5
18	1.550131556586205e-5
19	1.2417869153122351e-5
20	9.75974184386794e-6
