-20	49.41916463277347
-19	38.03840298297933
-18	29.11669139463746
-17	22.204795183362787
-16	16.85418978266088
-15	12.699352874362388
-14	9.515256910460241
-13	7.067147460762388
-12	5.202309696073126
-11	3.789725637113365
-10	2.7288289908548986
-9	1.938974408884021
-8	1.353605913628825
-7	0.9275792338217115
-6	0.6228429986754589
-5	0.40687912846752466
-4	0.2586938010084167
-3	0.15871274562566598
-2	0.09382324325849638
-1	0.05255290449273162
0	0.027830473761575446
1	0.013806958593116475
2	0.006253319805020775
3	0.002541178430525416
4	9.501735942682671e-4
5	3.014495114145922e-4
6	8.269784821980892e-5
7	2.416887156612888e-5
8	1.0097071323673535e-5
9	5.9366144844055675e-6
10	4.954625420585269e-6
11	3.9448660657155024e-6
12	2.9594143525437604e-6
13	2.4368106290184374e-6
14	1.9655707374188026e-6
15	1.4870147124919228e-6
16	1.2294478841182251e-6
17	1.0601688553100835e-6
18	7.846551321303521e-7
19	6.626569121415757e-7
20	5.097296068131446e-7
