-20	24.31208121536343
-19	18.255834020084777
-18	13.576740652723142
-17	10.000416981513766
-16	7.342775071893383
-15	5.335526891848237
-14	3.842111897258257
-13	2.7554809400598916
-12	1.9550446864347335
-11	1.3596585655344242
-10	0.929882439858922
-9	0.6239677353232657
-8	0.40747257415227167
-7	0.2589975801002629
-6	0.1587995255613951
-5	0.09364961954706585
-4	0.052581958170157164
-3	0.027825487230967103
-2	0.013822060702998823
-1	0.006313889294314181
0	0.002608611359626398
1	0.0010014391393007417
2	3.5088059380047757e-4
3	1.2422698698867968e-4
4	5.308878499364105e-5
5	3.500924954636325e-5
6	2.4901879550209355e-5
7	2.043036195859415e-5
8	1.553379391327341e-5
9	1.254132406794938e-5
10	1.0017140227780624e-5
11	7.925434610092497e-6
12	6.283652634471761e-6
13	4.656802057952341e-6
14	4.132809808424967e-6
15	3.1294659828649912e-6
16	0.09199922301121649
17	1.0760182821509245
18	1.9599389056342462
19	1.9079578811255582
20	2.108013931061617
