-20	28.73880754027368
-19	22.160064425112125
-18	17.163677222656975
-17	12.93490169483581
-16	9.621351796642927
-15	6.981590500919454
-14	5.012047704102574
-13	3.3889105550778127
-12	2.308814993491205
-11	1.5648194816908991
-10	1.0178738153543592
-9	0.653024061275853
-8	0.41756115318075365
-7	0.2644246937938629
-6	0.16005844123304627
-5	0.09461770497231556
-4	0.053639362550051216
-3	0.02915262296075087
-2	0.014792480914708243
-1	0.007487344210508087
0	0.0035321030148585896
1	0.0016809711337260297
2	9.175935790517584e-4
3	5.755117284799361e-4
4	4.028652510357434e-4
5	3.197855792479633e-4
6	2.4279944192376622e-4
7	1.9800294323526766e-4
8	1.5145980631119351e-4
9	1.2345624748882157e-4
10	9.732467103364231e-5
11	7.575928030278376e-5
12	6.244598381547355e-5
13	4.918250550419829e-5
14	3.921803837943927e-5
15	3.106943437706303e-5
16	2.476684281432956e-5
17	1.9302067334318496e-5
18	1.5580228021977815e-5
19	1.2198719912895769e-5
20	9.671734995018515e-6
