-20	17.314235498141446
-19	13.10969819311732
-18	9.852549650681567
-17	7.354485791285604
-16	5.46343723086783
-15	4.016251205202653
-14	2.910195305335868
-13	2.097338891976266
-12	1.4857696771470668
-11	1.0382118033769394
-10	0.7103419760867982
-9	0.4766946601843105
-8	0.312001722472833
-7	0.1987983167514795
-6	0.12199527468324875
-5	0.07176758462398074
-4	0.040390817328461524
-3	0.02151739442537558
-2	0.010792956104902642
-1	0.00498333660411156
0	0.0021494197518639175
1	8.674147989893925e-4
2	3.604368260369529e-4
3	1.7304054140850772e-4
4	1.0963862385735814e-4
5	7.736585471174028e-5
6	6.0037547536838245e-5
7	4.825728484831867e-5
8	3.819751243426694e-5
9	3.1264987849734824e-5
10	2.5119586511547098e-5
11	1.9668057795453846e-5
12	1.5205269876415279e-5
13	1.2518301373577775e-5
14	9.453479638186465e-6
15	7.683344364402902e-6
16	6.228508011839967e-6
17	4.868819347903473e-6
18	3.977809481118017e-6
19	3.1573522416304275e-6
20	2.4027544202494655e-6
