-20	2.3878084352795295
-19	2.2214960120732705
-18	2.1062247373605847
-17	1.99783077486145
-16	1.8931314168935358
-15	1.7126026514085395
-14	1.6206277523314465
-13	1.4836460899392339
-12	1.2409477768946173
-11	1.0978790955352358
-10	0.9209142512541726
-9	0.7760205546463619
-8	0.6334411795536881
-7	0.5156567234324008
-6	0.3966369756813457
-5	0.310195557939207
-4	0.21879361460382998
-3	0.16444380060827804
-2	0.13177061262163986
-1	0.10241404439365098
0	0.08252997321206973
1	0.06556630395889337
2	0.053971774447376025
3	0.04396190257425061
4	0.035989600604736
5	0.028648991562250665
6	0.023293288613932542
7	0.017590735962574978
8	0.011842611135499783
9	0.007885850361550048
10	0.0046725911731868965
11	0.0026390247372183842
12	0.0016751362030847637
13	0.001072165074683747
14	7.427206472262879e-4
15	5.290142590483402e-4
16	3.938315244498854e-4
17	3.148850789417731e-4
18	2.4968165685209135e-4
19	1.9476479407590363e-4
20	1.5770319455270368e-4
