-20	12.524919063036029
-19	9.832962333544785
-18	7.8822633934058715
-17	6.279010907970096
-16	5.051127662507696
-15	3.9359639916281974
-14	3.1415987649891246
-13	2.521310562428312
-12	1.9509544009587703
-11	1.61757433173751
-10	1.2514330348784022
-9	0.9994359453197252
-8	0.7719461194670452
-7	0.6371176265115889
-6	0.5059733778479657
-5	0.3991331950043303
-4	0.32042839842358384
-3	0.24693616247264
-2	0.20490391002579608
-1	0.1587730742699448
0	0.12637273298130866
1	0.09763867126204256
2	0.07722022841312848
3	0.062483504936635896
4	0.049339201046753545
5	0.03962564955027966
6	0.031204053604283515
7	0.024296186926119647
8	0.020396290658754514
9	0.015358241488255592
10	0.012506599514347353
11	0.009799838123988634
12	0.00803343442383446
13	0.0060775388813066695
14	0.004962722524275955
15	0.003999596594459914
16	0.0031809487564615894
17	0.0024763369174637473
18	0.0019454010374725772
19	0.0015714579775151067
20	0.0012267493348776838
