-20	42.373383366552666
-19	33.670043190660756
-18	26.4798735155646
-17	21.196141430831425
-16	16.6994440801422
-15	13.092797944578436
-14	10.257586939388107
-13	7.990172345638732
-12	6.294794938011714
-11	4.905206598232795
-10	3.7523952746236056
-9	3.0235805450095565
-8	2.301675621412869
-7	1.7397131264352363
-6	1.3287486401999566
-5	1.0015346587271359
-4	0.7760365875169829
-3	0.5672811399818373
-2	0.4339543719435009
-1	0.3191854058613068
0	0.23919210285577905
1	0.17571216072284243
2	0.13217657892731025
3	0.09788034486712152
4	0.07394717832757998
5	0.0534658762991586
6	0.03748336348729468
7	0.028865942655411994
8	0.021372900196183885
9	0.016427354253246255
10	0.013016854304688517
11	0.010001082723801616
12	0.007997083711527141
13	0.006447187211655269
14	0.0049832948601163385
15	0.004033728222933818
16	0.003111892385592902
17	0.002509153116399666
18	0.0019795756539202508
19	0.001539576162999675
20	0.001249234343967887
