-20	74.98578145508552
-19	59.536245231506534
-18	47.64290485205509
-17	37.60473862759079
-16	30.009020932813694
-15	24.041009995286434
-14	19.345654467228506
-13	15.511819456024261
-12	12.485912633121613
-11	10.17268498861787
-10	8.309172771971127
-9	6.879114286739553
-8	5.712175359402517
-7	4.808354087385071
-6	4.09904617783046
-5	3.555799976456677
-4	3.099283686969637
-3	2.766062607094647
-2	2.5028358782414895
-1	2.282979709982614
0	2.1521891240201154
1	2.012712038350227
2	1.9054585063963452
3	1.8621118069827214
4	1.8123781964061454
5	1.7910117409385224
6	1.7831469447262847
7	1.8260690910675297
8	1.8555053330184754
9	1.9228737748090772
10	1.9617949404308452
11	1.98751008138936
12	1.9921657386836675
13	1.984464085021434
14	1.9688453613738992
15	1.9323739494861245
16	1.8606039450594152
17	1.7383392872728327
18	1.5718049996956807
19	1.4152498168703047
20	1.252295209630756
