-20	28.197294913426195
-19	21.655990064884122
-18	16.584155585804965
-17	12.62128409811903
-16	9.560438780246711
-15	7.217931359815519
-14	5.385660870233603
-13	4.008093355298815
-12	2.9413430078682055
-11	2.1458038758247238
-10	1.5453077423397088
-9	1.095164772652796
-8	0.76651361348672
-7	0.5251288376331992
-6	0.3535082878185358
-5	0.23094911950473612
-4	0.14743577540923783
-3	0.09035513483345053
-2	0.053643518012684556
-1	0.03023679867446733
0	0.01611002546351018
1	0.008084105072750907
2	0.003732248485369778
3	0.0016565881250840497
4	7.063725561154468e-4
5	3.076526426742574e-4
6	1.6062970783660798e-4
7	1.0535814302224043e-4
8	7.748124174848367e-5
9	6.304240295034378e-5
10	5.0296811745765204e-5
11	3.911552127425525e-5
12	3.159598941722775e-5
13	2.520594789235714e-5
14	1.939449143037474e-5
15	1.520333555452637e-5
16	1.1931433669700939e-5
17	1.016452476578426e-5
18	7.774246716150102e-6
19	6.319110615996022e-6
20	4.723035426487424e-6
