-20	2.0677853980787777
-19	1.972318376058634
-18	1.859795723437856
-17	1.72344770110285
-16	1.5594928232485366
-15	1.354569324757485
-14	1.165338427446871
-13	1.0712017974800527
-12	0.8783535823413952
-11	0.7316554633128141
-10	0.6399087086227687
-9	0.5044248987477543
-8	0.40459253525755784
-7	0.3239040319965844
-6	0.25217866150717877
-5	0.20081622032700647
-4	0.14836747783780896
-3	0.10155800266936212
-2	0.0593504992146164
-1	0.03265741747498502
0	0.013597586976114585
1	0.007355178801561713
2	0.003891608608663768
3	0.0020510742192513315
4	0.001136172569862118
5	6.788781976636662e-4
6	4.069523643124998e-4
7	2.671293139644066e-4
8	1.898612163636615e-4
9	1.3608266840669923e-4
10	1.0050079996042191e-4
11	7.869100151556606e-5
12	6.0157065034812185e-5
13	4.786673528657913e-5
14	3.866582391207604e-5
15	3.1407601813761923e-5
16	2.4477612070335173e-5
17	1.9391322461781755e-5
18	1.4976504612985808e-5
19	1.2678097353730639e-5
20	9.719059235213183e-6
