-20	1.6420713774836513
-19	1.4251813472635448
-18	1.2751867373589467
-17	1.1612813671594826
-16	0.961361469330131
-15	0.7985636863778106
-14	0.6474679571721761
-13	0.5113818339472009
-12	0.37765177289923374
-11	0.31214348086109744
-10	0.247212470476911
-9	0.18507432744521934
-8	0.1521816192395377
-7	0.11727060970339653
-6	0.10028060486535421
-5	0.08305452747927924
-4	0.0676614445248589
-3	0.05878389409988539
-2	0.05056072623649548
-1	0.043771451584059276
0	0.038202986606621546
1	0.03382385029627871
2	0.02923644881290535
3	0.022344084689133435
4	0.01676328340369317
5	0.010122969433317464
6	0.005085525513067752
7	0.0021424169704452023
8	9.217728405657821e-4
9	4.082229015789605e-4
10	1.8767019247169895e-4
11	9.585268689629031e-5
12	5.5491006524533614e-5
13	3.401487102913659e-5
14	2.4198286259661362e-5
15	1.6314004700911996e-5
16	1.24771707892753e-5
17	1.034711365102481e-5
18	7.854590736464294e-6
19	5.9945122147937025e-6
20	5.0945814067835444e-6
