-20	3.436875467326812
-19	2.5972319843347913
-18	2.0347361543432902
-17	1.5157046111103534
-16	1.185726781334717
-15	0.904579707018945
-14	0.6863381302331533
-13	0.5419756317063283
-12	0.43003081416599015
-11	0.34870086907565384
-10	0.2824587810354853
-9	0.22439557454113687
-8	0.1855137557664518
-7	0.14874653060246376
-6	0.11633433311761865
-5	0.09781061168112523
-4	0.07695609750583103
-3	0.060978438929329096
-2	0.04847785670041185
-1	0.038189038622079834
0	0.030817268187888328
1	0.024746178075107615
2	0.0200560076818509
3	0.01578184436269692
4	0.0126018448822136
5	0.00985759184791475
6	0.00783402399207546
7	0.006199020898065141
8	0.0048372993164917
9	0.003923563494448526
10	0.003159167472649631
11	0.0024843997402242924
12	0.0019748639724099003
13	0.0015723313810199627
14	0.0012265449400434595
15	9.746438829006282e-4
16	7.749596056978936e-4
17	6.317773392266829e-4
18	5.000608757012343e-4
19	3.9460054929680075e-4
20	3.1316899637594216e-4
