-20	0.20680058794508946
-19	0.2092012525791005
-18	0.20682359396331484
-17	0.20451895895744032
-16	0.20687806716837082
-15	0.20299961360282037
-14	0.20938157197176951
-13	0.20142378391979374
-12	0.20521967300326227
-11	0.19798675308350067
-10	0.19986620686562676
-9	0.18956339027695646
-8	0.18027463558297877
-7	0.16912607856689166
-6	0.1406249710848866
-5	0.11414420841730887
-4	0.07919072488507625
-3	0.04544682207589384
-2	0.02078698664305627
-1	0.008995769658897904
0	0.004026721733948707
1	0.0019605901246321864
2	9.945592862628447e-4
3	5.306665575038924e-4
4	2.9532971956245226e-4
5	1.6566882290213982e-4
6	1.0329081719836235e-4
7	6.838570719379716e-5
8	4.433639469377135e-5
9	3.438499285177362e-5
10	2.5855572502148233e-5
11	1.9379850864362422e-5
12	1.5673411236351416e-5
13	1.2003797739401613e-5
14	9.856403982669727e-6
15	7.638983410951757e-6
16	5.98372534791177e-6
17	4.8024810172237084e-6
18	3.913779401823615e-6
19	3.0272193683138447e-6
20	2.4611813046520927e-6
