-20	0.26665834818008843
-19	0.20404294386503793
-18	0.14190804869277973
-17	0.11144347865825198
-16	0.08422891116544357
-15	0.06394222228885373
-14	0.05045678506874021
-13	0.04051163377013294
-12	0.03283912945543873
-11	0.025584822981998333
-10	0.020099390604538334
-9	0.015230958300837967
-8	0.012667645481748974
-7	0.009685830291781635
-6	0.00783337980533152
-5	0.006266801148651722
-4	0.004925603011004755
-3	0.003790745203058854
-2	0.0030372972780847297
-1	0.0024756528640190933
0	0.0019588649501137622
1	0.0015498526229932555
2	0.001224352977731292
3	9.490137181613942e-4
4	7.706531572000043e-4
5	6.279809385935403e-4
6	4.96860956464733e-4
7	3.8904811316620776e-4
8	3.154210551633979e-4
9	2.5210462928180306e-4
10	2.009394213627568e-4
11	1.5372593996045667e-4
12	1.233029636989034e-4
13	1.0365655684699977e-4
14	7.758607674991855e-5
15	6.0685780795329846e-5
16	4.845924943373121e-5
17	3.8949963311175555e-5
18	3.068938878105065e-5
19	2.4543863629194396e-5
20	1.9966326177428303e-5
