-20	0.5914914690730322
-19	0.47394799913424907
-18	0.3588412591638262
-17	0.2719928326028404
-16	0.2017289647554526
-15	0.14550932610968478
-14	0.11243935997867228
-13	0.0885986634330407
-12	0.06583683414731997
-11	0.05114708258214153
-10	0.041014333518691624
-9	0.03185908620307231
-8	0.02495659408732286
-7	0.019872367886083143
-6	0.01562473995718688
-5	0.012814711400927806
-4	0.009829540335654145
-3	0.00758504703581347
-2	0.006199682879869938
-1	0.004735954897386447
0	0.0038320633086702215
1	0.00315420710471003
2	0.0024642927050018888
3	0.001980106062541961
4	0.0015973356946836078
5	0.0012518064148008994
6	0.001018143168846247
7	7.511928404444571e-4
8	6.023178983359748e-4
9	4.889995946104265e-4
10	3.9343313077282497e-4
11	3.1137866875448935e-4
12	2.4655431250264844e-4
13	1.9087428467019345e-4
14	1.581315495054643e-4
15	1.2867382050157192e-4
16	1.0108113095207024e-4
17	7.946629818330738e-5
18	6.0823241456021224e-5
19	5.083408436414217e-5
20	3.918010759459728e-5
