-20	16.36259046092424
-19	12.310283491738373
-18	9.220254350519259
-17	6.8104113257107
-16	4.984230509562432
-15	3.6121031843783253
-14	2.5914293555597525
-13	1.8329006411283582
-12	1.2915717039637538
-11	0.8901084592867954
-10	0.6081712992439174
-9	0.4029162733106568
-8	0.26462565968018636
-7	0.17082681897597388
-6	0.10529653568673862
-5	0.06356976901698268
-4	0.03713321647349256
-3	0.020984399247791875
-2	0.011518917664443983
-1	0.006371976340689914
0	0.003603365514936553
1	0.0021544631755539886
2	0.001429805248040687
3	0.0010222768998300199
4	8.151956862731237e-4
5	6.068609359106979e-4
6	4.885605081513804e-4
7	3.930395276111647e-4
8	3.199333747744783e-4
9	2.4456955574956305e-4
10	2.0057856866431085e-4
11	1.532861052283938e-4
12	1.2045425929349829e-4
13	9.664864053824103e-5
14	7.689536673674563e-5
15	6.162979998125194e-5
16	4.8781271758448934e-5
17	3.874609920779349e-5
18	3.110556409373722e-5
19	2.5032153663370443e-5
20	1.9173049473448187e-5
