-20	0.7944007430771665
-19	0.7791948517142522
-18	0.7734716790119305
-17	0.7705808525461828
-16	0.7424948235549327
-15	0.7302285089251513
-14	0.676639728634548
-13	0.6842391769878655
-12	0.6302080934855058
-11	0.6048686992264068
-10	0.5443141385256314
-9	0.4981022643861025
-8	0.4125140497621659
-7	0.3627726286895337
-6	0.28431966659497265
-5	0.20574876365876135
-4	0.1454359735495103
-3	0.09170103289763548
-2	0.05898353820251158
-1	0.036299479757242716
0	0.02421887701061692
1	0.016757826506423497
2	0.011911470558476276
3	0.008710257737311846
4	0.006646969763908035
5	0.005258024031924724
6	0.003964280310131489
7	0.0030342913953213045
8	0.0025411936738650954
9	0.0019080454720194042
10	0.0016015548230266302
11	0.0012466200784855318
12	9.805596262264834e-4
13	8.087043486316574e-4
14	6.085259890773849e-4
15	4.994616276902555e-4
16	3.9466549908557093e-4
17	3.123555037134148e-4
18	2.4993121323509874e-4
19	2.0072033681937818e-4
20	1.578077473393244e-4
