-20	73.37044670915051
-19	58.39234753343016
-18	46.509842277296386
-17	37.029430198706606
-16	29.590727590332634
-15	23.722592949301944
-14	19.00596251867639
-13	15.308635205677419
-12	12.368167837530052
-11	10.043627852151973
-10	8.207182073197835
-9	6.795318471882676
-8	5.670473315056006
-7	4.7527359089622765
-6	4.068067903858645
-5	3.501069663708563
-4	3.0814428961270117
-3	2.7547951846319862
-2	2.4951198825259895
-1	2.287181340075965
0	2.1386147309150654
1	2.032366095612701
2	1.9649821059440582
3	1.948210503253146
4	1.9780201685530552
5	2.0450357265413195
6	2.0742775870007497
7	2.0534931975174655
8	2.0345057989530555
9	2.0215947804414953
10	2.0119725558697903
11	2.00614376820028
12	2.0032042217299386
13	2.0012273393335422
14	2.0004036182853104
15	2.0001739280091324
16	2.000056373971746
17	2.000089023737314
18	2.000029557709676
19	1.9999692314321347
20	1.9999649334504692
