-20	1.0913578470745546
-19	0.9154247684152047
-18	0.739505092065043
-17	0.5665654494700638
-16	0.4340397628683003
-15	0.29996248759546024
-14	0.19542773943024194
-13	0.12666378624652683
-12	0.07961494838533131
-11	0.051555131567006265
-10	0.03229326029440884
-9	0.021236040896822628
-8	0.013873311332473406
-7	0.009101957799704382
-6	0.006390457033482205
-5	0.00421518139359651
-4	0.002862975974388006
-3	0.0019536072003587196
-2	0.0013572585380450368
-1	9.565966685311676e-4
0	6.686395593767607e-4
1	4.8256491248505176e-4
2	3.7732795282084696e-4
3	2.745612014679335e-4
4	2.0843906670343083e-4
5	1.6373999288331665e-4
6	1.2721816107444796e-4
7	1.0126250899702836e-4
8	7.760681032467162e-5
9	6.274221058633456e-5
10	5.024914051840449e-5
11	3.94246814268006e-5
12	3.140150903807133e-5
13	2.5239390934545224e-5
14	1.9817527415919373e-5
15	1.5675328258299304e-5
16	1.2599435647520871e-5
17	9.793430940433245e-6
18	7.844001897541631e-6
19	6.1939195328490694e-6
20	4.941623607027499e-6
