-20	45.29998031672755
-19	34.87777671441475
-18	26.71121069549293
-17	20.3287804191441
-16	15.422394380943192
-15	11.630662856008211
-14	8.666601637212336
-13	6.444530721213283
-12	4.750391095807865
-11	3.4465472214050465
-10	2.483027153598547
-9	1.7655643423362763
-8	1.231478142185426
-7	0.8468552582231443
-6	0.5684152176712489
-5	0.37214940497668847
-4	0.23769185961229122
-3	0.1468095663574492
-2	0.08658928766859954
-1	0.048959761808349954
0	0.026528305683542898
1	0.013689631865915002
2	0.006467500094425081
3	0.003153869507063228
4	0.00148082895886548
5	8.000938914071435e-4
6	5.282482316682263e-4
7	3.851161292793764e-4
8	3.080214236608979e-4
9	2.421830468657922e-4
10	2.0261756242112962e-4
11	1.539070261672773e-4
12	1.2521059877070473e-4
13	9.860301225764059e-5
14	7.57933405423888e-5
15	6.10530821066186e-5
16	5.129497567396486e-5
17	3.831614145231016e-5
18	3.099939929126635e-5
19	2.4470537899811062e-5
20	1.9466504234051234e-5
