-20	0.2021811403543213
-19	0.2041770023111808
-18	0.20391244850834692
-17	0.20581375402006652
-16	0.2057811739478555
-15	0.20773059641397632
-14	0.2057502074758155
-13	0.20365440474786511
-12	0.2057274586031857
-11	0.20275146528598945
-10	0.20264421318884648
-9	0.19899477368410215
-8	0.1943605435885614
-7	0.18825831364521692
-6	0.1813151277539793
-5	0.16993431114257523
-4	0.15151654676258314
-3	0.13105797176899986
-2	0.1016838094704601
-1	0.0722779169882063
0	0.03889874058371559
1	0.019053391259383677
2	0.009201408062206186
3	0.004574996412410179
4	0.0024585695221625466
5	0.0014207205448020649
6	8.65702470530664e-4
7	5.267669480006762e-4
8	3.753758592792823e-4
9	2.683815763264792e-4
10	2.0112549548693793e-4
11	1.5515545462143688e-4
12	1.2513068697625698e-4
13	9.799552857897441e-5
14	8.021063177448809e-5
15	6.153410808293495e-5
16	4.879360014305755e-5
17	3.9152519400797404e-5
18	3.0931987692095916e-5
19	2.392916210388651e-5
20	1.948980551501001e-5
