-20	7.117249405833044
-19	5.309578245554121
-18	3.9777998840418687
-17	2.918219603909202
-16	2.1415971905117814
-15	1.5594811367133425
-14	1.1276113707435562
-13	0.8093464551551262
-12	0.5743409821068494
-11	0.4001055641487608
-10	0.276861176588299
-9	0.18805058183675002
-8	0.12583915362163706
-7	0.08139235917050329
-6	0.05218686753332855
-5	0.03202114201004839
-4	0.019711928533726095
-3	0.011797100378125694
-2	0.007071474059654159
-1	0.004241922357206534
0	0.0027574237633916977
1	0.0018009822995330989
2	0.0012980215720005803
3	0.0010026374074573467
4	7.874029169291248e-4
5	6.244975107908703e-4
6	4.929533097731882e-4
7	3.918318242813275e-4
8	3.1118777315021625e-4
9	2.4729950853653014e-4
10	1.9224069383737798e-4
11	1.5771926563365414e-4
12	1.221023716955815e-4
13	9.812629844850052e-5
14	7.851900660717505e-5
15	6.0548222707672627e-5
16	4.9579243912831e-5
17	3.8837551087343905e-5
18	3.1220418552160076e-5
19	2.4418867209877272e-5
20	1.983969148507635e-5
