-20	0.9423156670555046
-19	0.7569727126106617
-18	0.5486569362187365
-17	0.42355864163226326
-16	0.2707781887877127
-15	0.20029006637879004
-14	0.11719726554557124
-13	0.07175242300214593
-12	0.04082269533610417
-11	0.026760825583342467
-10	0.017148598914626917
-9	0.011417810488152914
-8	0.007614217928631419
-7	0.004848184756380927
-6	0.0030966758655371733
-5	0.0022059999702930396
-4	0.0014640715855322502
-3	0.0010009126888102131
-2	6.815162472171465e-4
-1	4.693032700909918e-4
0	3.370044101708671e-4
1	2.5072308487559245e-4
2	1.7636687503812178e-4
3	1.320917838253935e-4
4	1.0388913886164004e-4
5	7.815083987601454e-5
6	6.113722649510233e-5
7	5.0088305734647044e-5
8	4.030331673093774e-5
9	3.0010918736325043e-5
10	2.50514665962349e-5
11	1.9899448893556902e-5
12	1.5560032281889083e-5
13	1.2630580553939513e-5
14	9.395288846018556e-6
15	7.693008774648514e-6
16	6.065136818222971e-6
17	4.901324402421129e-6
18	3.826826111008252e-6
19	3.0067051420719632e-6
20	2.4429760497368615e-6
