-20	60.94902649097616
-19	47.102570979476745
-18	36.38070241942544
-17	28.01617981706538
-16	21.514493221959683
-15	16.371551997254638
-14	12.476291283095481
-13	9.437655785058089
-12	7.106621036672864
-11	5.325246677806308
-10	3.969449639089965
-9	2.935966143282066
-8	2.1752727038635102
-7	1.6016830963999167
-6	1.1803007691646255
-5	0.8755877828274538
-4	0.6510937079134743
-3	0.4955185041449405
-2	0.3810112181781266
-1	0.3087178378247691
0	0.25075877513992345
1	0.2158888420404125
2	0.191824748876775
3	0.17689710462659575
4	0.16230645659246468
5	0.1528326242888898
6	0.14049225693314657
7	0.12512280265944303
8	0.09654551286623166
9	0.06466010340498905
10	0.03800955240380064
11	0.019559377793471923
12	0.02192827429420431
13	0.036895470523663695
14	0.07784662939739537
15	0.13613371420113313
16	0.19358217668155442
17	0.2347876445523888
18	0.25416290683256826
19	0.25418257544367434
20	0.24868536996084153
