-20	2.634451719910554
-19	2.5158013317736594
-18	2.482764189743147
-17	2.371545949142937
-16	2.2662052168095177
-15	2.16765037094935
-14	1.9804039710761787
-13	1.9423737741548386
-12	1.7747089291566918
-11	1.64070636649758
-10	1.5208197570512259
-9	1.3478277203195403
-8	1.1497593396820929
-7	1.0481780904710152
-6	0.8776590243091412
-5	0.6891917126308297
-4	0.5799750950484907
-3	0.4721910140581956
-2	0.3504167275914614
-1	0.2772609911822467
0	0.20567074365333354
1	0.14168946896864135
2	0.09195953370844916
3	0.04813652909849858
4	0.024773481017931816
5	0.013438257498361575
6	0.006828810224698527
7	0.004375743297119842
8	0.003016355025459517
9	0.0021398085814599973
10	0.001630901610663425
11	0.0012664829557027047
12	9.567216564704751e-4
13	7.703712050373932e-4
14	6.447939035344873e-4
15	4.948580054777499e-4
16	3.893092377513123e-4
17	3.039848651792578e-4
18	2.4654712681040805e-4
19	1.9432335124246322e-4
20	1.6161586574245265e-4
