-20	24.377953032288616
-19	18.486851701088735
-18	13.92734310572563
-17	10.39302675926413
-16	7.714021126694177
-15	5.66061299889775
-14	4.116295760335904
-13	2.9405917240668455
-12	2.074369926128554
-11	1.4472723335083906
-10	0.9801943501625267
-9	0.658986969902944
-8	0.4272380386999092
-7	0.2713918196566195
-6	0.1676002048661019
-5	0.09851507408338
-4	0.056994848836090635
-3	0.031025317701107138
-2	0.016447052222620103
-1	0.008183462832718681
0	0.004286599860466114
1	0.0022730623715205515
2	0.0013577651112385782
3	0.001009564595705641
4	7.631396236936311e-4
5	6.212498509136011e-4
6	4.882898379960317e-4
7	3.867703797951179e-4
8	3.142352819364168e-4
9	2.475982963816516e-4
10	2.0157734623310706e-4
11	1.546048425377068e-4
12	1.2338572859722305e-4
13	9.543497759749862e-5
14	7.647227128100117e-5
15	6.0341001115512424e-5
16	4.944596794991834e-5
17	3.8230409624279264e-5
18	3.09230768137278e-5
19	2.4494959736349827e-5
20	1.974114408747223e-5
