-20	6.167943376240884
-19	4.614073401004995
-18	3.548563130330269
-17	2.6337016796497554
-16	1.997840395280227
-15	1.5409312898094063
-14	1.157497792290785
-13	0.8837415296849053
-12	0.6966125420989103
-11	0.552767246146251
-10	0.4333436174952949
-9	0.34882702904124463
-8	0.2802491080529093
-7	0.2246009569169787
-6	0.18531047358518318
-5	0.1516479708993967
-4	0.12094796112743106
-3	0.09752879226328354
-2	0.07825367648640912
-1	0.06078057586366092
0	0.05013268911017758
1	0.03931661604596471
2	0.030947400827195007
3	0.024974587217863966
4	0.01966373799131196
5	0.0156024044652528
6	0.012701592031667116
7	0.009897797529343718
8	0.007916764434689133
9	0.006202914900187531
10	0.004958529022710045
11	0.003945616810849269
12	0.0031803658857605696
13	0.0025155595270720107
14	0.0019829656038070818
15	0.001536799232417848
16	0.0012454174102459151
17	9.93906044554013e-4
18	7.803192884328099e-4
19	6.287432865610792e-4
20	4.954129770001608e-4
