-20	0.048938043137015774
-19	0.04000736051484833
-18	0.03127732119310814
-17	0.024426060065855022
-16	0.019354983437906325
-15	0.015040282265410156
-14	0.01203329883351207
-13	0.009693431295347398
-12	0.007692240550063891
-11	0.0061554105245115115
-10	0.004702279731543079
-9	0.0037833772014679865
-8	0.003012602074584644
-7	0.0024269821455614195
-6	0.0019975805547676464
-5	0.0015596713702389325
-4	0.0012473959746397171
-3	9.69445116637155e-4
-2	7.713085612540288e-4
-1	6.190557766824463e-4
0	4.885809341141221e-4
1	3.8015901761064843e-4
2	3.053335014463841e-4
3	2.4312579325861864e-4
4	1.9265759698084922e-4
5	1.5761704027432747e-4
6	1.1968284756948482e-4
7	9.977090206834793e-5
8	7.829389149195288e-5
9	6.258235128610133e-5
10	4.907338772882285e-5
11	4.017268840167613e-5
12	3.150606298560769e-5
13	2.4219126993388864e-5
14	1.93297158394741e-5
15	1.5267177979372276e-5
16	1.2163862294072834e-5
17	9.787264239937202e-6
18	7.809523511016143e-6
19	6.21121272764694e-6
20	4.98004205890112e-6
