-20	1.572449133486746
-19	1.3997937804092904
-18	1.2445870166534416
-17	1.0596062715060306
-16	0.8952111936093101
-15	0.7629720041557968
-14	0.6217792621426009
-13	0.46545403198418556
-12	0.3735465580286625
-11	0.2791492672514017
-10	0.21041847006798833
-9	0.15182435796570398
-8	0.1183113105622165
-7	0.09037940633102245
-6	0.06765453682302933
-5	0.048738616381131465
-4	0.04041582432595311
-3	0.03356134142642005
-2	0.025961512067575247
-1	0.020268947331284523
0	0.015994605410333172
1	0.012403659976663504
2	0.009694394901880614
3	0.007878672073812222
4	0.006241827440498479
5	0.004942883736698701
6	0.004002299068472318
7	0.0030572494879339473
8	0.002542877542211514
9	0.001957041540449561
10	0.0016121801466742315
11	0.0012607542788330654
12	9.963219338360427e-4
13	7.766809499874862e-4
14	6.23350819107946e-4
15	4.933500860142362e-4
16	3.947802425714102e-4
17	3.0096966139166355e-4
18	2.483320890123158e-4
19	1.9273931148285265e-4
20	1.5939018198472346e-4
