-20	3.5609104682749044
-19	2.655514897407363
-18	1.959562073435703
-17	1.4483224590089354
-16	1.1135722936113797
-15	0.8998712098711814
-14	0.6719869413275376
-13	0.5453665535136019
-12	0.43019849229158463
-11	0.3620662245566213
-10	0.27616047739801014
-9	0.22133901572542267
-8	0.18761907328845642
-7	0.14561042343186756
-6	0.11776824327728382
-5	0.09559729211402512
-4	0.07533368202533937
-3	0.06166808222529589
-2	0.04939433933972842
-1	0.03917354728651141
0	0.03087983226292493
1	0.02459963062755038
2	0.01946048230626044
3	0.015381867398941495
4	0.012205833673863485
5	0.009833899880213126
6	0.0078236751690183
7	0.006224268746198178
8	0.00500446326136042
9	0.003963013087914501
10	0.0031173567921719647
11	0.0024360117600251727
12	0.001862938145526116
13	0.0015903442780954094
14	0.0012241702508092533
15	9.707104111080692e-4
16	7.268473865947076e-4
17	6.245499911783498e-4
18	5.007203699619051e-4
19	3.989795009436846e-4
20	3.1859418658874923e-4
