-20	0.00472402533146772
-19	0.003646533768727344
-18	0.0029193528900860613
-17	0.0024363987445716224
-16	0.0019883445324378234
-15	0.001512866890788235
-14	0.0012598015426099724
-13	9.374870694173777e-4
-12	8.087493790673471e-4
-11	6.327655746095575e-4
-10	5.081376368362643e-4
-9	4.287708913756499e-4
-8	3.2887906763594873e-4
-7	2.6302536073677174e-4
-6	2.1825145271552718e-4
-5	1.80307528155346e-4
-4	1.5404548511409178e-4
-3	1.2868228052769387e-4
-2	1.0905851429202899e-4
-1	9.076795497798537e-5
0	7.632564692730823e-5
1	6.747024989483326e-5
2	5.631153288985342e-5
3	4.790079629706727e-5
4	4.008571109715532e-5
5	3.526689790666972e-5
6	2.7992361571408263e-5
7	2.3782206952346428e-5
8	1.8882180952738457e-5
9	1.5264551040395075e-5
10	1.1761079500503589e-5
11	9.403106391497201e-6
12	7.861703589853491e-6
13	6.248962448209828e-6
14	4.8518483771532515e-6
15	3.8265765746861025e-6
16	2.959843086425126e-6
17	2.37653232057412e-6
18	1.9436670928985908e-6
19	1.5631887386083873e-6
20	1.2155483972504926e-6
