-20	2.5812088887452878
-19	2.5111720858224884
-18	2.4505266880926997
-17	2.360348779467519
-16	2.235980921354439
-15	2.1235921876353
-14	2.0631111295572433
-13	1.81041826818628
-12	1.7390533489290665
-11	1.591898088925755
-10	1.4251731053789176
-9	1.3053148048553167
-8	1.0654577770832414
-7	0.9237506647298049
-6	0.7443301916743625
-5	0.6128377686951034
-4	0.4918901707273744
-3	0.41348831753603954
-2	0.29787969684907045
-1	0.23413418066568725
0	0.17192331830375465
1	0.13511396915335303
2	0.10686454710535424
3	0.08116497527929423
4	0.06585705148121007
5	0.0531359597774085
6	0.042707494893960786
7	0.03532334788322612
8	0.025933611097536367
9	0.017206645261231907
10	0.010719687348685817
11	0.006380531964811541
12	0.00376385126849501
13	0.00229547469014481
14	0.0014935788701349135
15	0.0010570613506453018
16	7.85037486411872e-4
17	6.140614941229277e-4
18	5.012462045769293e-4
19	3.982047714439709e-4
20	3.1142640473113805e-4
