-20	0.05130569678292219
-19	0.051532965671675354
-18	0.05114816883012556
-17	0.050806292108654096
-16	0.05173579746320496
-15	0.05153308685453761
-14	0.05104613163680606
-13	0.05157276414648196
-12	0.05130140564770241
-11	0.05208748896092657
-10	0.05184820284102307
-9	0.05118179375454143
-8	0.051868058926854074
-7	0.051769482295854416
-6	0.051237851476007526
-5	0.05124266673531905
-4	0.0511191454735836
-3	0.05129768089582924
-2	0.051482046929882015
-1	0.0514415727812996
0	0.051356967364877486
1	0.051866782607353654
2	0.05082094131315502
3	0.049806429600048226
4	0.049933872017252086
5	0.04898286906157703
6	0.04650153690243263
7	0.04139242519235101
8	0.03590880998489123
9	0.029545491707803295
10	0.02152421696977756
11	0.013705352142683305
12	0.008402052428307426
13	0.00478748622350261
14	0.0027786022823085583
15	0.0019102785281247395
16	0.0013320304885646153
17	0.001003188323524547
18	7.977220460850954e-4
19	6.284242894810134e-4
20	4.886907111322465e-4
