-20	12.67850941386845
-19	9.58574566107648
-18	7.216558933450606
-17	5.3952613048265015
-16	4.003350100678626
-15	2.944029016161564
-14	2.1440245505361197
-13	1.5390217344249513
-12	1.0916870905882645
-11	0.7613966991177981
-10	0.5233319387192643
-9	0.35271897852213974
-8	0.22991911804331816
-7	0.14637977417172596
-6	0.08996277375992112
-5	0.0529124519005469
-4	0.02989124157324534
-3	0.01581496332252721
-2	0.00789501013776511
-1	0.00367753945102088
0	0.0016552760097046655
1	6.910649740048138e-4
2	3.120138285736215e-4
3	1.585493845780598e-4
4	1.0110946591992053e-4
5	7.745455791180217e-5
6	6.258980183254519e-5
7	4.903699272162438e-5
8	3.906215729310627e-5
9	3.0173324528457175e-5
10	2.3950628832304024e-5
11	1.980785743535146e-5
12	1.5105755926520051e-5
13	1.2034618837539215e-5
14	9.446624602359923e-6
15	7.903934981780641e-6
16	6.103340507373674e-6
17	4.909583293090792e-6
18	3.8561767914912865e-6
19	3.0766436146833925e-6
20	2.316475594488456e-6
