-20	56.04138291822602
-19	43.55206766598306
-18	33.55051983625311
-17	25.946725978283478
-16	19.88342419962459
-15	15.027065599133886
-14	11.401691000358388
-13	8.491553592447517
-12	6.3028248668718785
-11	4.650887876849169
-10	3.367223947596571
-9	2.427371161381261
-8	1.7296752050273538
-7	1.2221660680255624
-6	0.8385551053610303
-5	0.5652559623274447
-4	0.3606973706702621
-3	0.21897230889421576
-2	0.122432539581591
-1	0.06598211161559339
0	0.034124749066635346
1	0.016899236869615863
2	0.008051537599418086
3	0.0036461774268741207
4	0.0016261859051889757
5	7.54769406798743e-4
6	3.9253226813130987e-4
7	2.457074311811161e-4
8	1.7165613118881124e-4
9	1.2789211251161225e-4
10	1.0134627111747385e-4
11	7.810778620485968e-5
12	6.195388910588643e-5
13	4.993759629961394e-5
14	3.8275100889975514e-5
15	3.13888512234282e-5
16	2.445636495547352e-5
17	1.9442244194228018e-5
18	1.5939386281685693e-5
19	1.2344812341226215e-5
20	9.764765114383098e-6
