-20	16.994649069170766
-19	13.41030453035291
-18	10.435677625237426
-17	8.095439710300846
-16	6.361506349836772
-15	4.855204913181241
-14	3.6565859909741403
-13	2.7798057120468918
-12	2.0848600017411356
-11	1.4754789827263153
-10	1.1178747543293424
-9	0.7719020475210183
-8	0.5687153164385671
-7	0.3918620331070495
-6	0.259037479115446
-5	0.1733285121952228
-4	0.12518036913734398
-3	0.0863309107456925
-2	0.06166731788811026
-1	0.04517287596642487
0	0.0340580426975532
1	0.0255890751178347
2	0.01990881882205427
3	0.015771569778366645
4	0.012532345123505562
5	0.010080455404741038
6	0.007867328993482197
7	0.006106641501190468
8	0.004964169814476408
9	0.00388832147634404
10	0.0031040650559636227
11	0.002499347492889485
12	0.0019787147481498814
13	0.0015831773929310905
14	0.0012312951597975195
15	9.761609818875719e-4
16	7.861100160918918e-4
17	6.210627469337041e-4
18	4.931949822469841e-4
19	3.960557196509663e-4
20	3.224590088911845e-4
