-20	2.461823333276948
-19	2.361849234861021
-18	2.266990842365881
-17	2.145067672661861
-16	1.9919548240950429
-15	1.9149419289787515
-14	1.7405271633754804
-13	1.5565904701515592
-12	1.4449531743062725
-11	1.262290574741872
-10	1.0578557790617846
-9	0.9101722373308967
-8	0.7067017985342127
-7	0.5430056150322669
-6	0.4232253181780737
-5	0.29910169843510453
-4	0.20548678443534504
-3	0.1287119903440065
-2	0.08774770242511439
-1	0.06095893168834034
0	0.04431888379915986
1	0.031546429902053356
2	0.02303028624312862
3	0.017233479107679146
4	0.013036378376987161
5	0.009746198295129582
6	0.007671406951405204
7	0.006180309206592808
8	0.005010234183559019
9	0.0038823025774550857
10	0.0032075255033068885
11	0.002529041441625291
12	0.0019847918158284665
13	0.0015853833420037687
14	0.0012449168593457651
15	9.686483508998368e-4
16	7.553340017006648e-4
17	6.211376498272389e-4
18	4.937312924560137e-4
19	3.875511594703188e-4
20	3.1265907189853207e-4
