-20	2.584278468716147
-19	2.5331781310495547
-18	2.457403807039682
-17	2.3816305472968327
-16	2.321872495544618
-15	2.1952538154675234
-14	2.0877023993226635
-13	1.946727572391937
-12	1.8395501344376979
-11	1.724726568808321
-10	1.5132391862161279
-9	1.368944932692603
-8	1.201053605913718
-7	1.042247397111418
-6	0.8602904530572661
-5	0.7510600576925246
-4	0.6013919396594891
-3	0.46867764146365537
-2	0.36121492319052156
-1	0.256397233256792
0	0.2016426826977389
1	0.12452504878462392
2	0.06537589254267843
3	0.038968927994039566
4	0.016737703526854057
5	0.006507325932380105
6	0.0037820627711899215
7	0.0021288022235048812
8	0.0014960000859033336
9	0.0010727096604541777
10	8.229325840229029e-4
11	6.253300785302128e-4
12	4.90259955818066e-4
13	3.987558283132746e-4
14	3.014086329305307e-4
15	2.419814901538513e-4
16	1.958350202682915e-4
17	1.6123083865824566e-4
18	1.258508409152249e-4
19	1.0046248261433494e-4
20	7.84899887654081e-5
