-20	2.958858205977098
-19	2.844559194956433
-18	2.907284384732814
-17	2.823559509923591
-16	2.765188125630894
-15	2.745203410111962
-14	2.6456081696497358
-13	2.514634203698789
-12	2.435439933621443
-11	2.384283130616496
-10	2.317078249320775
-9	2.187155778495606
-8	2.0156980148784367
-7	1.942803997407362
-6	1.7479778790612832
-5	1.6276981339800287
-4	1.4282958626896012
-3	1.3449367755683626
-2	1.1942492271439071
-1	1.0249266414792864
0	0.8649176163358685
1	0.6691159154290485
2	0.570381540681974
3	0.44557686346712516
4	0.31621029915246013
5	0.23991216294837645
6	0.16647949100367884
7	0.10856085630557841
8	0.0693567000183005
9	0.039123426031132454
10	0.020596538428156716
11	0.014645902687944096
12	0.008594701379183228
13	0.006937682720458958
14	0.0050640811775410416
15	0.004003579609870108
16	0.0031145945509007665
17	0.0025420181382637694
18	0.0020081969015195876
19	0.001524824590620383
20	0.0013009767035078166
