-20	33.02349480240744
-19	26.116701444472593
-18	20.485042518440455
-17	15.99354816839229
-16	12.489654679879333
-15	9.689633149841544
-14	7.494612140692009
-13	5.721817289076792
-12	4.368841560780896
-11	3.250581988792784
-10	2.429553135255815
-9	1.7717301179303293
-8	1.2687259154994648
-7	0.9193298903722514
-6	0.6368777595674776
-5	0.43652928203854535
-4	0.2933349731323378
-3	0.1966672612852779
-2	0.12680964502890232
-1	0.08191921837380722
0	0.05420534151852406
1	0.035344409723653145
2	0.024303661067155684
3	0.017538698244507545
4	0.013003570378810591
5	0.009917543063025044
6	0.007831166147127097
7	0.006341942586275504
8	0.0049386639995206835
9	0.004029651063810234
10	0.003168235148272824
11	0.0024795983052163214
12	0.001993466599135543
13	0.001535455163280262
14	0.0012316945987302036
15	9.870423687070528e-4
16	7.941150614773597e-4
17	6.372607052120138e-4
18	4.915747506676568e-4
19	3.968171903712152e-4
20	3.0652870692848995e-4
