-20	0.20742805788816362
-19	0.20486074193542578
-18	0.20524420908923902
-17	0.20338697020429947
-16	0.20618930195426646
-15	0.20768827498193088
-14	0.2044713971607784
-13	0.20567760335867127
-12	0.20644175652849703
-11	0.2040587571852167
-10	0.20718508668531063
-9	0.20381118077206997
-8	0.20369850810917786
-7	0.20391010023634654
-6	0.200961770513145
-5	0.19505295318716045
-4	0.1930569433041945
-3	0.18661118389052375
-2	0.17794807921208244
-1	0.1606211826402763
0	0.149465149648753
1	0.1273727818931855
2	0.10326859390105485
3	0.07835369914449011
4	0.05102987809589247
5	0.0314499806536232
6	0.01803446497710755
7	0.010354308637868959
8	0.006519189099742037
9	0.004524835108972418
10	0.003196945323639839
11	0.002564696076839405
12	0.0019530749981984013
13	0.001608944944194183
14	0.001233817565962038
15	9.656858365404359e-4
16	7.822617516720573e-4
17	6.281201598143836e-4
18	4.933819640917858e-4
19	3.986066422004247e-4
20	3.0921461080775993e-4
