-20	0.012060332771847013
-19	0.009386607618288759
-18	0.007904546484667553
-17	0.006143646940181148
-16	0.004882446123414161
-15	0.003828331654091747
-14	0.0030350121603076445
-13	0.002464384664988868
-12	0.0019420604177333059
-11	0.0016023732061054541
-10	0.001212639572842911
-9	9.609277916308013e-4
-8	7.597900518255269e-4
-7	6.100081819702876e-4
-6	4.910738949782164e-4
-5	3.8538110853597786e-4
-4	3.1715031384961094e-4
-3	2.4003458618825215e-4
-2	1.9320528296662374e-4
-1	1.572217671371971e-4
0	1.2299979271536025e-4
1	9.628424692015811e-5
2	7.542582719869346e-5
3	6.053968945465695e-5
4	4.942928322976224e-5
5	3.719605890616419e-5
6	3.124597347311591e-5
7	2.36110274230205e-5
8	1.9892164272868554e-5
9	1.4600971966130034e-5
10	1.1939101159722104e-5
11	9.369200795788858e-6
12	7.690526168131429e-6
13	6.143910508006636e-6
14	4.899069850734019e-6
15	3.9307039825874256e-6
16	3.1713750950110498e-6
17	2.4497492001334956e-6
18	1.939243433357652e-6
19	1.5123280606138054e-6
20	1.1985160511093394e-6
