-20	0.8935552615921235
-19	0.8902081870606362
-18	0.8921062324809779
-17	0.888267302882293
-16	0.8841848103384305
-15	0.8822070707784473
-14	0.8799403513717325
-13	0.8734232889631989
-12	0.8667973789044232
-11	0.8609849770751915
-10	0.8482770804958439
-9	0.8340350669174242
-8	0.8139457165802695
-7	0.7903354797795602
-6	0.7586231942385322
-5	0.7181940053649938
-4	0.6695583874811569
-3	0.6074490124199565
-2	0.5461408894334036
-1	0.4737370456398126
0	0.39797256096810674
1	0.3227296957238322
2	0.2526485791676269
3	0.18905855288994125
4	0.13559953905901806
5	0.09283499459659471
6	0.06163420920530054
7	0.04033932321005332
8	0.025784502750973024
9	0.01640028398596341
10	0.010486053984852042
11	0.00668684173521367
12	0.004303441829880928
13	0.0027483860480758487
14	0.0017786681931305879
15	0.001166657532971984
16	7.56043246861612e-4
17	4.962358680946266e-4
18	3.287237276395193e-4
19	2.1964223951815467e-4
20	1.5127093252750043e-4
