-20	0.20365418349940856
-19	0.20423496515939663
-18	0.2053770117098696
-17	0.20518190075508574
-16	0.20700054077813249
-15	0.20666468119660367
-14	0.20302636088954648
-13	0.2066467111808841
-12	0.20515514878423238
-11	0.20635051429121903
-10	0.20173852800658554
-9	0.2039104316715206
-8	0.2034132335289613
-7	0.20321306228697264
-6	0.20385008284280992
-5	0.19531176166876976
-4	0.19816398489283338
-3	0.19578986372911014
-2	0.18841422184061507
-1	0.17903719677738575
0	0.16832888316115535
1	0.15241814682035373
2	0.12952586060009325
3	0.10517577102120242
4	0.0791868874330199
5	0.05393952277837983
6	0.03267221449859574
7	0.019899889650268815
8	0.012326977030147257
9	0.00804597001305088
10	0.005788011285337788
11	0.004263411887710277
12	0.0034229407944977495
13	0.0026140708956773956
14	0.0020208752344399172
15	0.0015906904815525095
16	0.0012656253429399538
17	0.0010074758586906879
18	7.978923650367471e-4
19	6.483877329552046e-4
20	4.909656764322121e-4
