-20	0.8932282009158005
-19	0.8931027652547032
-18	0.8917848321255935
-17	0.8918078721388926
-16	0.890286033515961
-15	0.8901503608801133
-14	0.8878792892205949
-13	0.8855280786189574
-12	0.8804335729120366
-11	0.8734028064258123
-10	0.8621935739920951
-9	0.8510486403530045
-8	0.8300113658429931
-7	0.8031520318033974
-6	0.7676688174453393
-5	0.7254355663214334
-4	0.6725320968281986
-3	0.6121090306178871
-2	0.5469565458751773
-1	0.47304483123957314
0	0.39730804925772206
1	0.32245951253019384
2	0.25130168355880284
3	0.18754602971274936
4	0.13338959579450504
5	0.09184184783664852
6	0.06054786184007304
7	0.03920265452138976
8	0.0249677667283967
9	0.01579277722869026
10	0.010003160892363415
11	0.006302487001518386
12	0.003980252269325575
13	0.002501625818098869
14	0.001584819570881495
15	9.992348592154957e-4
16	6.30009279804644e-4
17	3.9948838043913417e-4
18	2.5156144918953135e-4
19	1.5881094357071522e-4
20	1.0004354154167339e-4
