-20	0.9942847412151558
-19	0.9938536203094386
-18	0.9935561584585919
-17	0.9938897821596524
-16	0.9944840376578242
-15	0.9936036606676647
-14	0.9943640297394382
-13	0.9943475719302617
-12	0.9944637995056341
-11	0.9945025923635008
-10	0.9947038716436934
-9	0.9950451092324206
-8	0.9957146512071577
-7	0.9963692526697089
-6	0.9973622937571447
-5	0.9987259465801621
-4	0.9993896869727252
-3	1.0004230241279892
-2	1.0007263172512888
-1	1.0015519322696054
0	1.0034341765918224
1	1.0068840319112555
2	1.013761423373616
3	1.0260376145305923
4	1.0471233746147692
5	1.0801850003088311
6	1.1279285909593404
7	1.1906220526593387
8	1.2661239958136719
9	1.3495226527907591
10	1.4355754507449714
11	1.5185019654648702
12	1.5951124811724282
13	1.6636415301768586
14	1.722978073524277
15	1.773461985962185
16	1.8158645869793684
17	1.8511559684337064
18	1.88012031009805
19	1.9036874595855433
20	1.922722077938784
