-20	0.051018140127973545
-19	0.05135987779559289
-18	0.05107397666450678
-17	0.05170846147036839
-16	0.051480683657823
-15	0.05188497021660471
-14	0.05170888156179144
-13	0.051223166156904164
-12	0.05132810001509295
-11	0.05129101998598104
-10	0.05210590304394034
-9	0.05167896472587544
-8	0.05218929745495913
-7	0.051749219607562444
-6	0.050790140203439776
-5	0.05145835012758342
-4	0.051465350550574225
-3	0.050926216118895494
-2	0.05074677997196634
-1	0.05233108926868137
0	0.051510094028041076
1	0.051829066053475786
2	0.05092502010018984
3	0.050819244390500916
4	0.04982174944783452
5	0.048440173825018105
6	0.04643774667971118
7	0.042709780232649944
8	0.0357415785568536
9	0.02899203823562758
10	0.021278364284109633
11	0.013070085882153531
12	0.007989894773562902
13	0.004693726167124932
14	0.002800392557210837
15	0.001962733472394263
16	0.0014023488822605212
17	0.0010762485404104947
18	8.385037824411969e-4
19	6.28702464142763e-4
20	5.151827138163804e-4
