-20	0.6191309674836954
-19	0.619779422863099
-18	0.6177089423854423
-17	0.6185135835172231
-16	0.6168303818993448
-15	0.6157841912610619
-14	0.614525058628107
-13	0.617477985613918
-12	0.614717181722264
-11	0.6121035601322381
-10	0.6108432067424796
-9	0.6090154454325762
-8	0.6015225728043264
-7	0.5981616160834318
-6	0.5868366727761268
-5	0.5697176125956191
-4	0.5463280844756209
-3	0.5158627131994796
-2	0.4758289311948477
-1	0.42578239006424273
0	0.3683840640327873
1	0.3054570179993829
2	0.24515482271293604
3	0.181269720079647
4	0.13337581011309663
5	0.09196118738822094
6	0.05996971454069336
7	0.03978572887887758
8	0.025396302160041188
9	0.015851455447883883
10	0.010051865814487644
11	0.006270099070834747
12	0.004001404873348653
13	0.0024895416602511177
14	0.0015739493050568006
15	9.91076310783244e-4
16	6.312196965673065e-4
17	3.924553414593681e-4
18	2.488544244373281e-4
19	1.583684710982818e-4
20	9.93205206418283e-5
