-20	0.9127473222469445
-19	0.9114707872086759
-18	0.908915408636448
-17	0.9043265707266394
-16	0.9034457300410633
-15	0.8976701784880488
-14	0.891924509516151
-13	0.8924088326643798
-12	0.8837819237991127
-11	0.8773283356482576
-10	0.8630770106082789
-9	0.8449022752492404
-8	0.8229253302414125
-7	0.802872136732853
-6	0.7648214208617009
-5	0.7310922832850576
-4	0.6904620182497855
-3	0.6226155542063039
-2	0.5547948727416484
-1	0.4845669365781614
0	0.40600873317935543
1	0.3317487625103022
2	0.2580485661745906
3	0.19650298606191394
4	0.14324238085479798
5	0.10013441941711453
6	0.06730116221845128
7	0.04567331874325005
8	0.02980512008839795
9	0.019675092096320058
10	0.012965513232108341
11	0.008707873207219791
12	0.005918834700080518
13	0.004022010778999207
14	0.0028059840483468765
15	0.0019850226349910132
16	0.0014088538189880814
17	0.001027857861588763
18	7.356904847518674e-4
19	5.399576327392299e-4
20	4.02008144597138e-4
