-20	0.5332328816286053
-19	0.5354535880757051
-18	0.5346417865812947
-17	0.5391842659320871
-16	0.535932423809575
-15	0.5346830379218482
-14	0.5374170311130453
-13	0.5364244178650258
-12	0.5339644246123638
-11	0.5332117018586028
-10	0.5360810058337239
-9	0.5365214864015347
-8	0.5386481266890777
-7	0.5377305440482106
-6	0.532818697861104
-5	0.5342342018378058
-4	0.5341932455623293
-3	0.5376800210375973
-2	0.5357565435176205
-1	0.5322360920222816
0	0.5337179302297891
1	0.5244489882593338
2	0.5141646089255166
3	0.49511951186091485
4	0.4609478004804288
5	0.4114319013548129
6	0.34900525069239136
7	0.2831836387588355
8	0.21753138211880974
9	0.15750152719987268
10	0.10990597744111814
11	0.07662958770855245
12	0.05054844757956028
13	0.03357833931280101
14	0.022030032874918424
15	0.01432456278950821
16	0.009304364018025636
17	0.005923084965893461
18	0.003737255562060216
19	0.0024226648000110424
20	0.0015167978660768178
