-20	0.9825391057661736
-19	0.9824282012888671
-18	0.9828563749803294
-17	0.9839724262433572
-16	0.9832529878076879
-15	0.9824469229769686
-14	0.9831833918506269
-13	0.9826045985442972
-12	0.9830891316313891
-11	0.9835789392899839
-10	0.9836135952034157
-9	0.9844413514263523
-8	0.9837748266139944
-7	0.9850638877106994
-6	0.9864771202846179
-5	0.987548989910112
-4	0.989337744009923
-3	0.9929930651644486
-2	0.9966174892589579
-1	1.0011067756413623
0	1.0051564055609652
1	1.0102017083241956
2	1.0178127326633086
3	1.0300733691619934
4	1.0510361557596557
5	1.0833693434668277
6	1.1314260369822833
7	1.1938440742541447
8	1.2690312795595913
9	1.3526563943176082
10	1.4374498761535592
11	1.5204866539133708
12	1.5964525940232661
13	1.665031520590546
14	1.7239805573255944
15	1.7740003825573287
16	1.8166991828072612
17	1.851716151122791
18	1.8804491593675008
19	1.904092951590301
20	1.922989362680831
