-20	0.6153698379185731
-19	0.6165484165136531
-18	0.6181605306408506
-17	0.6188621075817716
-16	0.6181898725442614
-15	0.6191954938696387
-14	0.6174015601003354
-13	0.6159808960637558
-12	0.6174081553163548
-11	0.6177214971187516
-10	0.6182577469240123
-9	0.617126843960317
-8	0.618147181037362
-7	0.6182326978970845
-6	0.6175673697407802
-5	0.6193799140195141
-4	0.6164515530183176
-3	0.6199319500699345
-2	0.6133580063214193
-1	0.6172879335546616
0	0.6096726484142462
1	0.6032507925219577
2	0.5840099205831156
3	0.5603006168985718
4	0.5107734204875999
5	0.45231294385381643
6	0.37655140614216015
7	0.29776730644247135
8	0.22576270974172744
9	0.1611699162918876
10	0.1127665263320209
11	0.07733922139095992
12	0.051759219533847725
13	0.03417075531074173
14	0.02225420861036226
15	0.014385346238382408
16	0.00925554219275392
17	0.005965494719884564
18	0.0037959404641906254
19	0.0024166592925890986
20	0.0015530356275695184
