-20	0.0514526955006335
-19	0.051442165669689004
-18	0.05218415482905244
-17	0.0514536438830316
-16	0.05120973393221016
-15	0.052076647839298655
-14	0.050598998976090846
-13	0.051924751937006
-12	0.05189674498240059
-11	0.05177567374260258
-10	0.05201309911732225
-9	0.05187836553848842
-8	0.052122448966389415
-7	0.05111786463589757
-6	0.05121684989720167
-5	0.051773149812991574
-4	0.051958823723116804
-3	0.05151224236533094
-2	0.05121424392043861
-1	0.05092672294530147
0	0.051419287303774056
1	0.04994409906185169
2	0.048077799107181705
3	0.04460504407428133
4	0.03803304240749559
5	0.02628788557671278
6	0.012464781011116862
7	0.0036148318929730477
8	0.0010153235049947917
9	4.115671506832065e-4
10	1.8542144538143902e-4
11	9.854814659962809e-5
12	5.909096349251885e-5
13	3.774517426841391e-5
14	2.5673805390136987e-5
15	1.897864865360851e-5
16	1.3984207334064888e-5
17	1.0635873395179664e-5
18	8.175299359715802e-6
19	6.433567243462317e-6
20	5.180326117607277e-6
