-20	0.9621756882892211
-19	0.9599550843294473
-18	0.9576315481648248
-17	0.9570617254873156
-16	0.9527984699636174
-15	0.9479172305030621
-14	0.9416566803784981
-13	0.9347382075642426
-12	0.9249651483343158
-11	0.912329981473447
-10	0.8943407709940265
-9	0.8745325186067413
-8	0.8471942010103565
-7	0.8145719223122054
-6	0.7735396997416651
-5	0.7281667784147563
-4	0.6747465360830005
-3	0.6156649577516269
-2	0.5486527431912752
-1	0.4752561991726259
0	0.39837372023652984
1	0.3242082052645032
2	0.25235027234265645
3	0.18872037498909708
4	0.13419861317139464
5	0.09223336907563787
6	0.061069427783344295
7	0.03963343543363308
8	0.025296625267835177
9	0.01609156983321688
10	0.010190937022057433
11	0.006475888975790831
12	0.00409027019483351
13	0.0026062959831607913
14	0.0016588076613683917
15	0.001059999508651344
16	6.789405183924357e-4
17	4.3865786771398786e-4
18	2.8218164525436405e-4
19	1.8297280328616593e-4
20	1.1900950161978077e-4
