-20	0.5578477030108774
-19	0.49494807427388315
-18	0.42371778841068725
-17	0.34991178135646195
-16	0.2711152553819792
-15	0.18834251543690445
-14	0.1237410829206047
-13	0.06970142447509173
-12	0.03853308723630144
-11	0.022788669775664495
-10	0.013959219573957418
-9	0.008823588762678232
-8	0.005593843653536805
-7	0.003555716337233512
-6	0.002302724137853122
-5	0.0014896565378318808
-4	9.87553995854802e-4
-3	6.568684699278292e-4
-2	4.5053708319725094e-4
-1	3.028933645202628e-4
0	2.154601157193343e-4
1	1.498404821987282e-4
2	1.0754691702169543e-4
3	7.89166069588706e-5
4	5.789659771924679e-5
5	4.499953435403274e-5
6	3.441832358529264e-5
7	2.7095705598759817e-5
8	2.0598486348370402e-5
9	1.6761186594257048e-5
10	1.2881803026102573e-5
11	1.0250863761664255e-5
12	7.769212800492959e-6
13	6.2491754672476465e-6
14	4.949180912677856e-6
15	3.975086260687414e-6
16	3.14176162300968e-6
17	2.4051547858941797e-6
18	1.918762850112005e-6
19	1.5490969946905108e-6
20	1.2256348932474228e-6
