-20	0.9890589632249921
-19	0.9869724852496603
-18	0.9836374427816493
-17	0.9797546777630451
-16	0.9749895837556989
-15	0.9686282151877336
-14	0.9609433568935026
-13	0.951149978398683
-12	0.9389481736414955
-11	0.923782509674367
-10	0.9055268117885485
-9	0.8826301053456175
-8	0.8551113671051662
-7	0.8220695732614252
-6	0.7818263018179468
-5	0.7348460443812022
-4	0.6804199606351349
-3	0.6185920451318997
-2	0.550050280441917
-1	0.47628114667142957
0	0.3995935019436167
1	0.32357449853350895
2	0.2515944427365087
3	0.18755831589344765
4	0.13385227885092113
5	0.09173002897603107
6	0.06076615872837583
7	0.03927510330654307
8	0.025024212028453327
9	0.01583971598988934
10	0.009999399547419628
11	0.006308972601512599
12	0.003982291253760622
13	0.002511074110841641
14	0.0015848213502908535
15	9.993806483468083e-4
16	6.308159388824181e-4
17	3.982178477040624e-4
18	2.5112167582060085e-4
19	1.584881679223533e-4
20	1.000168975487138e-4
