-15	0.20731232151575726
-14	0.20540798285239367
-13	0.20537423107969907
-12	0.20068792210809228
-11	0.19513767502890653
-10	0.19365313199819126
-9	0.1863903459252157
-8	0.17807591760496985
-7	0.1620249859298035
-6	0.1434655799591495
-5	0.11055530281601161
-4	0.07581315720004533
-3	0.04128493218424676
-2	0.015517193721340425
-1	0.005824651471669177
0	0.0024929319228619447
1	0.0011484739091321594
2	5.562543711513725e-4
3	2.8979162805474516e-4
4	1.5887475803462556e-4
5	9.485094619807973e-5
6	5.546608067037708e-5
7	3.729695367559444e-5
8	2.6166739225204815e-5
9	1.8873242116744592e-5
10	1.4171961238131825e-5
11	1.0985975398502857e-5
12	7.935454059157123e-6
13	6.349249669455008e-6
14	5.190945738887459e-6
15	3.9899333908026034e-6
16	3.135863656426783e-6
17	2.4157412005766947e-6
18	1.9432972895232808e-6
19	1.5726004832269071e-6
20	1.231510865007001e-6
