-20	31.841541663348693
-19	25.362333704889558
-18	20.21626048007604
-17	16.13893976227594
-16	12.90495108621072
-15	10.340418547539485
-14	8.303162848065476
-13	6.688855419634102
-12	5.401895603677674
-11	4.382420188840729
-10	3.565332847472692
-9	2.9169912020149527
-8	2.3935395676946296
-7	1.9694152231403788
-6	1.6198521902262384
-5	1.335267833275515
-4	1.0978127920103644
-3	0.9007130852734389
-2	0.732646156635782
-1	0.587830105338724
0	0.4628599180519799
1	0.35837199084904264
2	0.26863228900909025
3	0.19547872996029886
4	0.13643617857034285
5	0.0926475410401154
6	0.060912877424037094
7	0.039344054392954846
8	0.025023837072473888
9	0.01587001653000902
10	0.010012869022794382
11	0.006327358852879732
12	0.003970498184261909
13	0.0025116985772238374
14	0.0015841898114865908
15	9.991990886061104e-4
16	6.302136664127639e-4
17	3.9937834712684933e-4
18	2.5117658850844655e-4
19	1.5873178245189533e-4
20	9.998312114212816e-5
