-20	0.9949888951929056
-19	0.9948745710490701
-18	0.994767672590746
-17	0.9947824763102728
-16	0.9951090357607207
-15	0.9949250061231549
-14	0.9952044333637304
-13	0.9951680809028086
-12	0.9949786403420576
-11	0.9952216308990348
-10	0.9954986898571758
-9	0.9957647459955209
-8	0.9961531356142588
-7	0.9967943327639448
-6	0.9973593367461886
-5	0.998678959873931
-4	0.9995132080998326
-3	1.0002778440675744
-2	1.0008682015939476
-1	1.0017458271384236
0	1.0035430908693774
1	1.0069445212874566
2	1.0138417410356921
3	1.0261809838848315
4	1.047190907469917
5	1.0803965601550494
6	1.1278068828990528
7	1.1906997510776272
8	1.2662576590559376
9	1.3500335738102225
10	1.4357884336469056
11	1.5185825533584174
12	1.5952549402596943
13	1.6636406474308352
14	1.7229988897304913
15	1.7736445487956098
16	1.8160365605865805
17	1.8512848429172344
18	1.8800426325571293
19	1.9036594114788243
20	1.922768207745811
