-20	0.20376022141235045
-19	0.20569645198341796
-18	0.2078725191505934
-17	0.20629063733035022
-16	0.20565701581052498
-15	0.20589349622554518
-14	0.2048158774274401
-13	0.20399349082602738
-12	0.20353775835071947
-11	0.20718808682056292
-10	0.20571674865318715
-9	0.20740753085815686
-8	0.20521047713512067
-7	0.19818047576944253
-6	0.19934411415937023
-5	0.19979406702965893
-4	0.19606853081167577
-3	0.18870547575186566
-2	0.18273975843801282
-1	0.1709934494568327
0	0.15732254102260937
1	0.13850444988367827
2	0.11177764696182203
3	0.08482869404552124
4	0.056577151770186046
5	0.0340415546715928
6	0.0191972668311663
7	0.010843699664182452
8	0.007034551353799776
9	0.004925666155781765
10	0.0036020131087050942
11	0.00270050488749343
12	0.0021161286179211254
13	0.001614861712640209
14	0.0012625350530751935
15	0.0010065407387253491
16	7.860384035550611e-4
17	6.183393162340624e-4
18	5.084679083577358e-4
19	4.002627460308032e-4
20	3.2314183943797084e-4
