-20	0.831738636018177
-19	0.8310313948118663
-18	0.8329573067744667
-17	0.8315594757909219
-16	0.8299326426131711
-15	0.829940185853824
-14	0.8302878021133782
-13	0.8276673807070499
-12	0.8251028328443237
-11	0.8228230534518878
-10	0.8155963339258601
-9	0.8058206686771573
-8	0.7911674084644055
-7	0.772878480759692
-6	0.7447417630005746
-5	0.708007142487873
-4	0.6619892079608549
-3	0.6013231827701131
-2	0.5412394010800247
-1	0.4697800276708974
0	0.39469380186079966
1	0.3200730469383836
2	0.2504067581144684
3	0.18720107121073237
4	0.13402912781228538
5	0.09152498572260667
6	0.060583294278622794
7	0.03942278936852595
8	0.025070255082957668
9	0.015810499846616116
10	0.010011172217785788
11	0.006301076055773417
12	0.00399432722605723
13	0.002505655074880002
14	0.0015797342303537595
15	0.0010055191880010957
16	6.323491815455289e-4
17	3.9770330619762326e-4
18	2.506460608286297e-4
19	1.5821177347419044e-4
20	1.0038696145570202e-4
