-20	0.5910629202718309
-19	0.5925520326394762
-18	0.5920658169683778
-17	0.5963219867458123
-16	0.5939655979980992
-15	0.5930949395660019
-14	0.5945157192335242
-13	0.5940550525963098
-12	0.5915992666097796
-11	0.591479829252213
-10	0.5932147291236615
-9	0.5934542984056638
-8	0.5952792153810413
-7	0.5946072060247507
-6	0.5907018277964442
-5	0.5893367571596265
-4	0.589531834232234
-3	0.5916702575557305
-2	0.5876475476266829
-1	0.5810986841102934
0	0.578374947397392
1	0.5649425011907412
2	0.5481970175476412
3	0.5225097946286094
4	0.4819139434110882
5	0.42688080730028816
6	0.3593664807932679
7	0.29114804998768157
8	0.22344184567804778
9	0.16226548713015815
10	0.113803756065351
11	0.07974799342830692
12	0.05324080091580779
13	0.0357449859380721
14	0.02377401737397113
15	0.015740651258647813
16	0.010457922433015266
17	0.006859860163950578
18	0.004490268303738322
19	0.003041819840842564
20	0.0019903212134220337
