-20	0.9726897313475518
-19	0.9723637581615688
-18	0.9726030651903247
-17	0.9726463011368481
-16	0.9725584384565386
-15	0.9725556456053224
-14	0.9723938579992005
-13	0.9724092234590657
-12	0.9727172498613113
-11	0.9722703251085947
-10	0.9724655235889981
-9	0.9723108073348323
-8	0.9723631230961961
-7	0.9717937473143784
-6	0.9713929552771906
-5	0.9698337617960017
-4	0.9658637242941344
-3	0.9579704175276614
-2	0.9443502687073396
-1	0.9209698210271786
0	0.8874694513169906
1	0.8410277121355262
2	0.7795264873753147
3	0.7032015758982422
4	0.6129369888036714
5	0.5140347465525339
6	0.4128739367867155
7	0.3175650480403645
8	0.2343159075527135
9	0.16696282493016942
10	0.1156028454646903
11	0.0783161917529243
12	0.05222151643954273
13	0.03436147551239808
14	0.022423709341502177
15	0.014505524399913755
16	0.009342239768206003
17	0.005994217894279176
18	0.0038320709951408806
19	0.0024396843237728303
20	0.001552809275677063
