-20	0.9894350882524748
-19	0.987261483819427
-18	0.9841699695924628
-17	0.9803792786633758
-16	0.9754822850806362
-15	0.9690389002760982
-14	0.9597868022611397
-13	0.9509219430021744
-12	0.9378488174735182
-11	0.923235978253052
-10	0.9049699553156398
-9	0.8822777391962261
-8	0.8548804485349246
-7	0.8210487172644427
-6	0.782167137439416
-5	0.7351165764858839
-4	0.6804414373941594
-3	0.6183639037936101
-2	0.5497250684963443
-1	0.4756551493421676
0	0.400053137649548
1	0.32340747726440977
2	0.25175844029853317
3	0.1875911772896994
4	0.13393492207136032
5	0.09176278640887839
6	0.06075815943356815
7	0.03925202936688187
8	0.024975705931641404
9	0.01583866164525085
10	0.010000966725580276
11	0.006313222231948441
12	0.0039829783517735815
13	0.002518646323919996
14	0.00158622903437858
15	9.99606293601822e-4
16	6.322212360440224e-4
17	3.994870080950365e-4
18	2.5202245593720506e-4
19	1.5917922907550907e-4
20	1.007236570193197e-4
