-20	0.8930270770306749
-19	0.8940430576937813
-18	0.8927652695144308
-17	0.8933971910774177
-16	0.8926282703481034
-15	0.8924131408103134
-14	0.8933217222321865
-13	0.8931778690789566
-12	0.8935073056564039
-11	0.8916687645202119
-10	0.8921115390916924
-9	0.8932993007506038
-8	0.8929083104917954
-7	0.8925081358245558
-6	0.8925986379704138
-5	0.8932036151878472
-4	0.8912465563373744
-3	0.8891057599468891
-2	0.8842411358503512
-1	0.8744139003771998
0	0.8555845815203267
1	0.8200795128044747
2	0.7658865022680416
3	0.6956648330591589
4	0.6076703474179755
5	0.5110456244336904
6	0.4108684731289494
7	0.3161558652095854
8	0.23392507584028843
9	0.16656703941664472
10	0.11566363079566967
11	0.07824709206803376
12	0.05227207744897895
13	0.03433349443556095
14	0.022409859655171248
15	0.014533071127558733
16	0.009339571698383684
17	0.005996918013263883
18	0.0038393418010450376
19	0.002432999927432158
20	0.0015560066101167483
